 0v   matxs *cepxsr-njoy     *     1
 1d        2     2     9     2  5000    25
 2d 
water-electron-library-P1-2Ne-2Ng                                       
 3d     b       g       bscat   bgamma  h       o       
     2     2     1     1     1     2     2     2     0     9
 4d          4.32675E+07 2.08008E+04 1.00000E+03
 4d          4.32675E+07 2.08008E+05 1.00000E+03
 5d h        9.99241E-01
 0.00000E+00 1.00000E+12     1     6     2     0
 0.00000E+00 1.00000E+12     2     0     1     6
 6d     bstc    bstr    bwt0    btot0   bheat   bchar   
     1     1     1     1     1     1     3     3     2     2     1     2
 7d          8.46342E+00 9.63457E+00 5.65959E+02 8.23511E-01 4.18726E-03
 3.59398E-03 4.30595E+07 2.07008E+05 1.40362E-01 1.14255E+03-2.66014E+00
-6.43687E+02-5.56087E-03
 8d     binch   
     2     0     1     1     1     1
 9d          0.00000E+00 0.00000E+00 6.43331E+02 2.65816E+01
 8d     belas   
     2     0     1     1     1     2
 9d          1.40362E-01 0.00000E+00 1.14255E+03 0.00000E+00
 8d     bbrem   
     2     0     1     2     1     2
 9d          2.72675E-09 2.71505E-09 1.86258E-06 4.73675E-09 6.26113E-07
 4.65873E-09
 5d o        1.58620E+01
 0.00000E+00 1.00000E+12     1     6     2     0
 0.00000E+00 1.00000E+12     2     0     1     6
 6d     bstc    bstr    bwt0    btot0   bheat   bchar   
     1     1     1     1     1     1     3     3     2     2     1     2
 7d          6.13392E+01 6.42136E+01 3.06367E+03 2.71756E+01 1.55083E-01
 1.56657E-01 4.30595E+07 2.07008E+05 8.11479E+00 5.70049E+04-2.68357E+01
-5.15807E+03-2.03866E-01
 8d     binch   
     2     0     1     1     1     1
 9d          0.00000E+00 0.00000E+00 5.14665E+03 2.12653E+02
 8d     belas   
     2     0     1     1     1     2
 9d          8.11479E+00 0.00000E+00 5.70049E+04 0.00000E+00
 8d     bbrem   
     2     0     1     2     1     2
 9d          8.77057E-08 8.73145E-08 6.82836E-05 1.48682E-07 2.25131E-05
 1.46106E-07
