->       1      12       3       3                                <-            
SIGNATURE                                                                       
         4         4         4
L_MACROLIB  
->       1      12       2      58                                <-            
VOLUME                                                                          
  2.60000000E+04  1.04000000E+05  1.04000000E+05  1.04000000E+05  1.04000000E+05
  1.04000000E+05  1.04000000E+05  1.04000000E+05  1.04000000E+05  2.08000000E+05
  2.08000000E+05  2.08000000E+05  2.08000000E+05  2.08000000E+05  2.08000000E+05
  1.04000000E+05  2.08000000E+05  2.08000000E+05  2.08000000E+05  2.08000000E+05
  2.08000000E+05  1.04000000E+05  2.08000000E+05  2.08000000E+05  2.08000000E+05
  1.04000000E+05  2.08000000E+05  2.08000000E+05  1.04000000E+05  8.00000000E+03
  3.20000000E+04  3.20000000E+04  3.20000000E+04  3.20000000E+04  3.20000000E+04
  3.20000000E+04  3.20000000E+04  3.20000000E+04  6.40000000E+04  6.40000000E+04
  6.40000000E+04  6.40000000E+04  6.40000000E+04  6.40000000E+04  3.20000000E+04
  6.40000000E+04  6.40000000E+04  6.40000000E+04  6.40000000E+04  6.40000000E+04
  3.20000000E+04  6.40000000E+04  6.40000000E+04  6.40000000E+04  3.20000000E+04
  6.40000000E+04  6.40000000E+04  3.20000000E+04
->       1      12      10       2                                 <-   
GROUP                                                                           
->       2       0       0      -1                                 <-   00000001
->       3      12       2      58                                 <-           
FLUX-INTG                                                                       
  1.45986420E+06  7.53468340E+06  8.26013140E+06  6.99136400E+06  4.83521400E+06
  5.49351900E+06  5.41978900E+06  3.75394300E+06  8.14963000E+06  1.67965300E+07
  1.50050000E+07  1.24562600E+07  1.20043400E+07  1.09954700E+07  7.33167300E+06
  8.32998700E+06  1.53380200E+07  1.35545040E+07  1.23581200E+07  1.07133110E+07
  6.15017000E+06  6.83165540E+06  1.12717100E+07  1.04589810E+07  8.31828400E+06
  3.73288920E+06  7.63307200E+06  5.31846900E+06  2.58000840E+06  1.56591920E+05
  7.97516310E+05  8.69951900E+05  7.71551000E+05  5.87814310E+05  7.29710500E+05
  7.48402700E+05  5.27587200E+05  8.25301930E+05  1.60606600E+06  1.58950000E+06
  1.50508000E+06  1.58567500E+06  1.51497830E+06  1.02887030E+06  6.40407400E+05
  1.53048900E+06  1.63142300E+06  1.62719200E+06  1.47115330E+06  8.60001240E+05
  7.48257300E+05  1.38460300E+06  1.38585600E+06  1.14045600E+06  4.79857000E+05
  1.02755800E+06  7.30610200E+05  3.52331600E+05
->       3      12       2      58                                 <-           
NTOT0                                                                           
  3.00000000E-02  3.00000010E-02  3.00000010E-02  3.00000010E-02  3.00000010E-02
  3.00000010E-02  3.00000000E-02  3.00000000E-02  3.00000010E-02  3.00000000E-02
  3.00000010E-02  3.00000000E-02  3.00000010E-02  3.00000010E-02  3.00000010E-02
  3.00000000E-02  3.00000000E-02  3.00000010E-02  3.00000010E-02  3.00000010E-02
  3.00000000E-02  3.00000010E-02  3.00000000E-02  3.00000010E-02  3.00000000E-02
  3.00000010E-02  3.00000000E-02  3.00000000E-02  3.00000010E-02  3.00000000E-02
  3.00000010E-02  3.00000010E-02  3.00000000E-02  3.00000010E-02  3.00000000E-02
  3.00000000E-02  3.00000000E-02  3.00000000E-02  3.00000000E-02  3.00000000E-02
  3.00000000E-02  3.00000000E-02  3.00000000E-02  3.00000000E-02  3.00000030E-02
  3.00000010E-02  3.00000010E-02  3.00000010E-02  3.00000000E-02  3.00000000E-02
  3.00000000E-02  3.00000000E-02  3.00000000E-02  3.00000000E-02  3.00000000E-02
  3.00000000E-02  3.00000010E-02  3.00000010E-02
->       3      12       2      58                                 <-           
SIGS00                                                                          
   .00000000E+00   .00000000E+00   .00000000E+00   .00000000E+00   .00000000E+00
   .00000000E+00   .00000000E+00   .00000000E+00   .00000000E+00   .00000000E+00
   .00000000E+00   .00000000E+00   .00000000E+00   .00000000E+00   .00000000E+00
   .00000000E+00   .00000000E+00   .00000000E+00   .00000000E+00   .00000000E+00
   .00000000E+00   .00000000E+00   .00000000E+00   .00000000E+00   .00000000E+00
   .00000000E+00   .00000000E+00   .00000000E+00   .00000000E+00   .00000000E+00
   .00000000E+00   .00000000E+00   .00000000E+00   .00000000E+00   .00000000E+00
   .00000000E+00   .00000000E+00   .00000000E+00   .00000000E+00   .00000000E+00
   .00000000E+00   .00000000E+00   .00000000E+00   .00000000E+00   .00000000E+00
   .00000000E+00   .00000000E+00   .00000000E+00   .00000000E+00   .00000000E+00
   .00000000E+00   .00000000E+00   .00000000E+00   .00000000E+00   .00000000E+00
   .00000000E+00   .00000000E+00   .00000000E+00
->       3      12       2      58                                 <-           
SIGW00                                                                          
   .00000000E+00   .00000000E+00   .00000000E+00   .00000000E+00   .00000000E+00
   .00000000E+00   .00000000E+00   .00000000E+00   .00000000E+00   .00000000E+00
   .00000000E+00   .00000000E+00   .00000000E+00   .00000000E+00   .00000000E+00
   .00000000E+00   .00000000E+00   .00000000E+00   .00000000E+00   .00000000E+00
   .00000000E+00   .00000000E+00   .00000000E+00   .00000000E+00   .00000000E+00
   .00000000E+00   .00000000E+00   .00000000E+00   .00000000E+00   .00000000E+00
   .00000000E+00   .00000000E+00   .00000000E+00   .00000000E+00   .00000000E+00
   .00000000E+00   .00000000E+00   .00000000E+00   .00000000E+00   .00000000E+00
   .00000000E+00   .00000000E+00   .00000000E+00   .00000000E+00   .00000000E+00
   .00000000E+00   .00000000E+00   .00000000E+00   .00000000E+00   .00000000E+00
   .00000000E+00   .00000000E+00   .00000000E+00   .00000000E+00   .00000000E+00
   .00000000E+00   .00000000E+00   .00000000E+00
->       3      12       2      58                                 <-           
NUSIGF                                                                          
   .00000000E+00   .00000000E+00   .00000000E+00   .00000000E+00   .00000000E+00
   .00000000E+00   .00000000E+00   .00000000E+00   .00000000E+00   .00000000E+00
   .00000000E+00   .00000000E+00   .00000000E+00   .00000000E+00   .00000000E+00
   .00000000E+00   .00000000E+00   .00000000E+00   .00000000E+00   .00000000E+00
   .00000000E+00   .00000000E+00   .00000000E+00   .00000000E+00   .00000000E+00
   .00000000E+00   .00000000E+00   .00000000E+00   .00000000E+00   .00000000E+00
   .00000000E+00   .00000000E+00   .00000000E+00   .00000000E+00   .00000000E+00
   .00000000E+00   .00000000E+00   .00000000E+00   .00000000E+00   .00000000E+00
   .00000000E+00   .00000000E+00   .00000000E+00   .00000000E+00   .00000000E+00
   .00000000E+00   .00000000E+00   .00000000E+00   .00000000E+00   .00000000E+00
   .00000000E+00   .00000000E+00   .00000000E+00   .00000000E+00   .00000000E+00
   .00000000E+00   .00000000E+00   .00000000E+00
->       3      12       2      58                                 <-           
H-FACTOR                                                                        
   .00000000E+00   .00000000E+00   .00000000E+00   .00000000E+00   .00000000E+00
   .00000000E+00   .00000000E+00   .00000000E+00   .00000000E+00   .00000000E+00
   .00000000E+00   .00000000E+00   .00000000E+00   .00000000E+00   .00000000E+00
   .00000000E+00   .00000000E+00   .00000000E+00   .00000000E+00   .00000000E+00
   .00000000E+00   .00000000E+00   .00000000E+00   .00000000E+00   .00000000E+00
   .00000000E+00   .00000000E+00   .00000000E+00   .00000000E+00   .00000000E+00
   .00000000E+00   .00000000E+00   .00000000E+00   .00000000E+00   .00000000E+00
   .00000000E+00   .00000000E+00   .00000000E+00   .00000000E+00   .00000000E+00
   .00000000E+00   .00000000E+00   .00000000E+00   .00000000E+00   .00000000E+00
   .00000000E+00   .00000000E+00   .00000000E+00   .00000000E+00   .00000000E+00
   .00000000E+00   .00000000E+00   .00000000E+00   .00000000E+00   .00000000E+00
   .00000000E+00   .00000000E+00   .00000000E+00
->      -3       0       0       0                                 <-           
->       2       0       0      -1                                 <-   00000002
->       3      12       2      58                                 <-           
FLUX-INTG                                                                       
  2.48916710E+05  1.74880040E+06  1.94299830E+06  1.62390530E+06  8.24418100E+05
  1.27382500E+06  1.27805920E+06  1.03477000E+06  1.91509400E+06  3.95076520E+06
  3.52621140E+06  2.89100800E+06  2.82124900E+06  2.59925000E+06  2.01662100E+06
  1.95817410E+06  3.60767300E+06  3.18834520E+06  2.91428800E+06  2.66571000E+06
  1.89579310E+06  1.60555700E+06  2.61899020E+06  2.46941200E+06  2.31290900E+06
  6.39606300E+05  1.87064200E+06  1.63235600E+06  7.99038620E+05  2.67949500E+04
  1.86310600E+05  2.06099620E+05  1.80321840E+05  1.00612500E+05  1.70574400E+05
  1.77923540E+05  1.46600320E+05  1.95063340E+05  3.75230800E+05  3.75763120E+05
  3.51807100E+05  3.75620400E+05  3.61038620E+05  2.85280620E+05  1.10284100E+05
  3.57530200E+05  3.86701000E+05  3.86807400E+05  3.68970430E+05  2.66997100E+05
  1.76922210E+05  3.23964400E+05  3.29802000E+05  3.19826600E+05  8.25601200E+04
  2.53761710E+05  2.26000710E+05  1.09994000E+05
->       3      12       2      58                                 <-           
NTOT0                                                                           
  1.75946100E-01  1.29254600E-01  1.27536900E-01  1.29158330E-01  1.75950100E-01
  1.29378500E-01  1.27219200E-01  1.08834130E-01  1.27664200E-01  1.27543900E-01
  1.27658230E-01  1.29258610E-01  1.27649210E-01  1.26907400E-01  1.09068710E-01
  1.27618700E-01  1.27545000E-01  1.27538000E-01  1.27215830E-01  1.20568020E-01
  9.73234320E-02  1.27650200E-01  1.29115100E-01  1.27062410E-01  1.07893800E-01
  1.75086900E-01  1.22413700E-01  9.77446700E-02  9.68667300E-02  1.75322500E-01
  1.28417230E-01  1.26630800E-01  1.28362310E-01  1.75270810E-01  1.28338810E-01
  1.26189500E-01  1.07964400E-01  1.26928300E-01  1.28406240E-01  1.26901740E-01
  1.28344200E-01  1.26644500E-01  1.25885000E-01  1.08195600E-01  1.74206700E-01
  1.28421800E-01  1.26564700E-01  1.26201710E-01  1.19615540E-01  9.66304010E-02
  1.26879020E-01  1.28218100E-01  1.26062520E-01  1.06975700E-01  1.74366400E-01
  1.21479030E-01  9.69833500E-02  9.60957000E-02
->       3      12       2      58                                 <-           
SIGS00                                                                          
   .00000000E+00   .00000000E+00   .00000000E+00   .00000000E+00   .00000000E+00
   .00000000E+00   .00000000E+00   .00000000E+00   .00000000E+00   .00000000E+00
   .00000000E+00   .00000000E+00   .00000000E+00   .00000000E+00   .00000000E+00
   .00000000E+00   .00000000E+00   .00000000E+00   .00000000E+00   .00000000E+00
   .00000000E+00   .00000000E+00   .00000000E+00   .00000000E+00   .00000000E+00
   .00000000E+00   .00000000E+00   .00000000E+00   .00000000E+00   .00000000E+00
   .00000000E+00   .00000000E+00   .00000000E+00   .00000000E+00   .00000000E+00
   .00000000E+00   .00000000E+00   .00000000E+00   .00000000E+00   .00000000E+00
   .00000000E+00   .00000000E+00   .00000000E+00   .00000000E+00   .00000000E+00
   .00000000E+00   .00000000E+00   .00000000E+00   .00000000E+00   .00000000E+00
   .00000000E+00   .00000000E+00   .00000000E+00   .00000000E+00   .00000000E+00
   .00000000E+00   .00000000E+00   .00000000E+00
->       3      12       2      58                                 <-           
SIGW00                                                                          
   .00000000E+00   .00000000E+00   .00000000E+00   .00000000E+00   .00000000E+00
   .00000000E+00   .00000000E+00   .00000000E+00   .00000000E+00   .00000000E+00
   .00000000E+00   .00000000E+00   .00000000E+00   .00000000E+00   .00000000E+00
   .00000000E+00   .00000000E+00   .00000000E+00   .00000000E+00   .00000000E+00
   .00000000E+00   .00000000E+00   .00000000E+00   .00000000E+00   .00000000E+00
   .00000000E+00   .00000000E+00   .00000000E+00   .00000000E+00   .00000000E+00
   .00000000E+00   .00000000E+00   .00000000E+00   .00000000E+00   .00000000E+00
   .00000000E+00   .00000000E+00   .00000000E+00   .00000000E+00   .00000000E+00
   .00000000E+00   .00000000E+00   .00000000E+00   .00000000E+00   .00000000E+00
   .00000000E+00   .00000000E+00   .00000000E+00   .00000000E+00   .00000000E+00
   .00000000E+00   .00000000E+00   .00000000E+00   .00000000E+00   .00000000E+00
   .00000000E+00   .00000000E+00   .00000000E+00
->       3      12       2      58                                 <-           
NUSIGF                                                                          
  1.35000000E-01  1.35000000E-01  1.35000000E-01  1.35000000E-01  1.35000000E-01
  1.35000000E-01  1.35000000E-01  1.35000000E-01  1.35000000E-01  1.35000000E-01
  1.35000000E-01  1.35000000E-01  1.35000000E-01  1.35000000E-01  1.35000000E-01
  1.35000000E-01  1.35000000E-01  1.35000000E-01  1.35000000E-01  1.35000000E-01
  1.35000000E-01  1.35000000E-01  1.35000000E-01  1.35000000E-01  1.35000000E-01
  1.35000000E-01  1.35000000E-01  1.35000000E-01  1.35000000E-01  1.35000000E-01
  1.35000000E-01  1.35000000E-01  1.35000000E-01  1.35000000E-01  1.35000000E-01
  1.35000000E-01  1.35000000E-01  1.35000000E-01  1.35000000E-01  1.35000000E-01
  1.35000000E-01  1.35000000E-01  1.35000000E-01  1.35000000E-01  1.35000000E-01
  1.35000000E-01  1.35000000E-01  1.35000000E-01  1.35000000E-01  1.35000000E-01
  1.35000000E-01  1.35000000E-01  1.35000000E-01  1.35000000E-01  1.35000000E-01
  1.35000000E-01  1.35000000E-01  1.35000000E-01
->       3      12       2      58                                 <-           
H-FACTOR                                                                        
  1.35000000E-01  1.35000000E-01  1.35000000E-01  1.35000000E-01  1.35000000E-01
  1.35000000E-01  1.35000000E-01  1.35000000E-01  1.35000000E-01  1.35000000E-01
  1.35000000E-01  1.35000000E-01  1.35000000E-01  1.35000000E-01  1.35000000E-01
  1.35000000E-01  1.35000000E-01  1.35000000E-01  1.35000000E-01  1.35000000E-01
  1.35000000E-01  1.35000000E-01  1.35000000E-01  1.35000000E-01  1.35000000E-01
  1.35000000E-01  1.35000000E-01  1.35000000E-01  1.35000000E-01  1.35000000E-01
  1.35000000E-01  1.35000000E-01  1.35000000E-01  1.35000000E-01  1.35000000E-01
  1.35000000E-01  1.35000000E-01  1.35000000E-01  1.35000000E-01  1.35000000E-01
  1.35000000E-01  1.35000000E-01  1.35000000E-01  1.35000000E-01  1.35000000E-01
  1.35000000E-01  1.35000000E-01  1.35000000E-01  1.35000000E-01  1.35000000E-01
  1.35000000E-01  1.35000000E-01  1.35000000E-01  1.35000000E-01  1.35000000E-01
  1.35000000E-01  1.35000000E-01  1.35000000E-01
->      -3       0       0       0                                 <-           
->       1      12       1       7                                 <-           
STATE-VECTOR                                                                    
         2        58         1         1         0         0         0
->      -1       0       0       0                                 <-           
