->       1      12       1       4                                 <-   
MIX                                                                             
        -1        -2        -3        -4
->       1      12       0      -1                                 <-   
FC1B                                                                            
->       2      12       2       5                                 <-   
MESHY                                                                           
 -1.42875004E+01 -7.28750038E+00  0.00000000E+00  7.28750038E+00  1.42875004E+01
->       2      12       2       2                                 <-   
MESHZ                                                                           
 -2.47649994E+01 -7.00000000E+00
->       2      12       2       3                                 <-   
OFFCENTER                                                                       
  3.50000000E+00  0.00000000E+00  0.00000000E+00
->       2      12       2       6                                 <-   
RADIUS                                                                          
  0.00000000E+00  7.22163022E-01  2.16032505E+00  3.60068202E+00  5.16887522E+00
  6.58748198E+00
->       2      12       1      72                                 <-   
MIX                                                                             
         1         2         3         4         5        11         1         2
         3         4         5        11         1         2         3         4
         5        11         1         2         3         4         5        11
         1         2         3         4         5        11         1         2
         3         4         5        11         1         2         3         4
         5        11         1         2         3         4         5        11
         1         2         3         4         5        11         1         2
         3         4         5        11         1         2         3         4
         5        11         1         2         3         4         5        11
->       2      12       3       3                                 <-   
SIGNATURE                                                                       
         4         4         4
L_GEOM      
->       2      12       1      40                                 <-   
STATE-VECTOR                                                                    
        23         5         3         4         1        72        11         0
         0         0         0         0         0         0         0         0
         0         0         0         0         0         0         0         0
         0         0         0         0         0         0         0         0
         0         0         0         0         0         0         0         0
->       2      12       1       6                                 <-   
NCODE                                                                           
         0         0         0         0         0         0
->       2      12       2       6                                 <-   
ZCODE                                                                           
  0.00000000E+00  0.00000000E+00  0.00000000E+00  0.00000000E+00  0.00000000E+00
  0.00000000E+00
->       2      12       1       6                                 <-   
ICODE                                                                           
         0         0         0         0         0         0
->       2      12       2       4                                 <-   
MESHX                                                                           
 -2.85750008E+01 -2.15750008E+01 -1.42875004E+01 -7.00000000E+00
->      -2       0       0       0                                 <-   
->       1      12       0      -1                                 <-   
MD1B                                                                            
->       2      12       2       5                                 <-   
MESHY                                                                           
 -1.42875004E+01 -7.28750038E+00  0.00000000E+00  7.28750038E+00  1.42875004E+01
->       2      12       2       2                                 <-   
MESHZ                                                                           
 -2.47649994E+01 -7.00000000E+00
->       2      12       1       8                                 <-   
MIX                                                                             
        11        11        11        11        11        11        11        11
->       2      12       3       3                                 <-   
SIGNATURE                                                                       
         4         4         4
L_GEOM      
->       2      12       1      40                                 <-   
STATE-VECTOR                                                                    
         7         0         2         4         1         8        11         0
         0         0         0         0         0         0         0         0
         0         0         0         0         0         0         0         0
         0         0         0         0         0         0         0         0
         0         0         0         0         0         0         0         0
->       2      12       1       6                                 <-   
NCODE                                                                           
         0         0         0         0         0         0
->       2      12       2       6                                 <-   
ZCODE                                                                           
  0.00000000E+00  0.00000000E+00  0.00000000E+00  0.00000000E+00  0.00000000E+00
  0.00000000E+00
->       2      12       1       6                                 <-   
ICODE                                                                           
         0         0         0         0         0         0
->       2      12       2       3                                 <-   
MESHX                                                                           
 -7.00000000E+00  0.00000000E+00  7.00000000E+00
->      -2       0       0       0                                 <-   
->       1      12       0      -1                                 <-   
FC1T                                                                            
->       2      12       2       5                                 <-   
MESHY                                                                           
 -1.42875004E+01 -7.28750038E+00  0.00000000E+00  7.28750038E+00  1.42875004E+01
->       2      12       2       3                                 <-   
MESHZ                                                                           
 -7.00000000E+00  0.00000000E+00  7.00000000E+00
->       2      12       2       3                                 <-   
OFFCENTER                                                                       
  3.50000000E+00  0.00000000E+00  0.00000000E+00
->       2      12       2       6                                 <-   
RADIUS                                                                          
  0.00000000E+00  7.22163022E-01  2.16032505E+00  3.60068202E+00  5.16887522E+00
  6.58748198E+00
->       2      12       1     144                                 <-   
MIX                                                                             
         1         2         3         4         5        11         1         2
         3         4         5        11         1         2         3         4
         5        11         1         2         3         4         5        11
         1         2         3         4         5        11         1         2
         3         4         5        11         1         2         3         4
         5        11         1         2         3         4         5        11
         1         2         3         4         5        11         1         2
         3         4         5        11         1         2         3         4
         5        11         1         2         3         4         5        11
         1         2         3         4         5        11         1         2
         3         4         5        11         1         2         3         4
         5        11         1         2         3         4         5        11
         1         2         3         4         5        11         1         2
         3         4         5        11         1         2         3         4
         5        11         1         2         3         4         5        11
         1         2         3         4         5        11         1         2
         3         4         5        11         1         2         3         4
         5        11         1         2         3         4         5        11
->       2      12       3       3                                 <-   
SIGNATURE                                                                       
         4         4         4
L_GEOM      
->       2      12       1      40                                 <-   
STATE-VECTOR                                                                    
        23         5         3         4         2       144        11         0
         0         0         0         0         0         0         0         0
         0         0         0         0         0         0         0         0
         0         0         0         0         0         0         0         0
         0         0         0         0         0         0         0         0
->       2      12       1       6                                 <-   
NCODE                                                                           
         0         0         0         0         0         0
->       2      12       2       6                                 <-   
ZCODE                                                                           
  0.00000000E+00  0.00000000E+00  0.00000000E+00  0.00000000E+00  0.00000000E+00
  0.00000000E+00
->       2      12       1       6                                 <-   
ICODE                                                                           
         0         0         0         0         0         0
->       2      12       2       4                                 <-   
MESHX                                                                           
 -2.85750008E+01 -2.15750008E+01 -1.42875004E+01 -7.00000000E+00
->      -2       0       0       0                                 <-   
->       1      12       0      -1                                 <-   
AD1T                                                                            
->       2      12       2       5                                 <-   
MESHY                                                                           
 -1.42875004E+01 -7.28750038E+00  0.00000000E+00  7.28750038E+00  1.42875004E+01
->       2      12       2       3                                 <-   
MESHZ                                                                           
 -7.00000000E+00  0.00000000E+00  7.00000000E+00
->       2      12       2       7                                 <-   
RADIUS                                                                          
  0.00000000E+00  5.77000022E-01  3.67805004E+00  3.80999994E+00  4.44500017E+00
  4.75199986E+00  6.37763977E+00
->       2      12       1     112                                 <-   
MIX                                                                             
        12        13        14        15        16        17        11        12
        13        14        15        16        17        11        12        13
        14        15        16        17        11        12        13        14
        15        16        17        11        12        13        14        15
        16        17        11        12        13        14        15        16
        17        11        12        13        14        15        16        17
        11        12        13        14        15        16        17        11
        12        13        14        15        16        17        11        12
        13        14        15        16        17        11        12        13
        14        15        16        17        11        12        13        14
        15        16        17        11        12        13        14        15
        16        17        11        12        13        14        15        16
        17        11        12        13        14        15        16        17
        11        12        13        14        15        16        17        11
->       2      12       3       3                                 <-   
SIGNATURE                                                                       
         4         4         4
L_GEOM      
->       2      12       1      40                                 <-   
STATE-VECTOR                                                                    
        22         6         2         4         2       112        17         0
         0         0         0         0         0         0         0         0
         0         0         0         0         0         0         0         0
         0         0         0         0         0         0         0         0
         0         0         0         0         0         0         0         0
->       2      12       1       6                                 <-   
NCODE                                                                           
         0         0         0         0         0         0
->       2      12       2       6                                 <-   
ZCODE                                                                           
  0.00000000E+00  0.00000000E+00  0.00000000E+00  0.00000000E+00  0.00000000E+00
  0.00000000E+00
->       2      12       1       6                                 <-   
ICODE                                                                           
         0         0         0         0         0         0
->       2      12       2       3                                 <-   
MESHX                                                                           
 -7.00000000E+00  0.00000000E+00  7.00000000E+00
->      -2       0       0       0                                 <-   
->       1      12       3       3                                 <-   
SIGNATURE                                                                       
         4         4         4
L_GEOM      
->       1      12       1      40                                 <-   
STATE-VECTOR                                                                    
         7         0         2         1         2         4        17         1
         4         0         0         0         0         0         0         0
         0         0         0         0         0         0         0         0
         0         0         0         0         0         0         0         0
         0         0         0         0         0         0         0         0
->       1      12       1       6                                 <-   
NCODE                                                                           
         2         5         2         5         2         5
->       1      12       2       6                                 <-   
ZCODE                                                                           
  1.00000000E+00  0.00000000E+00  1.00000000E+00  0.00000000E+00  1.00000000E+00
  0.00000000E+00
->       1      12       1       6                                 <-   
ICODE                                                                           
         0         0         0         0         0         0
->       1      12       3      12                                 <-   
CELL                                                                            
         4         4         4         4         4         4         4         4
         4         4         4         4
FC1B        MD1B        FC1T        AD1T        
->      -1       0       0       0                                 <-   
