     1  'SIGNATURE   '       3      12
L_COMPO     
     1  'MOD18      1'       0      -1
     2  'BURN       1'       0      -1
     3  'MACR        '       0      -1
     4  'TOTAL       '       2       2
  3.35747987E-01  4.63186353E-01
     4  'TRANC       '       2       2
  6.93214834E-02  5.84588908E-02
     4  'NG          '       2       2
  4.88186706E-05  7.43048440E-05
     4  'N2N         '       2       2
  4.15580580E-05  0.00000000E+00
     4  'STRD        '       2       2
  2.34800041E-01  3.78448486E-01
     4  'SIGS 0      '       2       2
  3.35740745E-01  4.63112056E-01
     4  'NJJ  0      '       1       2
         2         2
     4  'IJJ  0      '       1       2
         2         2
     4  'SCAT 0      '       2       4
  9.46457658E-05  3.25811118E-01  4.63017404E-01  9.92962532E-03
     4  'SIGS 1      '       2       2
  6.81119263E-02  6.05507717E-02
     4  'NJJ  1      '       1       2
         2         2
     4  'IJJ  1      '       1       2
         2         2
     4  'SCAT 1      '       2       4
  5.18057022E-05  6.87575415E-02  6.04989678E-02 -6.45617256E-04
     4  'XS-SAVED    '       1      22
         1         1         0         0         0         0         1         0
         1         0         0         0         0         0         0         0
         1         0         0         0         1         1
     3  'OVERV       '       2       2
  1.11473852E-07  3.50822347E-06
     3  'FLUX-INTG   '       2       2
  4.98362961E+01  6.62507935E+01
     3  'FLUXDISAFACT'       2       2
  1.29153967E+00  4.78285193E-01
     3  'DISFACX     '       2       4
  9.94695723E-01  9.94676888E-01  1.03536463E+00  1.03536284E+00
     3  'DISFACY     '       2       4
  9.94765460E-01  9.94678378E-01  1.03531957E+00  1.03538823E+00
     3  'DISFACZ     '       2       4
  1.00000000E+00  1.00000000E+00  1.00000000E+00  1.00000000E+00
     3  'ISOTOPESDENS'       2       1
  1.00000000E+00
     3  'ISOTOPES-EFJ'       2       1
  0.00000000E+00
     2  'TITLE       '       3      72
C2D1FluxPresentTISO                                                     
     2  'VOLUME      '       2       1
  3.74938049E+02
     2  'ENERGY      '       2       3
  1.00000000E+07  6.25000000E-01  1.99999995E-04
     2  'BURNUP      '       2       1
  0.00000000E+00
     2  'N/KB        '       2       1
  0.00000000E+00
     2  'ISOTOPESNAME'       3      12
MACR        
     2  'JTAB        '       1       1
         0
     2  'PARAM       '       1       4
         2         1         2         1
     1  'STATE-VECTOR'       1      40
         1         2         1         2         1         4         1         0
         0         0         0         0         0         0         0         0
         0         0         0         0         0         0         0         0
         0         0         0         0         0         0         0         0
         0         0         0         0         0         0         0         0
