     1  'SIGNATURE   '       3      12
L_COMPO     
     1  'SORIN      1'       0      -1
     2  'BURN       1'       0      -1
     3  'MACR        '       0      -1
     4  'TOTAL       '       2       2
  3.23790014E-01  4.58983958E-01
     4  'TRANC       '       2       2
  7.74634704E-02  6.55121580E-02
     4  'NUSIGF      '       2       2
  1.09327317E-03  1.06148841E-02
     4  'NFTOT       '       2       2
  4.09488362E-04  4.04542685E-03
     4  'CHI         '       2       2
  1.00000000E+00  0.00000000E+00
     4  'NG          '       2       2
  4.19893442E-03  8.73600505E-03
     4  'N2N         '       2       2
  3.31985102E-05  0.00000000E+00
     4  'STRD        '       2       2
  2.24148795E-01  3.78646046E-01
     4  'SIGS 0      '       2       2
  3.19214791E-01  4.46202517E-01
     4  'NJJ  0      '       1       2
         2         2
     4  'IJJ  0      '       1       2
         2         2
     4  'SCAT 0      '       2       4
  1.91104511E-04  3.10298711E-01  4.46011424E-01  8.91609304E-03
     4  'SIGS 1      '       2       2
  7.68649951E-02  6.80579990E-02
     4  'NJJ  1      '       1       2
         2         2
     4  'IJJ  1      '       1       2
         2         2
     4  'SCAT 1      '       2       4
  8.33750164E-05  7.65597597E-02  6.79746270E-02  3.05237889E-04
     4  'XS-SAVED    '       1      22
         1         1         1         1         1         0         1         0
         1         0         0         0         0         0         0         0
         1         0         0         0         1         1
     3  'OVERV       '       2       2
  1.00976436E-07  3.31522347E-06
     3  'FLUX-INTG   '       2       2
  1.02097237E+02  8.36919022E+01
     3  'FLUXDISAFACT'       2       2
  1.20520198E+00  6.18996978E-01
     3  'DISFACX     '       2       4
  9.22670603E-01  9.22587991E-01  1.12125921E+00  1.12097561E+00
     3  'DISFACY     '       2       4
  9.10613239E-01  9.10611928E-01  1.10135067E+00  1.10134923E+00
     3  'DISFACZ     '       2       4
  1.01042271E+00  1.01044285E+00  1.11887622E+00  1.11890376E+00
     3  'ISOTOPESDENS'       2       1
  1.00000000E+00
     3  'ISOTOPES-EFJ'       2       1
  0.00000000E+00
     2  'TITLE       '       3      72
TISORDevice                                                             
     2  'VOLUME      '       2       1
  5.70585586E+04
     2  'ENERGY      '       2       3
  1.00000000E+07  6.25000000E-01  1.99999995E-04
     2  'BURNUP      '       2       1
  0.00000000E+00
     2  'N/KB        '       2       1
  0.00000000E+00
     2  'ISOTOPESNAME'       3      12
MACR        
     2  'JTAB        '       1       1
         0
     2  'PARAM       '       1       4
         2         1         2         1
     1  'STATE-VECTOR'       1      40
         1         2         1         2         1         4         1         0
         0         0         0         0         0         0         0         0
         0         0         0         0         0         0         0         0
         0         0         0         0         0         0         0         0
         0         0         0         0         0         0         0         0
