     1  'SIGNATURE   '       3      12
L_COMPO     
     1  'SOROT      1'       0      -1
     2  'BURN       1'       0      -1
     3  'MACR        '       0      -1
     4  'TOTAL       '       2       2
  3.20544988E-01  4.54788268E-01
     4  'TRANC       '       2       2
  7.71177933E-02  6.39920086E-02
     4  'NUSIGF      '       2       2
  1.09528517E-03  9.84114222E-03
     4  'NFTOT       '       2       2
  4.09715896E-04  3.75415292E-03
     4  'CHI         '       2       2
  1.00000000E+00  0.00000000E+00
     4  'NG          '       2       2
  2.52722274E-03  4.98945033E-03
     4  'N2N         '       2       2
  3.34948054E-05  0.00000000E+00
     4  'STRD        '       2       2
  2.24118903E-01  3.77702355E-01
     4  'SIGS 0      '       2       2
  3.17641556E-01  4.46044654E-01
     4  'NJJ  0      '       1       2
         2         2
     4  'IJJ  0      '       1       2
         2         2
     4  'SCAT 0      '       2       4
  1.51703120E-04  3.08685005E-01  4.45892960E-01  8.95655900E-03
     4  'SIGS 1      '       2       2
  7.67800584E-02  6.64804280E-02
     4  'NJJ  1      '       1       2
         2         2
     4  'IJJ  1      '       1       2
         2         2
     4  'SCAT 1      '       2       4
  6.68497378E-05  7.65043721E-02  6.64135814E-02  2.75685161E-04
     4  'XS-SAVED    '       1      22
         1         1         1         1         1         0         1         0
         1         0         0         0         0         0         0         0
         1         0         0         0         1         1
     3  'OVERV       '       2       2
  1.01064913E-07  3.39095936E-06
     3  'FLUX-INTG   '       2       2
  8.85977936E+01  9.17535934E+01
     3  'FLUXDISAFACT'       2       2
  1.21827877E+00  5.72788537E-01
     3  'DISFACX     '       2       4
  9.32796061E-01  9.32802856E-01  1.11462390E+00  1.11462820E+00
     3  'DISFACY     '       2       4
  9.30094659E-01  9.30095375E-01  1.11713970E+00  1.11713946E+00
     3  'DISFACZ     '       2       4
  9.95831311E-01  9.95841563E-01  1.00204015E+00  1.00204933E+00
     3  'ISOTOPESDENS'       2       1
  1.00000000E+00
     3  'ISOTOPES-EFJ'       2       1
  0.00000000E+00
     2  'TITLE       '       3      72
TISORDevice                                                             
     2  'VOLUME      '       2       1
  5.70585586E+04
     2  'ENERGY      '       2       3
  1.00000000E+07  6.25000000E-01  1.99999995E-04
     2  'BURNUP      '       2       1
  0.00000000E+00
     2  'N/KB        '       2       1
  0.00000000E+00
     2  'ISOTOPESNAME'       3      12
MACR        
     2  'JTAB        '       1       1
         0
     2  'PARAM       '       1       4
         2         1         2         1
     1  'STATE-VECTOR'       1      40
         1         2         1         2         1         4         1         0
         0         0         0         0         0         0         0         0
         0         0         0         0         0         0         0         0
         0         0         0         0         0         0         0         0
         0         0         0         0         0         0         0         0
