     1  'SIGNATURE   '       3      12
L_COMPO     
     1  'ZCROT      1'       0      -1
     2  'BURN       1'       0      -1
     3  'MACR        '       0      -1
     4  'TOTAL       '       2       2
  3.20537388E-01  4.54837054E-01
     4  'TRANC       '       2       2
  7.71263838E-02  6.39938265E-02
     4  'NUSIGF      '       2       2
  1.09545048E-03  9.83384345E-03
     4  'NFTOT       '       2       2
  4.09775035E-04  3.75137269E-03
     4  'CHI         '       2       2
  1.00000000E+00  0.00000000E+00
     4  'NG          '       2       2
  2.52694357E-03  4.98481467E-03
     4  'N2N         '       2       2
  3.34979013E-05  0.00000000E+00
     4  'STRD        '       2       2
  2.24102244E-01  3.77742141E-01
     4  'SIGS 0      '       2       2
  3.17634165E-01  4.46100861E-01
     4  'NJJ  0      '       1       2
         2         2
     4  'IJJ  0      '       1       2
         2         2
     4  'SCAT 0      '       2       4
  1.51551518E-04  3.08677047E-01  4.45949316E-01  8.95711314E-03
     4  'SIGS 1      '       2       2
  7.67873675E-02  6.64828718E-02
     4  'NJJ  1      '       1       2
         2         2
     4  'IJJ  1      '       1       2
         2         2
     4  'SCAT 1      '       2       4
  6.68017601E-05  7.65119120E-02  6.64160699E-02  2.75453087E-04
     4  'XS-SAVED    '       1      22
         1         1         1         1         1         0         1         0
         1         0         0         0         0         0         0         0
         1         0         0         0         1         1
     3  'OVERV       '       2       2
  1.01053587E-07  3.39133067E-06
     3  'FLUX-INTG   '       2       2
  8.85869293E+01  9.18214111E+01
     3  'FLUXDISAFACT'       2       2
  1.21871781E+00  5.72369099E-01
     3  'DISFACX     '       2       4
  9.33617353E-01  9.33619201E-01  1.11330855E+00  1.11330807E+00
     3  'DISFACY     '       2       4
  9.30245280E-01  9.30245399E-01  1.11688828E+00  1.11688852E+00
     3  'DISFACZ     '       2       4
  9.95986104E-01  9.95986879E-01  1.00182867E+00  1.00182915E+00
     3  'ISOTOPESDENS'       2       1
  1.00000000E+00
     3  'ISOTOPES-EFJ'       2       1
  0.00000000E+00
     2  'TITLE       '       3      72
TISORDevice                                                             
     2  'VOLUME      '       2       1
  5.70585586E+04
     2  'ENERGY      '       2       3
  1.00000000E+07  6.25000000E-01  1.99999995E-04
     2  'BURNUP      '       2       1
  0.00000000E+00
     2  'N/KB        '       2       1
  0.00000000E+00
     2  'ISOTOPESNAME'       3      12
MACR        
     2  'JTAB        '       1       1
         0
     2  'PARAM       '       1       4
         2         1         2         1
     1  'STATE-VECTOR'       1      40
         1         2         1         2         1         4         1         0
         0         0         0         0         0         0         0         0
         0         0         0         0         0         0         0         0
         0         0         0         0         0         0         0         0
         0         0         0         0         0         0         0         0
