     1  'SIGNATURE   '       3      12
L_COMPO     
     1  'ZCRIN      1'       0      -1
     2  'BURN       1'       0      -1
     3  'MACR        '       0      -1
     4  'TOTAL       '       2       2
  3.22405338E-01  4.56728309E-01
     4  'TRANC       '       2       2
  7.70447701E-02  6.41822368E-02
     4  'NUSIGF      '       2       2
  1.09069212E-03  9.98225342E-03
     4  'NFTOT       '       2       2
  4.08172200E-04  3.80704482E-03
     4  'CHI         '       2       2
  1.00000000E+00  0.00000000E+00
     4  'NG          '       2       2
  2.57898518E-03  5.72891161E-03
     4  'N2N         '       2       2
  3.30050716E-05  0.00000000E+00
     4  'STRD        '       2       2
  2.25427628E-01  3.79190564E-01
     4  'SIGS 0      '       2       2
  3.19451183E-01  4.47192341E-01
     4  'NJJ  0      '       1       2
         2         2
     4  'IJJ  0      '       1       2
         2         2
     4  'SCAT 0      '       2       4
  1.62609285E-04  3.10389400E-01  4.47029740E-01  9.06177890E-03
     4  'SIGS 1      '       2       2
  7.66438767E-02  6.66590557E-02
     4  'NJJ  1      '       1       2
         2         2
     4  'IJJ  1      '       1       2
         2         2
     4  'SCAT 1      '       2       4
  7.04739796E-05  7.63644353E-02  6.65885806E-02  2.79443659E-04
     4  'XS-SAVED    '       1      22
         1         1         1         1         1         0         1         0
         1         0         0         0         0         0         0         0
         1         0         0         0         1         1
     3  'OVERV       '       2       2
  1.02354008E-07  3.36581616E-06
     3  'FLUX-INTG   '       2       2
  9.12458191E+01  9.02079773E+01
     3  'FLUXDISAFACT'       2       2
  1.21051776E+00  5.81389070E-01
     3  'DISFACX     '       2       4
  9.27573681E-01  9.35800552E-01  1.10573018E+00  1.12600958E+00
     3  'DISFACY     '       2       4
  9.28457141E-01  9.28456962E-01  1.11427987E+00  1.11427951E+00
     3  'DISFACZ     '       2       4
  9.92950022E-01  9.92950737E-01  1.01931751E+00  1.01931846E+00
     3  'ISOTOPESDENS'       2       1
  1.00000000E+00
     3  'ISOTOPES-EFJ'       2       1
  0.00000000E+00
     2  'TITLE       '       3      72
TISORDevice                                                             
     2  'VOLUME      '       2       1
  5.70585586E+04
     2  'ENERGY      '       2       3
  1.00000000E+07  6.25000000E-01  1.99999995E-04
     2  'BURNUP      '       2       1
  0.00000000E+00
     2  'N/KB        '       2       1
  0.00000000E+00
     2  'ISOTOPESNAME'       3      12
MACR        
     2  'JTAB        '       1       1
         0
     2  'PARAM       '       1       4
         2         1         2         1
     1  'STATE-VECTOR'       1      40
         1         2         1         2         1         4         1         0
         0         0         0         0         0         0         0         0
         0         0         0         0         0         0         0         0
         0         0         0         0         0         0         0         0
         0         0         0         0         0         0         0         0
