->       1      12       0      -1                                 <-   
REP_BOTT   1                                                                    
->       2      12       3      18                                 <-   
TITLE                                                                           
         4         4         4         4         4         4         4         4
         4         4         4         4         4         4         4         4
         4         4
                                                                        
->       2      12       2       1                                 <-   
VOLUME                                                                          
  3.67695648E+02
->       2      12       2       4                                 <-   
ENERGY                                                                          
  1.96403300E+07  6.08100625E+05  2.76792002E+00  1.00000998E-05
->       2      12       2       1                                 <-   
N/KB                                                                            
  0.00000000E+00
->       2      12       2       1                                 <-   
BURNUP                                                                          
  0.00000000E+00
->       2      12       3       3                                 <-   
ISOTOPESNAME                                                                    
         4         4         4
MACR        
->       2      12       1       1                                 <-   
JTAB                                                                            
         0
->       2      12       1       4                                 <-   
PARAM                                                                           
         3         1         2         1
->       2      12       0      -1                                 <-   
BURN       1                                                                    
->       3      12       0      -1                                 <-   
MACR                                                                            
->       4      12       2       3                                 <-   
SIGS00                                                                          
  2.41829216E-01  3.45572174E-01  4.30345893E-01
->       4      12       1       3                                 <-   
NJJS00                                                                          
         1         3         3
->       4      12       1       3                                 <-   
IJJS00                                                                          
         1         3         3
->       4      12       2       7                                 <-   
SCAT00                                                                          
  1.54194072E-01  9.88008014E-06  3.33886683E-01  8.76351371E-02  4.30335999E-01
  1.16854850E-02  5.00723962E-10
->       4      12       2       3                                 <-   
SIGS01                                                                          
  4.60489653E-02  7.44654164E-02  5.57012819E-02
->       4      12       1       3                                 <-   
NJJS01                                                                          
         1         3         3
->       4      12       1       3                                 <-   
IJJS01                                                                          
         1         3         3
->       4      12       2       7                                 <-   
SCAT01                                                                          
  6.19247518E-02  7.67424990E-06  7.54909441E-02 -1.58757865E-02  5.56936078E-02
 -1.02552515E-03  1.66859068E-10
->       4      12       1       2                                 <-   
SCAT-SAVED                                                                      
         1         1
->       4      12       2       3                                 <-   
TOTAL                                                                           
  2.41734698E-01  3.45574021E-01  4.30392176E-01
->       4      12       2       3                                 <-   
TRANC                                                                           
  4.60489653E-02  7.44654164E-02  5.57012819E-02
->       4      12       2       3                                 <-   
NG                                                                              
  3.94040717E-06  1.80918948E-06  4.62446915E-05
->       4      12       2       3                                 <-   
N2N                                                                             
  3.77712626E-04  0.00000000E+00  0.00000000E+00
->       4      12       2       3                                 <-   
NP                                                                              
  1.35445578E-06  1.53692540E-17  4.17775099E-16
->       4      12       2       3                                 <-   
NA                                                                              
  2.81784363E-04  6.18256557E-11  2.83573587E-09
->       4      12       2       3                                 <-   
STRD                                                                            
  1.79809943E-01  2.70083070E-01  3.74690890E-01
->       4      12       1      20                                 <-   
XS-SAVED                                                                        
         1         1         0         0         0         0         1         0
         1         0         0         1         1         0         0         0
         1         0         0         0
->      -4       0       0       0                                 <-   
->       3      12       2       3                                 <-   
OVERV                                                                           
  5.79509718E-10  6.10243518E-08  2.90038543E-06
->       3      12       2       3                                 <-   
FLUX-INTG                                                                       
  5.25603247E+00  3.45426903E+01  2.42721939E+01
->       3      12       2       3                                 <-   
FLUXDISAFACT                                                                    
  2.21578288E+00  9.72539127E-01  2.08739653E-01
->       3      12       2       1                                 <-   
ISOTOPESDENS                                                                    
  1.00000000E+00
->       3      12       2       1                                 <-   
ISOTOPES-EFJ                                                                    
  0.00000000E+00
->      -3       0       0       0                                 <-   
->      -2       0       0       0                                 <-   
->       1      12       1      40                                 <-   
STATE-VECTOR                                                                    
         1         3         1         2         1         4         0         0
         0         0         0         0         0         0         0         0
         0         0         0         0         0         0         0         0
         0         0         0         0         0         0         0         0
         0         0         0         0         0         0         0         0
->       1      12       3       3                                 <-   
SIGNATURE                                                                       
         4         4         4
L_COMPO     
->      -1       0       0       0                                 <-   
