FMAC-M                       5
                                                                        
                              
           1           0           0           0           0           0
           0           0           0           0
NGCAP 
           5           1           0           0           0           0
           0           0           0           0           0           0
           0           0           1           0          38          14
           2           2           0           0           0           0
           0           0           0           0           0           0
           0           0           0           0           0           0
           0           0           0           0
          16           1           1           1           6           5
           0           0           0           0           5           5
           0           5           5           5           0           0
           0           0           0           0           0           0
           0           0           0           0           0           0
           0           0           0           0           6           0
           5           5
20.00MeV monoenergetic electron-source on TUNGSTEN Slab                 
                        
           5
BETA  
 5.10976E-01
 2.22221E+01 1.77779E+01 1.33337E+01 8.88944E+00 4.44522E+00 1.00000E-03
 0.00000E+00 0.00000E+00 0.00000E+00 0.00000E+00 0.00000E+00
           1           2           1           1           1
           1           2           3           4           5
           2           2           2           2           1
 2.03857E-01 2.16093E-01 2.86366E-01 6.17232E-01 3.84675E+00
-5.95380E-03 1.94360E-03 8.54730E-04 0.00000E+00 0.00000E+00
 2.54871E+00 2.46424E+00 2.33294E+00 2.10787E+00 1.63141E+00 3.65321E+01
-6.87582E+03-6.87705E+03-6.88167E+03-5.19294E+03 1.09099E+00
-3.09351E+03-3.09405E+03-3.09611E+03-2.33645E+03 0.00000E+00
           1           1          -1           1
 8.67335E-02
           2           2          -1           1
 1.37002E-01
           1           3          -2           2
 7.10871E-02 7.09601E-02
           2           3           0           1
 0.00000E+00
           3           3          -1           1
 2.50942E-01
           1           4          -2           2
 4.19902E-02 4.15257E-02
           2           4          -2           2
 6.71474E-02 6.66503E-02
           3           4          -2           2
 4.56927E-03 4.34902E-03
           4           4          -1           1
 6.17232E-01
           1           5          -2           2
 3.09352E+03 9.83863E+01
           2           5          -2           2
 3.09406E+03 9.91246E+01
           3           5          -2           2
 3.09614E+03 1.00489E+02
           4           5          -2           2
 2.33645E+03 7.77797E+01
           5           5          -1           1
 3.84675E+00
