FMAC-M                       5
                                                                        
                              
           1           0           0           0           0           0
           0           0           0           0
NGCAP 
          11           1           0           0           0           0
           0           0           0           0           0           0
           0           0           1           0          38          66
           3           3           0           0           0           0
           0           0           0           0           0           0
           0           0           0           0           0           0
           0           0           0           0
          16           1           1           1          12          11
           0           0           0           0          11          11
           0          11          11          11           0           0
           0           0           0           0           0           0
           0           0           0           0           0           0
           0           0           0           0          12           0
          11          11
20.00MeV monoenergetic electron-source on TUNGSTEN Slab                 
                        
          11
BETA  
 5.10976E-01
 3.20510E+01 1.24801E+01 4.85956E+00 1.89224E+00 7.36806E-01 2.86901E-01
 1.11714E-01 4.34998E-02 1.69381E-02 6.59544E-03 2.56816E-03 1.00000E-03
 0.00000E+00 0.00000E+00 0.00000E+00 0.00000E+00 0.00000E+00 0.00000E+00
 0.00000E+00 0.00000E+00 0.00000E+00 0.00000E+00 0.00000E+00
           1           1           1           1           1           1
           1           1           1           1           1
           1           2           3           4           5           6
           7           8           9          10          11
           3           3           3           3           3           3
           3           3           3           3           2
 2.55008E-01 1.29148E+00 6.24995E+00 2.68026E+01 1.04883E+02 4.05691E+02
 1.59894E+03 6.04633E+03 2.03986E+04 5.63119E+04 1.25651E+05
-5.96200E-05 1.41000E-05 1.04800E-04-3.00000E-05 4.75000E-04 1.03000E-03
 3.27000E-03 4.30000E-03-1.10000E-02         NaN 0.00000E+00
 4.78940E+00 2.55795E+00 1.63163E+00 1.23397E+00 1.12364E+00 1.30049E+00
 1.95122E+00 3.44742E+00 6.39646E+00 1.15031E+01 2.04941E+01 3.65321E+01
 7.70793E-01 6.68033E-01 5.79274E-01 5.31854E-01 5.83898E-01 8.38578E-01
 1.49941E+00 2.99486E+00 6.11752E+00 1.27675E+01 2.73213E+01
-1.58519E+02-1.56351E+02-1.56226E+02-1.64583E+02-1.99925E+02-3.04009E+02
-5.61990E+02-1.11428E+03-1.97223E+03-1.59131E+03 0.00000E+00
           1           1          -2           2
 2.38563E-01 1.51830E-01
           1           2          -3           3
 8.85092E-03 8.45059E-03 7.67968E-03
           2           2          -2           2
 1.27883E+00 8.08097E-01
           1           3          -3           3
 3.39806E-02 3.13850E-02 2.67069E-02
           2           3          -3           3
 2.21272E-02 1.99412E-02 1.59198E-02
           3           3          -2           2
 6.23969E+00 3.90709E+00
           1           4          -3           3
 5.43391E-02 4.07036E-02 1.90118E-02
           2           4          -3           3
 6.32777E-02 5.06743E-02 3.01414E-02
           3           4          -3           3
 5.40282E-02 4.40423E-02 2.70168E-02
           4           4          -2           2
 2.67915E+01 1.65412E+01
           1           5          -3           3
 1.32355E-01 7.39080E-02-3.57366E-03
           2           5          -3           3
 1.34268E-01 7.83083E-02 2.50878E-03
           3           5          -3           3
 1.43017E-01 9.25085E-02 2.05925E-02
           4           5          -3           3
 1.31466E-01 9.42262E-02 3.63350E-02
           5           5          -2           2
 1.04864E+02 6.32390E+01
           1           6          -3           3
 3.38508E-01 1.30364E-01-9.29002E-02
           2           6          -3           3
 3.39478E-01 1.35678E-01-8.70570E-02
           3           6          -3           3
 3.43797E-01 1.49640E-01-7.19767E-02
           4           6          -3           3
 3.63660E-01 1.89026E-01-2.91754E-02
           5           6          -3           3
 3.56675E-01 2.28137E-01 4.32775E-02
           6           6          -2           2
 4.05647E+02 2.35184E+02
           1           7          -3           3
 8.72531E-01 2.18914E-01-3.50592E-01
           2           7          -3           3
 8.74405E-01 2.27447E-01-3.45136E-01
           3           7          -3           3
 8.85543E-01 2.50083E-01-3.32973E-01
           4           7          -3           3
 9.33704E-01 3.11141E-01-3.05292E-01
           5           7          -3           3
 1.09273E+00 4.82434E-01-2.11314E-01
           6           7          -3           3
 1.27872E+00 7.62755E-01 5.57431E-02
           7           7          -2           2
 1.59883E+03 8.70090E+02
           1           8          -3           3
 2.23256E+00 3.57858E-01-1.02873E+00
           2           8          -3           3
 2.23888E+00 3.71826E-01-1.02516E+00
           3           8          -3           3
 2.27285E+00 4.09367E-01-1.02362E+00
           4           8          -3           3
 2.42215E+00 5.13718E-01-1.04354E+00
           5           8          -3           3
 2.92794E+00 8.16238E-01-1.11090E+00
           6           8          -3           3
 4.25435E+00 1.72249E+00-1.03358E+00
           7           8          -3           3
 6.16383E+00 3.56904E+00 7.49155E-02
           8           8          -2           2
 6.04607E+03 2.94690E+03
           1           9          -3           3
 6.57158E+00 5.78081E-01-2.77789E+00
           2           9          -3           3
 6.52100E+00 6.00739E-01-2.77968E+00
           3           9          -3           3
 6.55602E+00 6.61961E-01-2.80744E+00
           4           9          -3           3
 6.94465E+00 8.34669E-01-2.95863E+00
           5           9          -3           3
 8.44938E+00 1.35062E+00-3.48807E+00
           6           9          -3           3
 1.27064E+01 2.98603E+00-4.70299E+00
           7           9          -3           3
 2.25457E+01 8.28973E+00-5.61507E+00
           8           9          -3           3
 3.66787E+01 2.03548E+01 8.65248E-03
           9           9          -2           2
 2.03981E+04 7.87613E+03
           1          10          -3           3
 1.54436E+01 9.29323E-01-7.27316E+00
           2          10          -3           3
 1.54312E+01 9.65825E-01-7.28901E+00
           3          10          -3           3
 1.56274E+01 1.06468E+00-7.39293E+00
           4          10          -3           3
 1.67043E+01 1.34522E+00-7.88545E+00
           5          10          -3           3
 2.06359E+01 2.19380E+00-9.62726E+00
           6          10          -3           3
 3.20325E+01 4.96292E+00-1.43835E+01
           7          10          -3           3
 6.07932E+01 1.45532E+01-2.43252E+01
           8          10          -3           3
 1.25436E+02 4.75801E+01-3.38174E+01
           9          10          -3           3
 2.22743E+02 1.26706E+02-9.53363E-01
          10          10          -2           2
 5.63119E+04 1.04341E+04
           1          11          -3           3
 7.09259E+01 1.49112E+00-1.88190E+01
           2          11          -3           3
 6.86466E+01 1.54974E+00-1.88711E+01
           3          11          -3           3
 6.72871E+01 1.70865E+00-1.91709E+01
           4          11          -3           3
 6.95841E+01 2.16067E+00-2.05418E+01
           5          11          -3           3
 8.32129E+01 3.53471E+00-2.54079E+01
           6          11          -3           3
 1.25388E+02 8.06991E+00-3.93561E+01
           7          11          -3           3
 2.32785E+02 2.42444E+01-7.36990E+01
           8          11          -3           3
 4.78335E+02 8.39527E+01-1.43621E+02
           9          11          -3           3
 9.70248E+02 2.96439E+02-2.14747E+02
          10          11          -3           3
 1.59131E+03 8.16972E+02-8.66283E+00
          11          11          -2           2
 1.25651E+05-1.29075E+04
