FMAC-M                       5
                                                                        
                              
           1           0           0           0           0           0
           0           0           0           0
NGCAP 
           3           1           0           0           0           0
           0           0           0           0           0           0
           0           0           1           0          38           6
           2           2           0           0           0           0
           0           0           0           0           0           0
           0           0           0           0           0           0
           0           0           0           0
          16           1           1           1           4           3
           0           0           0           0           3           3
           0           3           3           3           0           0
           0           0           0           0           0           0
           0           0           0           0           0           0
           0           0           0           0           4           0
           3           3
20.00MeV monoenergetic electron-source on TUNGSTEN Slab                 
                        
           3
BETA  
 5.10976E-01
 2.39998E+01 1.60002E+01 8.00060E+00 1.00000E-03
 0.00000E+00 0.00000E+00 0.00000E+00
           1           1           1
           1           2           3
           2           2           1
 1.26886E-01 2.18669E-01 1.47474E+00
 7.56596E-03 0.00000E+00 0.00000E+00
 3.27879E+00 2.92820E+00 2.13573E+00 3.65321E+01
-2.21627E+04-1.66680E+04 1.17256E+00
-5.53994E+03-4.16650E+03 0.00000E+00
           1           1          -1           1
 8.67335E-02
           1           2          -2           2
 2.58654E-03 2.51241E-03
           2           2          -1           1
 2.18669E-01
           1           3          -2           2
 5.53997E+03 1.76789E+02
           2           3          -2           2
 4.16650E+03 1.34892E+02
           3           3          -1           1
 1.47474E+00
