FMAC-M                       5
                                                                        
                              
           1           0           0           0           0           0
           0           0           0           0
NGCAP 
           2           1           0           0           0           0
           0           0           0           0           0           0
           0           0           1           0          38           3
           3           3           0           0           0           0
           0           0           0           0           0           0
           0           0           0           0           0           0
           0           0           0           0
          16           1           1           1           3           2
           0           0           0           0           2           2
           0           2           2           2           0           0
           0           0           0           0           0           0
           0           0           0           0           0           0
           0           0           0           0           3           0
           2           2
3.00MeV monoenergetic electron-source on Water Slab                     
                        
           2
BETA  
 5.10976E-01
 3.99967E+00 2.00033E+00 1.00000E-03
 0.00000E+00 0.00000E+00
           1           1
           1           2
           3           2
 8.03979E-01 4.45660E+00
 0.00000E+00 0.00000E+00
 1.95445E+00 1.87658E+00 1.40100E+02
-1.45512E+03 1.87015E+00
-1.45602E+03 0.00000E+00
           1           1          -2           2
 8.03979E-01 5.22908E-01
           1           2          -3           3
 1.45602E+03 5.36038E+01-7.24574E+02
           2           2          -2           2
 4.45660E+00 2.87659E+00
