FMAC-M                       5
                                                                        
                              
           1           0           0           0           0           0
           0           0           0           0
NGCAP 
           4           2           0           0           0           0
           0           0           0           0           0           0
           0           0           1           0          38          14
           3           3           0           0           0           0
           0           0           0           0           0           0
           0           0           0           0           0           0
           0           0           0           0
          16           2           2           2           6           4
           0           0           0           0           4           4
           0           4           4           4           0           0
           0           0           0           0           0           0
           0           0           0           0           0           0
           0           0           0           0           6           0
           4           4
3.00MeV monoenergetic electron-source on Water Slab                     
                        
           2           2
BETA  GAMA  
 5.10976E-01 0.00000E+00
 3.99967E+00 2.00033E+00 3.99967E+00 2.00033E+00 1.00000E-03 1.00000E-03
 0.00000E+00 0.00000E+00 0.00000E+00 0.00000E+00
           1           1           1           1
           3           4           3           4
           3           3           3           3
 8.03979E-01 4.45660E+00 4.03007E-02 4.52983E+01
 2.13507E-03 0.00000E+00-3.80820E-02 4.52148E+01
 1.95445E+00 1.87658E+00 0.00000E+00 0.00000E+00 0.00000E+00 1.40100E+02
-1.45607E+03 1.27494E+00 2.70253E-08 4.52446E+01
-1.45602E+03 0.00000E+00-4.13997E-02-8.04507E-02
           2           1           0           1
 0.00000E+00
           3           1          -3           3
 1.52988E-02 1.50254E-02 1.44986E-02
           1           1          -2           2
 8.03979E-01 5.22908E-01
           1           2          -3           3
 1.45602E+03 5.36038E+01-7.24574E+02
           3           2          -3           3
 2.61009E-02 2.08512E-02 1.35238E-02
           4           2          -3           3
 8.04507E-02 5.97907E-02 3.29978E-02
           2           2          -2           2
 4.45660E+00 2.87659E+00
           1           3          -3           3
 2.51593E-03 2.40063E-03 2.24754E-03
           2           3           0           1
 0.00000E+00
           3           3          -3           3
 3.91913E-02 3.91913E-02 3.91913E-02
           1           4          -3           3
 9.45349E-01 9.02025E-01 8.44501E-01
           2           4          -3           3
 5.94810E-01 4.97893E-01 3.97480E-01
           3           4          -3           3
 4.14087E-02 3.91913E-02 3.91913E-02
           4           4          -3           3
 8.35924E-02 8.34608E-02 8.34608E-02
