FMAC-M                       5
                                                                        
                              
           1           0           0           0           0           0
           0           0           0           0
NGCAP 
           2           2           0           0           0           0
           0           0           0           0           0           0
           0           0           1           0          38           4
           2           2           0           0           0           0
           0           0           0           0           0           0
           0           0           0           0           0           0
           0           0           0           0
          16           2           2           2           4           2
           0           0           0           0           2           2
           0           2           2           2           0           0
           0           0           0           0           0           0
           0           0           0           0           0           0
           0           0           0           0           4           0
           2           2
3.00MeV monoenergetic electron-source on Water Slab                     
                        
           1           1
BETA  GAMA  
 5.10976E-01 0.00000E+00
 5.99900E+00 5.99900E+00 1.00000E-03 1.00000E-03
 0.00000E+00 0.00000E+00
           1           1
           2           2
           2           2
 2.81071E-01 4.52659E+01
 0.00000E+00 4.52156E+01
 2.04146E+00 0.00000E+00 0.00000E+00 1.40100E+02
-2.20455E+00 9.16810E-09
 0.00000E+00-4.52646E+01
           2           1          -2           2
 4.52646E+01 4.94706E+01
           1           1          -1           1
 2.81071E-01
           1           2          -2           2
 1.35988E+00 1.29756E+00
           2           2          -2           2
 5.27250E-02 5.02542E-02
