FMAC-M                       5
                                                                        
                              
           1           0           0           0           0           0
           0           0           0           0
NGCAP 
           2           1           0           0           0           0
           0           0           0           0           0           0
           0           0           1           0          38           3
           3           3           0           0           0           0
           0           0           0           0           0           0
           0           0           0           0           0           0
           0           0           0           0
          16           1           1           1           3           2
           0           0           0           0           2           2
           0           2           2           2           0           0
           0           0           0           0           0           0
           0           0           0           0           0           0
           0           0           0           0           3           0
           2           2
20.00MeV monoenergetic electron-source on TUNGSTEN Slab                 
                        
           2
BETA  
 5.10976E-01
 2.66663E+01 1.33337E+01 1.00000E-03
 0.00000E+00 0.00000E+00
           1           1
           1           2
           3           2
 2.38563E-01 1.67289E+00
 0.00000E+00 0.00000E+00
 4.12892E+00 2.87024E+00 3.65321E+01
-4.61082E+04 1.25674E+00
-6.91575E+03 0.00000E+00
           1           1          -2           2
 2.38563E-01 1.51830E-01
           1           2          -3           3
 6.91575E+03 2.20768E+02-3.42988E+03
           2           2          -2           2
 1.67289E+00 1.05565E+00
