FMAC-M                       5
                                                                        
                              
           1           0           0           0           0           0
           0           0           0           0
NGCAP 
           2           2           0           0           0           0
           0           0           0           0           0           0
           0           0           1           0          38           4
           2           2           0           0           0           0
           0           0           0           0           0           0
           0           0           0           0           0           0
           0           0           0           0
          16           2           2           2           4           2
           0           0           0           0           2           2
           0           2           2           2           0           0
           0           0           0           0           0           0
           0           0           0           0           0           0
           0           0           0           0           4           0
           2           2
1.00MeV monoenergetic electron-source on Water Slab                     
                        
           1           1
BETA  GAMA  
 5.10976E-01 0.00000E+00
 1.99900E+00 1.99900E+00 1.00000E-03 1.00000E-03
 0.00000E+00 0.00000E+00
           1           1
           2           2
           2           2
 1.58163E+00 4.52983E+01
 0.00000E+00 4.52148E+01
 1.87654E+00 0.00000E+00 0.00000E+00 1.40100E+02
 1.27566E+00 4.52144E+01
 0.00000E+00-8.04727E-02
           2           1          -2           2
 8.04727E-02 5.98042E-02
           1           1          -1           1
 1.58163E+00
           1           2          -2           2
 5.94578E-01 4.97637E-01
           2           2          -2           2
 8.36103E-02 8.34792E-02
