FMAC-M                       5
                                                                        
                              
           1           0           0           0           0           0
           0           0           0           0
NGCAP 
           4           2           0           0           0           0
           0           0           0           0           0           0
           0           0           1           0          38          14
           3           3           0           0           0           0
           0           0           0           0           0           0
           0           0           0           0           0           0
           0           0           0           0
          16           2           2           2           6           4
           0           0           0           0           4           4
           0           4           4           4           0           0
           0           0           0           0           0           0
           0           0           0           0           0           0
           0           0           0           0           6           0
           4           4
3.00MeV monoenergetic electron-source on Water Slab                     
                        
           2           2
BETA  GAMA  
 5.10976E-01 0.00000E+00
 3.99967E+00 2.00033E+00 3.99967E+00 2.00033E+00 1.00000E-03 1.00000E-03
 0.00000E+00 0.00000E+00 0.00000E+00 0.00000E+00
           1           1           1           1
           3           4           3           4
           3           3           3           3
 8.03979E-01 4.45660E+00 4.03031E-02 1.23188E+00
 2.96500E-05 0.00000E+00 1.11112E-03 1.14841E+00
 1.95445E+00 1.87658E+00 0.00000E+00 0.00000E+00 0.00000E+00 1.40100E+02
-8.57218E+01 1.62407E+00 9.25181E-11 7.64080E-07
-8.72919E+01 0.00000E+00-4.13986E-02-1.22822E+00
           2           1           0           1
 0.00000E+00
           3           1          -3           3
 1.53333E-02 1.50595E-02 1.45322E-02
           1           1          -2           2
 8.03979E-01 5.22908E-01
           1           2          -3           3
 8.72919E+01 6.11026E+00-4.25202E+01
           3           2          -3           3
 2.60653E-02 2.08250E-02 1.34890E-02
           4           2          -3           3
 1.22822E+00 1.03927E+00 7.79801E-01
           2           2          -2           2
 4.45660E+00 2.87659E+00
           1           3          -3           3
 2.51735E-03 2.40198E-03 2.24880E-03
           2           3           0           1
 0.00000E+00
           3           3          -3           3
 8.21738E-03 7.90517E-03 7.30892E-03
           1           4          -3           3
 2.39053E-01 2.28097E-01 2.13551E-01
           2           4          -3           3
 2.45915E-01 2.05846E-01 1.64332E-01
           3           4          -3           3
 3.31920E-02 1.00445E-02 3.50549E-03
           4           4          -3           3
 8.35954E-02 2.40798E-02 1.47205E-02
