FMAC-M                       5
                                                                        
                              
           1           0           0           0           0           0
           0           0           0           0
NGCAP 
           1           1           0           0           0           0
           0           0           0           0           0           0
           0           0           1           0          38           1
           1           1           0           0           0           0
           0           0           0           0           0           0
           0           0           0           0           0           0
           0           0           0           0
          16           1           1           1           2           1
           0           0           0           0           1           1
           0           1           1           1           0           0
           0           0           0           0           0           0
           0           0           0           0           0           0
           0           0           0           0           2           0
           1           1
3.00MeV monoenergetic electron-source on Water Slab                     
                        
           1
BETA  
 5.10976E-01
 5.99900E+00 1.00000E-03
 0.00000E+00
           1
           1
           1
 2.81071E-01
 0.00000E+00
 2.04146E+00 1.40100E+02
 1.87510E+00
 0.00000E+00
           1           1          -1           1
 2.81071E-01
