FMAC-M                       5
                                                                        
                              
           1           0           0           0           0           0
           0           0           0           0
NGCAP 
           3           1           0           0           0           0
           0           0           0           0           0           0
           0           0           1           0          38           6
           2           2           0           0           0           0
           0           0           0           0           0           0
           0           0           0           0           0           0
           0           0           0           0
          16           1           1           1           4           3
           0           0           0           0           3           3
           0           3           3           3           0           0
           0           0           0           0           0           0
           0           0           0           0           0           0
           0           0           0           0           4           0
           3           3
15.00MeV monoenergetic electron-source on TUNGSTEN Slab                 
                        
           3
BETA  
 5.10976E-01
 1.79998E+01 1.20002E+01 6.00060E+00 1.00000E-03
 0.00000E+00 0.00000E+00 0.00000E+00
           1           1           1
           1           2           3
           2           2           1
 1.84166E-01 3.64884E-01 2.37285E+00
 4.41864E-03 0.00000E+00 0.00000E+00
 2.75315E+00 2.46933E+00 1.85512E+00 3.65321E+01
-1.24967E+04-9.41053E+03 1.12982E+00
-4.16493E+03-3.13644E+03 0.00000E+00
           1           1          -1           1
 1.46326E-01
           1           2          -2           2
 3.42136E-03 3.29433E-03
           2           2          -1           1
 3.64884E-01
           1           3          -2           2
 4.16496E+03 1.33849E+02
           2           3          -2           2
 3.13644E+03 1.02736E+02
           3           3          -1           1
 2.37285E+00
