FMAC-M                       5
                                                                        
                              
           1           0           0           0           0           0
           0           0           0           0
NGCAP 
           6           3           0           0           0           0
           0           0           0           0           0           0
           0           0           1           0          38          26
           2           2           0           0           0           0
           0           0           0           0           0           0
           0           0           0           0           0           0
           0           0           0           0
          16           3           3           3           9           6
           0           0           0           0           6           6
           0           6           6           6           0           0
           0           0           0           0           0           0
           0           0           0           0           0           0
           0           0           0           0           9           0
           6           6
3.00MeV monoenergetic electron-source on Water Slab                     
                        
           2           2           2
BETA  GAMA  POSITR
 5.10976E-01 0.00000E+00 5.10976E-01
 4.32675E+01 2.08008E-01 4.32675E+01 2.08008E-01 4.32675E+01 2.08008E-01
 1.00000E-03 1.00000E-03 1.00000E-03
 0.00000E+00 0.00000E+00 0.00000E+00 0.00000E+00 0.00000E+00 0.00000E+00
           1           1           1           1           3           3
           3           5           5           6           5           6
           2           2           2           2           2           2
 2.81071E-01 1.98513E+03 2.23339E-02 1.12590E+01 2.81071E-01 1.98513E+03
-4.80000E-05 0.00000E+00 7.31418E-03 1.10910E+01-4.80000E-05 8.77076E-14
 3.09519E+00 2.79647E+00 0.00000E+00 0.00000E+00 3.09519E+00 2.79647E+00
 1.40100E+02 0.00000E+00 1.40100E+02
 2.65568E-01 1.74159E+01 1.80053E-13 0.00000E+00 2.65568E-01 1.74159E+01
-8.58098E+01 0.00000E+00-1.50109E-02-1.12287E+01-8.58098E+01-0.00000E+00
           2           1           0           1
 0.00000E+00
           3           1          -2           2
 2.08817E-02 1.97896E-02
           1           1          -1           1
 2.81071E-01
           1           2          -2           2
 8.58098E+01 5.28800E+00
           3           2          -2           2
 1.44154E-03 7.60510E-04
           4           2          -2           2
 1.12287E+01 2.14520E+00
           5           2          -2           2
 8.58098E+01 5.28800E+00
           2           2          -1           1
 1.98513E+03
           1           3          -2           2
 1.23046E-01 1.17407E-01
           2           3           0           1
 0.00000E+00
           4           3           0           1
 0.00000E+00
           5           3          -2           2
 1.23046E-01 1.17407E-01
           3           3          -2           2
 1.46337E-02 7.95478E-03
           1           4          -2           2
 1.94202E-01 1.85302E-01
           2           4          -2           2
 4.67614E-01 7.33457E-02
           3           4          -2           2
 3.85986E-04-1.57451E-04
           5           4          -2           2
 1.94202E-01 1.85302E-01
           6           4          -2           2
 4.67614E-01 7.33457E-02
           4           4          -2           2
 1.67970E-01 1.77317E-02
           3           5          -2           2
 7.29870E-03 6.96421E-03
           4           5           0           1
 0.00000E+00
           5           5          -1           1
 2.81071E-01
           3           6          -2           2
 1.35906E-05 2.13170E-06
           4           6           0           1
 0.00000E+00
           5           6           0           1
 0.00000E+00
           6           6          -1           1
 1.98513E+03
