     1  'SIGNATURE   '       3      12
L_COMPO     
     1  'MIXTRXE    1'       0      -1
     2  'BURN       1'       0      -1
     3  'XE135       '       0      -1
     4  'TOTAL       '       2       2
  1.26979446E+00  1.15906388E+06
     4  'NG          '       2       2
  1.26979482E+00  1.15906388E+06
     4  'STRD        '       2       2
  1.22190309E+00  1.11723550E+06
     4  'SIGS 0      '       2       2
 -4.49561327E-07  0.00000000E+00
     4  'NJJ  0      '       1       2
         1         1
     4  'IJJ  0      '       1       2
         1         2
     4  'SCAT 0      '       2       2
 -4.49561327E-07  0.00000000E+00
     4  'XS-SAVED    '       1      22
         1         0         0         0         0         0         1         0
         0         0         0         0         0         0         0         0
         1         0         0         0         1         0
     3  'MACR        '       0      -1
     4  'TOTAL       '       2       2
  3.11604440E-01  4.19524252E-01
     4  'TRANC       '       2       2
  4.96215746E-02  5.73703535E-02
     4  'NUSIGF      '       2       2
  9.42486455E-04  4.30564908E-03
     4  'NFTOT       '       2       2
  3.45996727E-04  1.77150627E-03
     4  'CHI         '       2       2
  9.99998033E-01  0.00000000E+00
     4  'NG          '       2       2
  1.44281192E-03  1.73596619E-03
     4  'STRD        '       2       2
  2.48527959E-01  3.48850846E-01
     4  'SIGS 0      '       2       2
  3.09815615E-01  4.16016757E-01
     4  'NJJ  0      '       1       2
         2         2
     4  'IJJ  0      '       1       2
         2         2
     4  'SCAT 0      '       2       4
  1.88718184E-06  3.00248504E-01  4.16014880E-01  9.56712756E-03
     4  'SIGS 1      '       2       2
  5.33356406E-02  5.76127172E-02
     4  'NJJ  1      '       1       2
         1         2
     4  'IJJ  1      '       1       2
         1         2
     4  'SCAT 1      '       2       3
  5.36818802E-02  5.76127172E-02 -3.46239569E-04
     4  'XS-SAVED    '       1      22
         1         1         1         1         1         0         1         0
         0         0         0         0         0         0         0         0
         1         0         0         0         1         1
     3  'OVERV       '       2       2
  4.55448905E-08  3.69731288E-06
     3  'FLUX-INTG   '       2       2
  8.49839172E+01  2.13650436E+02
     3  'FLUXDISAFACT'       2       2
  1.83954942E+00  5.90431392E-01
     3  'ISOTOPESDENS'       2       2
  1.00000000E+00  0.00000000E+00
     3  'ISOTOPES-EFJ'       2       2
  3.23421567E-11  0.00000000E+00
     2  'TITLE       '       3      72
CANDU-6F TRACKING FOR FLUX           CALCULATIONS                       
     2  'VOLUME      '       2       1
  8.16529907E+02
     2  'ENERGY      '       2       3
  1.00000000E+07  4.00000000E+00  9.99999975E-06
     2  'BURN       2'       0      -1
     3  'XE135       '       0      -1
     4  'TOTAL       '       2       2
  1.27760398E+00  1.14371200E+06
     4  'NG          '       2       2
  1.27760434E+00  1.14371200E+06
     4  'STRD        '       2       2
  1.22905421E+00  1.10223462E+06
     4  'SIGS 0      '       2       2
 -4.48281753E-07  0.00000000E+00
     4  'NJJ  0      '       1       2
         1         1
     4  'IJJ  0      '       1       2
         1         2
     4  'SCAT 0      '       2       2
 -4.48281753E-07  0.00000000E+00
     4  'XS-SAVED    '       1      22
         1         0         0         0         0         0         1         0
         0         0         0         0         0         0         0         0
         1         0         0         0         1         0
     3  'MACR        '       0      -1
     4  'TOTAL       '       2       2
  3.11659425E-01  4.19654936E-01
     4  'TRANC       '       2       2
  4.96040359E-02  5.74006923E-02
     4  'NUSIGF      '       2       2
  9.39793594E-04  4.23196470E-03
     4  'NFTOT       '       2       2
  3.45012639E-04  1.74084224E-03
     4  'CHI         '       2       2
  9.99998033E-01  0.00000000E+00
     4  'NG          '       2       2
  1.44754665E-03  1.72828208E-03
     4  'STRD        '       2       2
  2.48466432E-01  3.48882496E-01
     4  'SIGS 0      '       2       2
  3.09866875E-01  4.16185796E-01
     4  'NJJ  0      '       1       2
         2         2
     4  'IJJ  0      '       1       2
         2         2
     4  'SCAT 0      '       2       4
  1.87748640E-06  3.00255567E-01  4.16183919E-01  9.61131137E-03
     4  'SIGS 1      '       2       2
  5.33781461E-02  5.76439053E-02
     4  'NJJ  1      '       1       2
         1         2
     4  'IJJ  1      '       1       2
         1         2
     4  'SCAT 1      '       2       3
  5.37253767E-02  5.76439053E-02 -3.47232621E-04
     4  'XS-SAVED    '       1      22
         1         1         1         1         1         0         1         0
         0         0         0         0         0         0         0         0
         1         0         0         0         1         1
     3  'OVERV       '       2       2
  4.57134277E-08  3.69964096E-06
     3  'FLUX-INTG   '       2       2
  8.55262680E+01  2.17304031E+02
     3  'FLUXDISAFACT'       2       2
  1.83615553E+00  5.83207488E-01
     3  'ISOTOPESDENS'       2       2
  1.00000000E+00  9.01179062E-11
     3  'ISOTOPES-EFJ'       2       2
  3.23436278E-11  0.00000000E+00
     2  'BURN       3'       0      -1
     3  'XE135       '       0      -1
     4  'TOTAL       '       2       2
  1.27648878E+00  1.13893088E+06
     4  'NG          '       2       2
  1.27648926E+00  1.13893088E+06
     4  'STRD        '       2       2
  1.22788858E+00  1.09760550E+06
     4  'SIGS 0      '       2       2
 -4.48039913E-07  0.00000000E+00
     4  'NJJ  0      '       1       2
         1         1
     4  'IJJ  0      '       1       2
         1         2
     4  'SCAT 0      '       2       2
 -4.48039913E-07  0.00000000E+00
     4  'XS-SAVED    '       1      22
         1         0         0         0         0         0         1         0
         0         0         0         0         0         0         0         0
         1         0         0         0         1         0
     3  'MACR        '       0      -1
     4  'TOTAL       '       2       2
  3.11670393E-01  4.19721931E-01
     4  'TRANC       '       2       2
  4.96020466E-02  5.74153140E-02
     4  'NUSIGF      '       2       2
  9.38489160E-04  4.22592973E-03
     4  'NFTOT       '       2       2
  3.44187109E-04  1.73068780E-03
     4  'CHI         '       2       2
  9.99998033E-01  0.00000000E+00
     4  'NG          '       2       2
  1.45073503E-03  1.75485015E-03
     4  'STRD        '       2       2
  2.48448282E-01  3.48925918E-01
     4  'SIGS 0      '       2       2
  3.09875458E-01  4.16236371E-01
     4  'NJJ  0      '       1       2
         2         2
     4  'IJJ  0      '       1       2
         2         2
     4  'SCAT 0      '       2       4
  1.87953935E-06  3.00254643E-01  4.16234493E-01  9.62082390E-03
     4  'SIGS 1      '       2       2
  5.33884354E-02  5.76587543E-02
     4  'NJJ  1      '       1       2
         1         2
     4  'IJJ  1      '       1       2
         1         2
     4  'SCAT 1      '       2       3
  5.37359230E-02  5.76587543E-02 -3.47484893E-04
     4  'XS-SAVED    '       1      22
         1         1         1         1         1         0         1         0
         0         0         0         0         0         0         0         0
         1         0         0         0         1         1
     3  'OVERV       '       2       2
  4.57493989E-08  3.70020393E-06
     3  'FLUX-INTG   '       2       2
  8.56600342E+01  2.17611038E+02
     3  'FLUXDISAFACT'       2       2
  1.83540845E+00  5.80413222E-01
     3  'ISOTOPESDENS'       2       2
  1.00000000E+00  9.87408488E-11
     3  'ISOTOPES-EFJ'       2       2
  3.23743532E-11  0.00000000E+00
     2  'BURN       4'       0      -1
     3  'XE135       '       0      -1
     4  'TOTAL       '       2       2
  1.27291071E+00  1.13350612E+06
     4  'NG          '       2       2
  1.27291107E+00  1.13350612E+06
     4  'STRD        '       2       2
  1.22446322E+00  1.09240650E+06
     4  'SIGS 0      '       2       2
 -4.48173381E-07  0.00000000E+00
     4  'NJJ  0      '       1       2
         1         1
     4  'IJJ  0      '       1       2
         1         2
     4  'SCAT 0      '       2       2
 -4.48173381E-07  0.00000000E+00
     4  'XS-SAVED    '       1      22
         1         0         0         0         0         0         1         0
         0         0         0         0         0         0         0         0
         1         0         0         0         1         0
     3  'MACR        '       0      -1
     4  'TOTAL       '       2       2
  3.11664045E-01  4.19749945E-01
     4  'TRANC       '       2       2
  4.96058948E-02  5.74417971E-02
     4  'NUSIGF      '       2       2
  9.39346210E-04  4.26876126E-03
     4  'NFTOT       '       2       2
  3.44127242E-04  1.73752662E-03
     4  'CHI         '       2       2
  9.99998033E-01  0.00000000E+00
     4  'NG          '       2       2
  1.45260093E-03  1.77622738E-03
     4  'STRD        '       2       2
  2.48447731E-01  3.48936349E-01
     4  'SIGS 0      '       2       2
  3.09867322E-01  4.16236192E-01
     4  'NJJ  0      '       1       2
         2         2
     4  'IJJ  0      '       1       2
         2         2
     4  'SCAT 0      '       2       4
  1.89610057E-06  3.00251245E-01  4.16234285E-01  9.61606950E-03
     4  'SIGS 1      '       2       2
  5.33861406E-02  5.76855838E-02
     4  'NJJ  1      '       1       2
         1         2
     4  'IJJ  1      '       1       2
         1         2
     4  'SCAT 1      '       2       3
  5.37335500E-02  5.76855838E-02 -3.47412046E-04
     4  'XS-SAVED    '       1      22
         1         1         1         1         1         0         1         0
         0         0         0         0         0         0         0         0
         1         0         0         0         1         1
     3  'OVERV       '       2       2
  4.57308182E-08  3.69868326E-06
     3  'FLUX-INTG   '       2       2
  8.56207275E+01  2.15419052E+02
     3  'FLUXDISAFACT'       2       2
  1.83541501E+00  5.77229083E-01
     3  'ISOTOPESDENS'       2       2
  1.00000000E+00  9.98795838E-11
     3  'ISOTOPES-EFJ'       2       2
  3.24171349E-11  0.00000000E+00
     2  'BURN       5'       0      -1
     3  'XE135       '       0      -1
     4  'TOTAL       '       2       2
  1.27036560E+00  1.12775812E+06
     4  'NG          '       2       2
  1.27036607E+00  1.12775812E+06
     4  'STRD        '       2       2
  1.22203624E+00  1.08689650E+06
     4  'SIGS 0      '       2       2
 -4.48309606E-07  0.00000000E+00
     4  'NJJ  0      '       1       2
         1         1
     4  'IJJ  0      '       1       2
         1         2
     4  'SCAT 0      '       2       2
 -4.48309606E-07  0.00000000E+00
     4  'XS-SAVED    '       1      22
         1         0         0         0         0         0         1         0
         0         0         0         0         0         0         0         0
         1         0         0         0         1         0
     3  'MACR        '       0      -1
     4  'TOTAL       '       2       2
  3.11656088E-01  4.19776708E-01
     4  'TRANC       '       2       2
  4.96100485E-02  5.74695431E-02
     4  'NUSIGF      '       2       2
  9.38801968E-04  4.31482168E-03
     4  'NFTOT       '       2       2
  3.43553227E-04  1.74573332E-03
     4  'CHI         '       2       2
  9.99998033E-01  0.00000000E+00
     4  'NG          '       2       2
  1.45389815E-03  1.79714849E-03
     4  'STRD        '       2       2
  2.48447269E-01  3.48944515E-01
     4  'SIGS 0      '       2       2
  3.09858650E-01  4.16233838E-01
     4  'NJJ  0      '       1       2
         2         2
     4  'IJJ  0      '       1       2
         2         2
     4  'SCAT 0      '       2       4
  1.91398158E-06  3.00247014E-01  4.16231930E-01  9.61161498E-03
     4  'SIGS 1      '       2       2
  5.33831939E-02  5.77137023E-02
     4  'NJJ  1      '       1       2
         1         2
     4  'IJJ  1      '       1       2
         1         2
     4  'SCAT 1      '       2       3
  5.37305549E-02  5.77137023E-02 -3.47361492E-04
     4  'XS-SAVED    '       1      22
         1         1         1         1         1         0         1         0
         0         0         0         0         0         0         0         0
         1         0         0         0         1         1
     3  'OVERV       '       2       2
  4.57137403E-08  3.69701820E-06
     3  'FLUX-INTG   '       2       2
  8.55758438E+01  2.13140030E+02
     3  'FLUXDISAFACT'       2       2
  1.83549035E+00  5.73926985E-01
     3  'ISOTOPESDENS'       2       2
  1.00000000E+00  1.01180897E-10
     3  'ISOTOPES-EFJ'       2       2
  3.24592297E-11  0.00000000E+00
     2  'BURN       6'       0      -1
     3  'XE135       '       0      -1
     4  'TOTAL       '       2       2
  1.26753044E+00  1.12240312E+06
     4  'NG          '       2       2
  1.26753092E+00  1.12240312E+06
     4  'STRD        '       2       2
  1.21932518E+00  1.08176212E+06
     4  'SIGS 0      '       2       2
 -4.48433099E-07  0.00000000E+00
     4  'NJJ  0      '       1       2
         1         1
     4  'IJJ  0      '       1       2
         1         2
     4  'SCAT 0      '       2       2
 -4.48433099E-07  0.00000000E+00
     4  'XS-SAVED    '       1      22
         1         0         0         0         0         0         1         0
         0         0         0         0         0         0         0         0
         1         0         0         0         1         0
     3  'MACR        '       0      -1
     4  'TOTAL       '       2       2
  3.11649531E-01  4.19804275E-01
     4  'TRANC       '       2       2
  4.96137477E-02  5.74952997E-02
     4  'NUSIGF      '       2       2
  9.38732643E-04  4.35670000E-03
     4  'NFTOT       '       2       2
  3.43177584E-04  1.75287516E-03
     4  'CHI         '       2       2
  9.99998033E-01  0.00000000E+00
     4  'NG          '       2       2
  1.45544775E-03  1.81745435E-03
     4  'STRD        '       2       2
  2.48446465E-01  3.48954499E-01
     4  'SIGS 0      '       2       2
  3.09850931E-01  4.16233927E-01
     4  'NJJ  0      '       1       2
         2         2
     4  'IJJ  0      '       1       2
         2         2
     4  'SCAT 0      '       2       4
  1.93022083E-06  3.00243407E-01  4.16231990E-01  9.60751995E-03
     4  'SIGS 1      '       2       2
  5.33808991E-02  5.77397980E-02
     4  'NJJ  1      '       1       2
         1         2
     4  'IJJ  1      '       1       2
         1         2
     4  'SCAT 1      '       2       3
  5.37282079E-02  5.77397980E-02 -3.47311492E-04
     4  'XS-SAVED    '       1      22
         1         1         1         1         1         0         1         0
         0         0         0         0         0         0         0         0
         1         0         0         0         1         1
     3  'OVERV       '       2       2
  4.56978988E-08  3.69554300E-06
     3  'FLUX-INTG   '       2       2
  8.55387039E+01  2.11100616E+02
     3  'FLUXDISAFACT'       2       2
  1.83552015E+00  5.70812166E-01
     3  'ISOTOPESDENS'       2       2
  1.00000000E+00  1.02369425E-10
     3  'ISOTOPES-EFJ'       2       2
  3.24984657E-11  0.00000000E+00
     2  'BURN       7'       0      -1
     3  'XE135       '       0      -1
     4  'TOTAL       '       2       2
  1.26491773E+00  1.11754338E+06
     4  'NG          '       2       2
  1.26491821E+00  1.11754338E+06
     4  'STRD        '       2       2
  1.21682167E+00  1.07710200E+06
     4  'SIGS 0      '       2       2
 -4.48534507E-07  0.00000000E+00
     4  'NJJ  0      '       1       2
         1         1
     4  'IJJ  0      '       1       2
         1         2
     4  'SCAT 0      '       2       2
 -4.48534507E-07  0.00000000E+00
     4  'XS-SAVED    '       1      22
         1         0         0         0         0         0         1         0
         0         0         0         0         0         0         0         0
         1         0         0         0         1         0
     3  'MACR        '       0      -1
     4  'TOTAL       '       2       2
  3.11644137E-01  4.19832587E-01
     4  'TRANC       '       2       2
  4.96169366E-02  5.75185753E-02
     4  'NUSIGF      '       2       2
  9.38466692E-04  4.39341459E-03
     4  'NFTOT       '       2       2
  3.42746702E-04  1.75860350E-03
     4  'CHI         '       2       2
  9.99998033E-01  0.00000000E+00
     4  'NG          '       2       2
  1.45703170E-03  1.83711888E-03
     4  'STRD        '       2       2
  2.48444796E-01  3.48966718E-01
     4  'SIGS 0      '       2       2
  3.09844375E-01  4.16236848E-01
     4  'NJJ  0      '       1       2
         2         2
     4  'IJJ  0      '       1       2
         2         2
     4  'SCAT 0      '       2       4
  1.94460267E-06  3.00240010E-01  4.16234910E-01  9.60434321E-03
     4  'SIGS 1      '       2       2
  5.33793233E-02  5.77633828E-02
     4  'NJJ  1      '       1       2
         1         2
     4  'IJJ  1      '       1       2
         1         2
     4  'SCAT 1      '       2       3
  5.37266061E-02  5.77633828E-02 -3.47282243E-04
     4  'XS-SAVED    '       1      22
         1         1         1         1         1         0         1         0
         0         0         0         0         0         0         0         0
         1         0         0         0         1         1
     3  'OVERV       '       2       2
  4.56855958E-08  3.69429972E-06
     3  'FLUX-INTG   '       2       2
  8.55123291E+01  2.09347305E+02
     3  'FLUXDISAFACT'       2       2
  1.83552420E+00  5.67933977E-01
     3  'ISOTOPESDENS'       2       2
  1.00000000E+00  1.03429786E-10
     3  'ISOTOPES-EFJ'       2       2
  3.25347527E-11  0.00000000E+00
     2  'BURN       8'       0      -1
     3  'XE135       '       0      -1
     4  'TOTAL       '       2       2
  1.26250899E+00  1.11314962E+06
     4  'NG          '       2       2
  1.26250947E+00  1.11314962E+06
     4  'STRD        '       2       2
  1.21450865E+00  1.07288788E+06
     4  'SIGS 0      '       2       2
 -4.48619431E-07  0.00000000E+00
     4  'NJJ  0      '       1       2
         1         1
     4  'IJJ  0      '       1       2
         1         2
     4  'SCAT 0      '       2       2
 -4.48619431E-07  0.00000000E+00
     4  'XS-SAVED    '       1      22
         1         0         0         0         0         0         1         0
         0         0         0         0         0         0         0         0
         1         0         0         0         1         0
     3  'MACR        '       0      -1
     4  'TOTAL       '       2       2
  3.11639756E-01  4.19861555E-01
     4  'TRANC       '       2       2
  4.96196821E-02  5.75395375E-02
     4  'NUSIGF      '       2       2
  9.38038749E-04  4.42532031E-03
     4  'NFTOT       '       2       2
  3.42271262E-04  1.76300632E-03
     4  'CHI         '       2       2
  9.99998033E-01  0.00000000E+00
     4  'NG          '       2       2
  1.45864405E-03  1.85617607E-03
     4  'STRD        '       2       2
  2.48442322E-01  3.48980904E-01
     4  'SIGS 0      '       2       2
  3.09838861E-01  4.16242391E-01
     4  'NJJ  0      '       1       2
         2         2
     4  'IJJ  0      '       1       2
         2         2
     4  'SCAT 0      '       2       4
  1.95725647E-06  3.00236881E-01  4.16240424E-01  9.60199069E-03
     4  'SIGS 1      '       2       2
  5.33784032E-02  5.77846207E-02
     4  'NJJ  1      '       1       2
         1         2
     4  'IJJ  1      '       1       2
         1         2
     4  'SCAT 1      '       2       3
  5.37256747E-02  5.77846207E-02 -3.47270514E-04
     4  'XS-SAVED    '       1      22
         1         1         1         1         1         0         1         0
         0         0         0         0         0         0         0         0
         1         0         0         0         1         1
     3  'OVERV       '       2       2
  4.56764688E-08  3.69327017E-06
     3  'FLUX-INTG   '       2       2
  8.54956512E+01  2.07849762E+02
     3  'FLUXDISAFACT'       2       2
  1.83550608E+00  5.65279603E-01
     3  'ISOTOPESDENS'       2       2
  1.00000000E+00  1.04360943E-10
     3  'ISOTOPES-EFJ'       2       2
  3.25684202E-11  0.00000000E+00
     2  'BURN       9'       0      -1
     3  'XE135       '       0      -1
     4  'TOTAL       '       2       2
  1.26026666E+00  1.10916825E+06
     4  'NG          '       2       2
  1.26026714E+00  1.10916825E+06
     4  'STRD        '       2       2
  1.21235073E+00  1.06906862E+06
     4  'SIGS 0      '       2       2
 -4.48686421E-07  0.00000000E+00
     4  'NJJ  0      '       1       2
         1         1
     4  'IJJ  0      '       1       2
         1         2
     4  'SCAT 0      '       2       2
 -4.48686421E-07  0.00000000E+00
     4  'XS-SAVED    '       1      22
         1         0         0         0         0         0         1         0
         0         0         0         0         0         0         0         0
         1         0         0         0         1         0
     3  'MACR        '       0      -1
     4  'TOTAL       '       2       2
  3.11636299E-01  4.19890970E-01
     4  'TRANC       '       2       2
  4.96220477E-02  5.75584508E-02
     4  'NUSIGF      '       2       2
  9.37484612E-04  4.45296848E-03
     4  'NFTOT       '       2       2
  3.41762934E-04  1.76623999E-03
     4  'CHI         '       2       2
  9.99998033E-01  0.00000000E+00
     4  'NG          '       2       2
  1.46027538E-03  1.87466398E-03
     4  'STRD        '       2       2
  2.48439163E-01  3.48996699E-01
     4  'SIGS 0      '       2       2
  3.09834272E-01  4.16250050E-01
     4  'NJJ  0      '       1       2
         2         2
     4  'IJJ  0      '       1       2
         2         2
     4  'SCAT 0      '       2       4
  1.96838164E-06  3.00233901E-01  4.16248083E-01  9.60035436E-03
     4  'SIGS 1      '       2       2
  5.33780456E-02  5.78037836E-02
     4  'NJJ  1      '       1       2
         1         2
     4  'IJJ  1      '       1       2
         1         2
     4  'SCAT 1      '       2       3
  5.37253208E-02  5.78037836E-02 -3.47274967E-04
     4  'XS-SAVED    '       1      22
         1         1         1         1         1         0         1         0
         0         0         0         0         0         0         0         0
         1         0         0         0         1         1
     3  'OVERV       '       2       2
  4.56700882E-08  3.69242571E-06
     3  'FLUX-INTG   '       2       2
  8.54873810E+01  2.06571609E+02
     3  'FLUXDISAFACT'       2       2
  1.83546817E+00  5.62826455E-01
     3  'ISOTOPESDENS'       2       2
  1.00000000E+00  1.05176569E-10
     3  'ISOTOPES-EFJ'       2       2
  3.25998291E-11  0.00000000E+00
     2  'BURN      10'       0      -1
     3  'XE135       '       0      -1
     4  'TOTAL       '       2       2
  1.25816643E+00  1.10554975E+06
     4  'NG          '       2       2
  1.25816679E+00  1.10554975E+06
     4  'STRD        '       2       2
  1.21032548E+00  1.06559688E+06
     4  'SIGS 0      '       2       2
 -4.48740622E-07  0.00000000E+00
     4  'NJJ  0      '       1       2
         1         1
     4  'IJJ  0      '       1       2
         1         2
     4  'SCAT 0      '       2       2
 -4.48740622E-07  0.00000000E+00
     4  'XS-SAVED    '       1      22
         1         0         0         0         0         0         1         0
         0         0         0         0         0         0         0         0
         1         0         0         0         1         0
     3  'MACR        '       0      -1
     4  'TOTAL       '       2       2
  3.11633617E-01  4.19920594E-01
     4  'TRANC       '       2       2
  4.96240482E-02  5.75755537E-02
     4  'NUSIGF      '       2       2
  9.36807657E-04  4.47687740E-03
     4  'NFTOT       '       2       2
  3.41220555E-04  1.76845351E-03
     4  'CHI         '       2       2
  9.99998033E-01  0.00000000E+00
     4  'NG          '       2       2
  1.46193022E-03  1.89261395E-03
     4  'STRD        '       2       2
  2.48435453E-01  3.49013746E-01
     4  'SIGS 0      '       2       2
  3.09830487E-01  4.16259527E-01
     4  'NJJ  0      '       1       2
         2         2
     4  'IJJ  0      '       1       2
         2         2
     4  'SCAT 0      '       2       4
  1.97816121E-06  3.00231159E-01  4.16257530E-01  9.59933270E-03
     4  'SIGS 1      '       2       2
  5.33781834E-02  5.78211099E-02
     4  'NJJ  1      '       1       2
         1         2
     4  'IJJ  1      '       1       2
         1         2
     4  'SCAT 1      '       2       3
  5.37254773E-02  5.78211099E-02 -3.47293215E-04
     4  'XS-SAVED    '       1      22
         1         1         1         1         1         0         1         0
         0         0         0         0         0         0         0         0
         1         0         0         0         1         1
     3  'OVERV       '       2       2
  4.56660914E-08  3.69174109E-06
     3  'FLUX-INTG   '       2       2
  8.54863663E+01  2.05481552E+02
     3  'FLUXDISAFACT'       2       2
  1.83541358E+00  5.60553193E-01
     3  'ISOTOPESDENS'       2       2
  1.00000000E+00  1.05890102E-10
     3  'ISOTOPES-EFJ'       2       2
  3.26292812E-11  0.00000000E+00
     2  'BURN      11'       0      -1
     3  'XE135       '       0      -1
     4  'TOTAL       '       2       2
  1.25618494E+00  1.10225012E+06
     4  'NG          '       2       2
  1.25618541E+00  1.10225012E+06
     4  'STRD        '       2       2
  1.20841098E+00  1.06243025E+06
     4  'SIGS 0      '       2       2
 -4.48782203E-07  0.00000000E+00
     4  'NJJ  0      '       1       2
         1         1
     4  'IJJ  0      '       1       2
         1         2
     4  'SCAT 0      '       2       2
 -4.48782203E-07  0.00000000E+00
     4  'XS-SAVED    '       1      22
         1         0         0         0         0         0         1         0
         0         0         0         0         0         0         0         0
         1         0         0         0         1         0
     3  'MACR        '       0      -1
     4  'TOTAL       '       2       2
  3.11631650E-01  4.19950336E-01
     4  'TRANC       '       2       2
  4.96258102E-02  5.75910583E-02
     4  'NUSIGF      '       2       2
  9.36058990E-04  4.49749082E-03
     4  'NFTOT       '       2       2
  3.40663159E-04  1.76977471E-03
     4  'CHI         '       2       2
  9.99998033E-01  0.00000000E+00
     4  'NG          '       2       2
  1.46359787E-03  1.91005168E-03
     4  'STRD        '       2       2
  2.48431280E-01  3.49031806E-01
     4  'SIGS 0      '       2       2
  3.09827387E-01  4.16270465E-01
     4  'NJJ  0      '       1       2
         2         2
     4  'IJJ  0      '       1       2
         2         2
     4  'SCAT 0      '       2       4
  1.98675275E-06  3.00228566E-01  4.16268498E-01  9.59882792E-03
     4  'SIGS 1      '       2       2
  5.33787385E-02  5.78368120E-02
     4  'NJJ  1      '       1       2
         1         2
     4  'IJJ  1      '       1       2
         1         2
     4  'SCAT 1      '       2       3
  5.37260622E-02  5.78368120E-02 -3.47323046E-04
     4  'XS-SAVED    '       1      22
         1         1         1         1         1         0         1         0
         0         0         0         0         0         0         0         0
         1         0         0         0         1         1
     3  'OVERV       '       2       2
  4.56640770E-08  3.69119493E-06
     3  'FLUX-INTG   '       2       2
  8.54914856E+01  2.04552933E+02
     3  'FLUXDISAFACT'       2       2
  1.83534408E+00  5.58441281E-01
     3  'ISOTOPESDENS'       2       2
  1.00000000E+00  1.06513076E-10
     3  'ISOTOPES-EFJ'       2       2
  3.26570194E-11  0.00000000E+00
     2  'BURN      12'       0      -1
     3  'XE135       '       0      -1
     4  'TOTAL       '       2       2
  1.25430679E+00  1.09923425E+06
     4  'NG          '       2       2
  1.25430715E+00  1.09923425E+06
     4  'STRD        '       2       2
  1.20659292E+00  1.05953538E+06
     4  'SIGS 0      '       2       2
 -4.48815683E-07  0.00000000E+00
     4  'NJJ  0      '       1       2
         1         1
     4  'IJJ  0      '       1       2
         1         2
     4  'SCAT 0      '       2       2
 -4.48815683E-07  0.00000000E+00
     4  'XS-SAVED    '       1      22
         1         0         0         0         0         0         1         0
         0         0         0         0         0         0         0         0
         1         0         0         0         1         0
     3  'MACR        '       0      -1
     4  'TOTAL       '       2       2
  3.11630219E-01  4.19979960E-01
     4  'TRANC       '       2       2
  4.96273302E-02  5.76051325E-02
     4  'NUSIGF      '       2       2
  9.35255783E-04  4.51519014E-03
     4  'NFTOT       '       2       2
  3.40096187E-04  1.77031406E-03
     4  'CHI         '       2       2
  9.99998033E-01  0.00000000E+00
     4  'NG          '       2       2
  1.46527088E-03  1.92700070E-03
     4  'STRD        '       2       2
  2.48426691E-01  3.49050581E-01
     4  'SIGS 0      '       2       2
  3.09824854E-01  4.16282654E-01
     4  'NJJ  0      '       1       2
         2         2
     4  'IJJ  0      '       1       2
         2         2
     4  'SCAT 0      '       2       4
  1.99429223E-06  3.00226092E-01  4.16280657E-01  9.59877111E-03
     4  'SIGS 1      '       2       2
  5.33796512E-02  5.78510650E-02
     4  'NJJ  1      '       1       2
         1         2
     4  'IJJ  1      '       1       2
         1         2
     4  'SCAT 1      '       2       3
  5.37270121E-02  5.78510650E-02 -3.47362686E-04
     4  'XS-SAVED    '       1      22
         1         1         1         1         1         0         1         0
         0         0         0         0         0         0         0         0
         1         0         0         0         1         1
     3  'OVERV       '       2       2
  4.56637856E-08  3.69076838E-06
     3  'FLUX-INTG   '       2       2
  8.55018692E+01  2.03764145E+02
     3  'FLUXDISAFACT'       2       2
  1.83526194E+00  5.56475282E-01
     3  'ISOTOPESDENS'       2       2
  1.00000000E+00  1.07055760E-10
     3  'ISOTOPES-EFJ'       2       2
  3.26832623E-11  0.00000000E+00
     2  'BURN      13'       0      -1
     3  'XE135       '       0      -1
     4  'TOTAL       '       2       2
  1.25080442E+00  1.09392688E+06
     4  'NG          '       2       2
  1.25080490E+00  1.09392688E+06
     4  'STRD        '       2       2
  1.20319271E+00  1.05443875E+06
     4  'SIGS 0      '       2       2
 -4.48852632E-07  0.00000000E+00
     4  'NJJ  0      '       1       2
         1         1
     4  'IJJ  0      '       1       2
         1         2
     4  'SCAT 0      '       2       2
 -4.48852632E-07  0.00000000E+00
     4  'XS-SAVED    '       1      22
         1         0         0         0         0         0         1         0
         0         0         0         0         0         0         0         0
         1         0         0         0         1         0
     3  'MACR        '       0      -1
     4  'TOTAL       '       2       2
  3.11628819E-01  4.20038849E-01
     4  'TRANC       '       2       2
  4.96297590E-02  5.76295108E-02
     4  'NUSIGF      '       2       2
  9.33454838E-04  4.54289513E-03
     4  'NFTOT       '       2       2
  3.38916434E-04  1.76933850E-03
     4  'CHI         '       2       2
  9.99998033E-01  0.00000000E+00
     4  'NG          '       2       2
  1.46865915E-03  1.95949199E-03
     4  'STRD        '       2       2
  2.48416305E-01  3.49089861E-01
     4  'SIGS 0      '       2       2
  3.09821248E-01  4.16310012E-01
     4  'NJJ  0      '       1       2
         2         2
     4  'IJJ  0      '       1       2
         2         2
     4  'SCAT 0      '       2       4
  2.00658428E-06  3.00221443E-01  4.16308016E-01  9.59981885E-03
     4  'SIGS 1      '       2       2
  5.33824116E-02  5.78757562E-02
     4  'NJJ  1      '       1       2
         1         2
     4  'IJJ  1      '       1       2
         1         2
     4  'SCAT 1      '       2       3
  5.37298806E-02  5.78757562E-02 -3.47467139E-04
     4  'XS-SAVED    '       1      22
         1         1         1         1         1         0         1         0
         0         0         0         0         0         0         0         0
         1         0         0         0         1         1
     3  'OVERV       '       2       2
  4.56676688E-08  3.69022564E-06
     3  'FLUX-INTG   '       2       2
  8.55364761E+01  2.02548279E+02
     3  'FLUXDISAFACT'       2       2
  1.83506000E+00  5.52933156E-01
     3  'ISOTOPESDENS'       2       2
  1.00000000E+00  1.07985371E-10
     3  'ISOTOPES-EFJ'       2       2
  3.27318624E-11  0.00000000E+00
     2  'BURN      14'       0      -1
     3  'XE135       '       0      -1
     4  'TOTAL       '       2       2
  1.24761331E+00  1.08947312E+06
     4  'NG          '       2       2
  1.24761367E+00  1.08947312E+06
     4  'STRD        '       2       2
  1.20008433E+00  1.05015950E+06
     4  'SIGS 0      '       2       2
 -4.48864910E-07  0.00000000E+00
     4  'NJJ  0      '       1       2
         1         1
     4  'IJJ  0      '       1       2
         1         2
     4  'SCAT 0      '       2       2
 -4.48864910E-07  0.00000000E+00
     4  'XS-SAVED    '       1      22
         1         0         0         0         0         0         1         0
         0         0         0         0         0         0         0         0
         1         0         0         0         1         0
     3  'MACR        '       0      -1
     4  'TOTAL       '       2       2
  3.11628968E-01  4.20096636E-01
     4  'TRANC       '       2       2
  4.96317036E-02  5.76496720E-02
     4  'NUSIGF      '       2       2
  9.31491435E-04  4.56225080E-03
     4  'NFTOT       '       2       2
  3.37708247E-04  1.76618842E-03
     4  'CHI         '       2       2
  9.99998033E-01  0.00000000E+00
     4  'NG          '       2       2
  1.47206476E-03  1.99028291E-03
     4  'STRD        '       2       2
  2.48404846E-01  3.49130452E-01
     4  'SIGS 0      '       2       2
  3.09819192E-01  4.16340172E-01
     4  'NJJ  0      '       1       2
         2         2
     4  'IJJ  0      '       1       2
         2         2
     4  'SCAT 0      '       2       4
  2.01582088E-06  3.00217152E-01  4.16338146E-01  9.60204657E-03
     4  'SIGS 1      '       2       2
  5.33861145E-02  5.78961708E-02
     4  'NJJ  1      '       1       2
         1         2
     4  'IJJ  1      '       1       2
         1         2
     4  'SCAT 1      '       2       3
  5.37337139E-02  5.78961708E-02 -3.47596710E-04
     4  'XS-SAVED    '       1      22
         1         1         1         1         1         0         1         0
         0         0         0         0         0         0         0         0
         1         0         0         0         1         1
     3  'OVERV       '       2       2
  4.56760709E-08  3.69001100E-06
     3  'FLUX-INTG   '       2       2
  8.55849380E+01  2.01715866E+02
     3  'FLUXDISAFACT'       2       2
  1.83482587E+00  5.49840212E-01
     3  'ISOTOPESDENS'       2       2
  1.00000000E+00  1.08628280E-10
     3  'ISOTOPES-EFJ'       2       2
  3.27761845E-11  0.00000000E+00
     2  'BURN      15'       0      -1
     3  'XE135       '       0      -1
     4  'TOTAL       '       2       2
  1.24466348E+00  1.08568775E+06
     4  'NG          '       2       2
  1.24466395E+00  1.08568775E+06
     4  'STRD        '       2       2
  1.19720221E+00  1.04651988E+06
     4  'SIGS 0      '       2       2
 -4.48859026E-07  0.00000000E+00
     4  'NJJ  0      '       1       2
         1         1
     4  'IJJ  0      '       1       2
         1         2
     4  'SCAT 0      '       2       2
 -4.48859026E-07  0.00000000E+00
     4  'XS-SAVED    '       1      22
         1         0         0         0         0         0         1         0
         0         0         0         0         0         0         0         0
         1         0         0         0         1         0
     3  'MACR        '       0      -1
     4  'TOTAL       '       2       2
  3.11630219E-01  4.20153081E-01
     4  'TRANC       '       2       2
  4.96331342E-02  5.76664247E-02
     4  'NUSIGF      '       2       2
  9.29430185E-04  4.57490608E-03
     4  'NFTOT       '       2       2
  3.36492056E-04  1.76133821E-03
     4  'CHI         '       2       2
  9.99998033E-01  0.00000000E+00
     4  'NG          '       2       2
  1.47545105E-03  2.01952178E-03
     4  'STRD        '       2       2
  2.48392537E-01  3.49171579E-01
     4  'SIGS 0      '       2       2
  3.09818268E-01  4.16372210E-01
     4  'NJJ  0      '       1       2
         2         2
     4  'IJJ  0      '       1       2
         2         2
     4  'SCAT 0      '       2       4
  2.02259594E-06  3.00213099E-01  4.16370183E-01  9.60518420E-03
     4  'SIGS 1      '       2       2
  5.33905402E-02  5.79131320E-02
     4  'NJJ  1      '       1       2
         1         2
     4  'IJJ  1      '       1       2
         1         2
     4  'SCAT 1      '       2       3
  5.37382849E-02  5.79131320E-02 -3.47746158E-04
     4  'XS-SAVED    '       1      22
         1         1         1         1         1         0         1         0
         0         0         0         0         0         0         0         0
         1         0         0         0         1         1
     3  'OVERV       '       2       2
  4.56879867E-08  3.69005011E-06
     3  'FLUX-INTG   '       2       2
  8.56441040E+01  2.01184402E+02
     3  'FLUXDISAFACT'       2       2
  1.83456492E+00  5.47118545E-01
     3  'ISOTOPESDENS'       2       2
  1.00000000E+00  1.09080550E-10
     3  'ISOTOPES-EFJ'       2       2
  3.28170408E-11  0.00000000E+00
     2  'BURN      16'       0      -1
     3  'XE135       '       0      -1
     4  'TOTAL       '       2       2
  1.24231243E+00  1.08246562E+06
     4  'NG          '       2       2
  1.24231291E+00  1.08246562E+06
     4  'STRD        '       2       2
  1.19489121E+00  1.04341944E+06
     4  'SIGS 0      '       2       2
 -4.48835181E-07  0.00000000E+00
     4  'NJJ  0      '       1       2
         1         1
     4  'IJJ  0      '       1       2
         1         2
     4  'SCAT 0      '       2       2
 -4.48835181E-07  0.00000000E+00
     4  'XS-SAVED    '       1      22
         1         0         0         0         0         0         1         0
         0         0         0         0         0         0         0         0
         1         0         0         0         1         0
     3  'MACR        '       0      -1
     4  'TOTAL       '       2       2
  3.11632007E-01  4.20208097E-01
     4  'TRANC       '       2       2
  4.96343076E-02  5.76802678E-02
     4  'NUSIGF      '       2       2
  9.26409033E-04  4.58208239E-03
     4  'NFTOT       '       2       2
  3.34966637E-04  1.75513921E-03
     4  'CHI         '       2       2
  9.99998033E-01  0.00000000E+00
     4  'NG          '       2       2
  1.47868006E-03  2.04736623E-03
     4  'STRD        '       2       2
  2.48379156E-01  3.49212915E-01
     4  'SIGS 0      '       2       2
  3.09818357E-01  4.16405588E-01
     4  'NJJ  0      '       1       2
         2         2
     4  'IJJ  0      '       1       2
         2         2
     4  'SCAT 0      '       2       4
  2.02741148E-06  3.00208896E-01  4.16403562E-01  9.60946828E-03
     4  'SIGS 1      '       2       2
  5.33955023E-02  5.79271466E-02
     4  'NJJ  1      '       1       2
         1         2
     4  'IJJ  1      '       1       2
         1         2
     4  'SCAT 1      '       2       3
  5.37434258E-02  5.79271466E-02 -3.47926631E-04
     4  'XS-SAVED    '       1      22
         1         1         1         1         1         0         1         0
         0         0         0         0         0         0         0         0
         1         0         0         0         1         1
     3  'OVERV       '       2       2
  4.57043576E-08  3.69029613E-06
     3  'FLUX-INTG   '       2       2
  8.57130051E+01  2.00911865E+02
     3  'FLUXDISAFACT'       2       2
  1.83430636E+00  5.44718087E-01
     3  'ISOTOPESDENS'       2       2
  1.00000000E+00  1.09375509E-10
     3  'ISOTOPES-EFJ'       2       2
  3.28549410E-11  0.00000000E+00
     2  'BURN      17'       0      -1
     3  'XE135       '       0      -1
     4  'TOTAL       '       2       2
  1.24007547E+00  1.07969925E+06
     4  'NG          '       2       2
  1.24007595E+00  1.07969925E+06
     4  'STRD        '       2       2
  1.19268632E+00  1.04075519E+06
     4  'SIGS 0      '       2       2
 -4.48796413E-07  0.00000000E+00
     4  'NJJ  0      '       1       2
         1         1
     4  'IJJ  0      '       1       2
         1         2
     4  'SCAT 0      '       2       2
 -4.48796413E-07  0.00000000E+00
     4  'XS-SAVED    '       1      22
         1         0         0         0         0         0         1         0
         0         0         0         0         0         0         0         0
         1         0         0         0         1         0
     3  'MACR        '       0      -1
     4  'TOTAL       '       2       2
  3.11634421E-01  4.20261711E-01
     4  'TRANC       '       2       2
  4.96344864E-02  5.76917380E-02
     4  'NUSIGF      '       2       2
  9.23504122E-04  4.58471384E-03
     4  'NFTOT       '       2       2
  3.33500037E-04  1.74785487E-03
     4  'CHI         '       2       2
  9.99998033E-01  0.00000000E+00
     4  'NG          '       2       2
  1.48185447E-03  2.07392941E-03
     4  'STRD        '       2       2
  2.48365179E-01  3.49254191E-01
     4  'SIGS 0      '       2       2
  3.09819072E-01  4.16439921E-01
     4  'NJJ  0      '       1       2
         2         2
     4  'IJJ  0      '       1       2
         2         2
     4  'SCAT 0      '       2       4
  2.03052923E-06  3.00204813E-01  4.16437864E-01  9.61424690E-03
     4  'SIGS 1      '       2       2
  5.34009226E-02  5.79387546E-02
     4  'NJJ  1      '       1       2
         1         2
     4  'IJJ  1      '       1       2
         1         2
     4  'SCAT 1      '       2       3
  5.37490398E-02  5.79387546E-02 -3.48116853E-04
     4  'XS-SAVED    '       1      22
         1         1         1         1         1         0         1         0
         0         0         0         0         0         0         0         0
         1         0         0         0         1         1
     3  'OVERV       '       2       2
  4.57228246E-08  3.69070517E-06
     3  'FLUX-INTG   '       2       2
  8.57884598E+01  2.00835648E+02
     3  'FLUXDISAFACT'       2       2
  1.83401859E+00  5.42586386E-01
     3  'ISOTOPESDENS'       2       2
  1.00000000E+00  1.09532522E-10
     3  'ISOTOPES-EFJ'       2       2
  3.28904196E-11  0.00000000E+00
     2  'BURN      18'       0      -1
     3  'XE135       '       0      -1
     4  'TOTAL       '       2       2
  1.22943842E+00  1.07071975E+06
     4  'NG          '       2       2
  1.22943890E+00  1.07071975E+06
     4  'STRD        '       2       2
  1.18215418E+00  1.03207806E+06
     4  'SIGS 0      '       2       2
 -4.48506654E-07  0.00000000E+00
     4  'NJJ  0      '       1       2
         1         1
     4  'IJJ  0      '       1       2
         1         2
     4  'SCAT 0      '       2       2
 -4.48506654E-07  0.00000000E+00
     4  'XS-SAVED    '       1      22
         1         0         0         0         0         0         1         0
         0         0         0         0         0         0         0         0
         1         0         0         0         1         0
     3  'MACR        '       0      -1
     4  'TOTAL       '       2       2
  3.11653405E-01  4.20508146E-01
     4  'TRANC       '       2       2
  4.96350676E-02  5.77240698E-02
     4  'NUSIGF      '       2       2
  9.11682437E-04  4.55172127E-03
     4  'NFTOT       '       2       2
  3.27381858E-04  1.70133170E-03
     4  'CHI         '       2       2
  9.99998033E-01  0.00000000E+00
     4  'NG          '       2       2
  1.49807916E-03  2.19054054E-03
     4  'STRD        '       2       2
  2.48289615E-01  3.49452943E-01
     4  'SIGS 0      '       2       2
  3.09827954E-01  4.16616291E-01
     4  'NJJ  0      '       1       2
         2         2
     4  'IJJ  0      '       1       2
         2         2
     4  'SCAT 0      '       2       4
  2.02828755E-06  3.00185829E-01  4.16614264E-01  9.64213442E-03
     4  'SIGS 1      '       2       2
  5.34326062E-02  5.79714738E-02
     4  'NJJ  1      '       1       2
         1         2
     4  'IJJ  1      '       1       2
         1         2
     4  'SCAT 1      '       2       3
  5.37817031E-02  5.79714738E-02 -3.49098176E-04
     4  'XS-SAVED    '       1      22
         1         1         1         1         1         0         1         0
         0         0         0         0         0         0         0         0
         1         0         0         0         1         1
     3  'OVERV       '       2       2
  4.58292924E-08  3.69430472E-06
     3  'FLUX-INTG   '       2       2
  8.62234344E+01  2.02427063E+02
     3  'FLUXDISAFACT'       2       2
  1.83219421E+00  5.34871399E-01
     3  'ISOTOPESDENS'       2       2
  1.00000000E+00  1.09572296E-10
     3  'ISOTOPES-EFJ'       2       2
  3.30414550E-11  0.00000000E+00
     2  'BURN      19'       0      -1
     3  'XE135       '       0      -1
     4  'TOTAL       '       2       2
  1.21997845E+00  1.06680175E+06
     4  'NG          '       2       2
  1.21997893E+00  1.06680175E+06
     4  'STRD        '       2       2
  1.17273283E+00  1.02825062E+06
     4  'SIGS 0      '       2       2
 -4.48149336E-07  0.00000000E+00
     4  'NJJ  0      '       1       2
         1         1
     4  'IJJ  0      '       1       2
         1         2
     4  'SCAT 0      '       2       2
 -4.48149336E-07  0.00000000E+00
     4  'XS-SAVED    '       1      22
         1         0         0         0         0         0         1         0
         0         0         0         0         0         0         0         0
         1         0         0         0         1         0
     3  'MACR        '       0      -1
     4  'TOTAL       '       2       2
  3.11675608E-01  4.20726418E-01
     4  'TRANC       '       2       2
  4.96374927E-02  5.77327125E-02
     4  'NUSIGF      '       2       2
  9.01927473E-04  4.47948836E-03
     4  'NFTOT       '       2       2
  3.22379870E-04  1.64881581E-03
     4  'CHI         '       2       2
  9.99998033E-01  0.00000000E+00
     4  'NG          '       2       2
  1.51384005E-03  2.28808681E-03
     4  'STRD        '       2       2
  2.48208717E-01  3.49637628E-01
     4  'SIGS 0      '       2       2
  3.09839398E-01  4.16789532E-01
     4  'NJJ  0      '       1       2
         2         2
     4  'IJJ  0      '       1       2
         2         2
     4  'SCAT 0      '       2       4
  2.01007174E-06  3.00166458E-01  4.16787535E-01  9.67293140E-03
     4  'SIGS 1      '       2       2
  5.34673445E-02  5.79802133E-02
     4  'NJJ  1      '       1       2
         1         2
     4  'IJJ  1      '       1       2
         1         2
     4  'SCAT 1      '       2       3
  5.38174771E-02  5.79802133E-02 -3.50131508E-04
     4  'XS-SAVED    '       1      22
         1         1         1         1         1         0         1         0
         0         0         0         0         0         0         0         0
         1         0         0         0         1         1
     3  'OVERV       '       2       2
  4.59464289E-08  3.69912755E-06
     3  'FLUX-INTG   '       2       2
  8.66971130E+01  2.05783661E+02
     3  'FLUXDISAFACT'       2       2
  1.83002293E+00  5.30122161E-01
     3  'ISOTOPESDENS'       2       2
  1.00000000E+00  1.07819954E-10
     3  'ISOTOPES-EFJ'       2       2
  3.31618934E-11  0.00000000E+00
     2  'BURN      20'       0      -1
     3  'XE135       '       0      -1
     4  'TOTAL       '       2       2
  1.21182907E+00  1.06513575E+06
     4  'NG          '       2       2
  1.21182954E+00  1.06513575E+06
     4  'STRD        '       2       2
  1.16457212E+00  1.02657938E+06
     4  'SIGS 0      '       2       2
 -4.47763597E-07  0.00000000E+00
     4  'NJJ  0      '       1       2
         1         1
     4  'IJJ  0      '       1       2
         1         2
     4  'SCAT 0      '       2       2
 -4.47763597E-07  0.00000000E+00
     4  'XS-SAVED    '       1      22
         1         0         0         0         0         0         1         0
         0         0         0         0         0         0         0         0
         1         0         0         0         1         0
     3  'MACR        '       0      -1
     4  'TOTAL       '       2       2
  3.11695606E-01  4.20922339E-01
     4  'TRANC       '       2       2
  4.96421158E-02  5.77307940E-02
     4  'NUSIGF      '       2       2
  8.92970886E-04  4.39363951E-03
     4  'NFTOT       '       2       2
  3.17968632E-04  1.59723929E-03
     4  'CHI         '       2       2
  9.99998033E-01  0.00000000E+00
     4  'NG          '       2       2
  1.52852456E-03  2.37172563E-03
     4  'STRD        '       2       2
  2.48124525E-01  3.49806011E-01
     4  'SIGS 0      '       2       2
  3.09849113E-01  4.16953355E-01
     4  'NJJ  0      '       1       2
         2         2
     4  'IJJ  0      '       1       2
         2         2
     4  'SCAT 0      '       2       4
  1.98555858E-06  3.00144762E-01  4.16951388E-01  9.70434304E-03
     4  'SIGS 1      '       2       2
  5.35024814E-02  5.79782948E-02
     4  'NJJ  1      '       1       2
         1         2
     4  'IJJ  1      '       1       2
         1         2
     4  'SCAT 1      '       2       3
  5.38536347E-02  5.79782948E-02 -3.51153518E-04
     4  'XS-SAVED    '       1      22
         1         1         1         1         1         0         1         0
         0         0         0         0         0         0         0         0
         1         0         0         0         1         1
     3  'OVERV       '       2       2
  4.60655230E-08  3.70422117E-06
     3  'FLUX-INTG   '       2       2
  8.71729813E+01  2.09884552E+02
     3  'FLUXDISAFACT'       2       2
  1.82762301E+00  5.26874781E-01
     3  'ISOTOPESDENS'       2       2
  1.00000000E+00  1.05671701E-10
     3  'ISOTOPES-EFJ'       2       2
  3.32613694E-11  0.00000000E+00
     2  'BURN      21'       0      -1
     3  'XE135       '       0      -1
     4  'TOTAL       '       2       2
  1.20459974E+00  1.06433862E+06
     4  'NG          '       2       2
  1.20460021E+00  1.06433862E+06
     4  'STRD        '       2       2
  1.15730822E+00  1.02573962E+06
     4  'SIGS 0      '       2       2
 -4.47373480E-07  0.00000000E+00
     4  'NJJ  0      '       1       2
         1         1
     4  'IJJ  0      '       1       2
         1         2
     4  'SCAT 0      '       2       2
 -4.47373480E-07  0.00000000E+00
     4  'XS-SAVED    '       1      22
         1         0         0         0         0         0         1         0
         0         0         0         0         0         0         0         0
         1         0         0         0         1         0
     3  'MACR        '       0      -1
     4  'TOTAL       '       2       2
  3.11711133E-01  4.21097934E-01
     4  'TRANC       '       2       2
  4.96494025E-02  5.77251986E-02
     4  'NUSIGF      '       2       2
  8.84589332E-04  4.30819253E-03
     4  'NFTOT       '       2       2
  3.14001139E-04  1.55026827E-03
     4  'CHI         '       2       2
  9.99998033E-01  0.00000000E+00
     4  'NG          '       2       2
  1.54256425E-03  2.44428054E-03
     4  'STRD        '       2       2
  2.48038948E-01  3.49956214E-01
     4  'SIGS 0      '       2       2
  3.09854567E-01  4.17103350E-01
     4  'NJJ  0      '       1       2
         2         2
     4  'IJJ  0      '       1       2
         2         2
     4  'SCAT 0      '       2       4
  1.95983989E-06  3.00120443E-01  4.17101383E-01  9.73412767E-03
     4  'SIGS 1      '       2       2
  5.35364598E-02  5.79726845E-02
     4  'NJJ  1      '       1       2
         1         2
     4  'IJJ  1      '       1       2
         1         2
     4  'SCAT 1      '       2       3
  5.38885668E-02  5.79726845E-02 -3.52107978E-04
     4  'XS-SAVED    '       1      22
         1         1         1         1         1         0         1         0
         0         0         0         0         0         0         0         0
         1         0         0         0         1         1
     3  'OVERV       '       2       2
  4.61780800E-08  3.70906514E-06
     3  'FLUX-INTG   '       2       2
  8.76264267E+01  2.14123810E+02
     3  'FLUXDISAFACT'       2       2
  1.82503283E+00  5.24375260E-01
     3  'ISOTOPESDENS'       2       2
  1.00000000E+00  1.03531940E-10
     3  'ISOTOPES-EFJ'       2       2
  3.33445042E-11  0.00000000E+00
     2  'BURN      22'       0      -1
     3  'XE135       '       0      -1
     4  'TOTAL       '       2       2
  1.19783032E+00  1.06365100E+06
     4  'NG          '       2       2
  1.19783068E+00  1.06365100E+06
     4  'STRD        '       2       2
  1.15050805E+00  1.02500494E+06
     4  'SIGS 0      '       2       2
 -4.47020682E-07  0.00000000E+00
     4  'NJJ  0      '       1       2
         1         1
     4  'IJJ  0      '       1       2
         1         2
     4  'SCAT 0      '       2       2
 -4.47020682E-07  0.00000000E+00
     4  'XS-SAVED    '       1      22
         1         0         0         0         0         0         1         0
         0         0         0         0         0         0         0         0
         1         0         0         0         1         0
     3  'MACR        '       0      -1
     4  'TOTAL       '       2       2
  3.11720967E-01  4.21254218E-01
     4  'TRANC       '       2       2
  4.96596619E-02  5.77197522E-02
     4  'NUSIGF      '       2       2
  8.77571758E-04  4.23027994E-03
     4  'NFTOT       '       2       2
  3.10711097E-04  1.50951918E-03
     4  'CHI         '       2       2
  9.99998033E-01  0.00000000E+00
     4  'NG          '       2       2
  1.55565643E-03  2.50748848E-03
     4  'STRD        '       2       2
  2.47954071E-01  3.50087523E-01
     4  'SIGS 0      '       2       2
  3.09854597E-01  4.17237222E-01
     4  'NJJ  0      '       1       2
         2         2
     4  'IJJ  0      '       1       2
         2         2
     4  'SCAT 0      '       2       4
  1.93568417E-06  3.00093561E-01  4.17235285E-01  9.76104476E-03
     4  'SIGS 1      '       2       2
  5.35681248E-02  5.79672568E-02
     4  'NJJ  1      '       1       2
         1         2
     4  'IJJ  1      '       1       2
         1         2
     4  'SCAT 1      '       2       3
  5.39210960E-02  5.79672568E-02 -3.52971168E-04
     4  'XS-SAVED    '       1      22
         1         1         1         1         1         0         1         0
         0         0         0         0         0         0         0         0
         1         0         0         0         1         1
     3  'OVERV       '       2       2
  4.62793324E-08  3.71338115E-06
     3  'FLUX-INTG   '       2       2
  8.80417557E+01  2.18126724E+02
     3  'FLUXDISAFACT'       2       2
  1.82237172E+00  5.22197604E-01
     3  'ISOTOPESDENS'       2       2
  1.00000000E+00  1.01610935E-10
     3  'ISOTOPES-EFJ'       2       2
  3.34138307E-11  0.00000000E+00
     2  'BURN      23'       0      -1
     3  'XE135       '       0      -1
     4  'TOTAL       '       2       2
  1.19134724E+00  1.06264688E+06
     4  'NG          '       2       2
  1.19134772E+00  1.06264688E+06
     4  'STRD        '       2       2
  1.14400852E+00  1.02396788E+06
     4  'SIGS 0      '       2       2
 -4.46725579E-07  0.00000000E+00
     4  'NJJ  0      '       1       2
         1         1
     4  'IJJ  0      '       1       2
         1         2
     4  'SCAT 0      '       2       2
 -4.46725579E-07  0.00000000E+00
     4  'XS-SAVED    '       1      22
         1         0         0         0         0         0         1         0
         0         0         0         0         0         0         0         0
         1         0         0         0         1         0
     3  'MACR        '       0      -1
     4  'TOTAL       '       2       2
  3.11724663E-01  4.21392381E-01
     4  'TRANC       '       2       2
  4.96726222E-02  5.77162765E-02
     4  'NUSIGF      '       2       2
  8.71645287E-04  4.16317675E-03
     4  'NFTOT       '       2       2
  3.07968818E-04  1.47545105E-03
     4  'CHI         '       2       2
  9.99998033E-01  0.00000000E+00
     4  'NG          '       2       2
  1.56782917E-03  2.56265467E-03
     4  'STRD        '       2       2
  2.47870967E-01  3.50200176E-01
     4  'SIGS 0      '       2       2
  3.09848875E-01  4.17354256E-01
     4  'NJJ  0      '       1       2
         2         2
     4  'IJJ  0      '       1       2
         2         2
     4  'SCAT 0      '       2       4
  1.91444451E-06  3.00064266E-01  4.17352349E-01  9.78459697E-03
     4  'SIGS 1      '       2       2
  5.35968803E-02  5.79638518E-02
     4  'NJJ  1      '       1       2
         1         2
     4  'IJJ  1      '       1       2
         1         2
     4  'SCAT 1      '       2       3
  5.39506152E-02  5.79638518E-02 -3.53735959E-04
     4  'XS-SAVED    '       1      22
         1         1         1         1         1         0         1         0
         0         0         0         0         0         0         0         0
         1         0         0         0         1         1
     3  'OVERV       '       2       2
  4.63675178E-08  3.71705505E-06
     3  'FLUX-INTG   '       2       2
  8.84123459E+01  2.21690262E+02
     3  'FLUXDISAFACT'       2       2
  1.81973398E+00  5.20124853E-01
     3  'ISOTOPESDENS'       2       2
  1.00000000E+00  1.00014351E-10
     3  'ISOTOPES-EFJ'       2       2
  3.34711182E-11  0.00000000E+00
     2  'BURN      24'       0      -1
     3  'XE135       '       0      -1
     4  'TOTAL       '       2       2
  1.18497646E+00  1.06115600E+06
     4  'NG          '       2       2
  1.18497694E+00  1.06115600E+06
     4  'STRD        '       2       2
  1.13764358E+00  1.02246606E+06
     4  'SIGS 0      '       2       2
 -4.46508750E-07  0.00000000E+00
     4  'NJJ  0      '       1       2
         1         1
     4  'IJJ  0      '       1       2
         1         2
     4  'SCAT 0      '       2       2
 -4.46508750E-07  0.00000000E+00
     4  'XS-SAVED    '       1      22
         1         0         0         0         0         0         1         0
         0         0         0         0         0         0         0         0
         1         0         0         0         1         0
     3  'MACR        '       0      -1
     4  'TOTAL       '       2       2
  3.11722606E-01  4.21513706E-01
     4  'TRANC       '       2       2
  4.96883839E-02  5.77154197E-02
     4  'NUSIGF      '       2       2
  8.66722665E-04  4.10761824E-03
     4  'NFTOT       '       2       2
  3.05713154E-04  1.44775375E-03
     4  'CHI         '       2       2
  9.99998033E-01  0.00000000E+00
     4  'NG          '       2       2
  1.57920457E-03  2.61086342E-03
     4  'STRD        '       2       2
  2.47790486E-01  3.50295484E-01
     4  'SIGS 0      '       2       2
  3.09837669E-01  4.17455107E-01
     4  'NJJ  0      '       1       2
         2         2
     4  'IJJ  0      '       1       2
         2         2
     4  'SCAT 0      '       2       4
  1.89653792E-06  3.00033033E-01  4.17453200E-01  9.80463345E-03
     4  'SIGS 1      '       2       2
  5.36225177E-02  5.79631180E-02
     4  'NJJ  1      '       1       2
         1         2
     4  'IJJ  1      '       1       2
         1         2
     4  'SCAT 1      '       2       3
  5.39769195E-02  5.79631180E-02 -3.54400836E-04
     4  'XS-SAVED    '       1      22
         1         1         1         1         1         0         1         0
         0         0         0         0         0         0         0         0
         1         0         0         0         1         1
     3  'OVERV       '       2       2
  4.64420324E-08  3.72008094E-06
     3  'FLUX-INTG   '       2       2
  8.87366562E+01  2.24726303E+02
     3  'FLUXDISAFACT'       2       2
  1.81719136E+00  5.18058360E-01
     3  'ISOTOPESDENS'       2       2
  1.00000000E+00  9.87610896E-11
     3  'ISOTOPES-EFJ'       2       2
  3.35178760E-11  0.00000000E+00
     2  'BURN      25'       0      -1
     3  'XE135       '       0      -1
     4  'TOTAL       '       2       2
  1.17863381E+00  1.05916050E+06
     4  'NG          '       2       2
  1.17863417E+00  1.05916050E+06
     4  'STRD        '       2       2
  1.13133109E+00  1.02048325E+06
     4  'SIGS 0      '       2       2
 -4.46377840E-07  0.00000000E+00
     4  'NJJ  0      '       1       2
         1         1
     4  'IJJ  0      '       1       2
         1         2
     4  'SCAT 0      '       2       2
 -4.46377840E-07  0.00000000E+00
     4  'XS-SAVED    '       1      22
         1         0         0         0         0         0         1         0
         0         0         0         0         0         0         0         0
         1         0         0         0         1         0
     3  'MACR        '       0      -1
     4  'TOTAL       '       2       2
  3.11715305E-01  4.21619922E-01
     4  'TRANC       '       2       2
  4.97066006E-02  5.77171110E-02
     4  'NUSIGF      '       2       2
  8.62673041E-04  4.06284677E-03
     4  'NFTOT       '       2       2
  3.03872308E-04  1.42568746E-03
     4  'CHI         '       2       2
  9.99998033E-01  0.00000000E+00
     4  'NG          '       2       2
  1.58986077E-03  2.65308516E-03
     4  'STRD        '       2       2
  2.47712955E-01  3.50375414E-01
     4  'SIGS 0      '       2       2
  3.09821576E-01  4.17541176E-01
     4  'NJJ  0      '       1       2
         2         2
     4  'IJJ  0      '       1       2
         2         2
     4  'SCAT 0      '       2       4
  1.88184106E-06  3.00000250E-01  4.17539299E-01  9.82134882E-03
     4  'SIGS 1      '       2       2
  5.36451004E-02  5.79649806E-02
     4  'NJJ  1      '       1       2
         1         2
     4  'IJJ  1      '       1       2
         1         2
     4  'SCAT 1      '       2       3
  5.40000722E-02  5.79649806E-02 -3.54972144E-04
     4  'XS-SAVED    '       1      22
         1         1         1         1         1         0         1         0
         0         0         0         0         0         0         0         0
         1         0         0         0         1         1
     3  'OVERV       '       2       2
  4.65036472E-08  3.72251543E-06
     3  'FLUX-INTG   '       2       2
  8.90171509E+01  2.27231628E+02
     3  'FLUXDISAFACT'       2       2
  1.81479621E+00  5.15971899E-01
     3  'ISOTOPESDENS'       2       2
  1.00000000E+00  9.78270520E-11
     3  'ISOTOPES-EFJ'       2       2
  3.35555785E-11  0.00000000E+00
     2  'BURN      26'       0      -1
     3  'XE135       '       0      -1
     4  'TOTAL       '       2       2
  1.17228901E+00  1.05672150E+06
     4  'NG          '       2       2
  1.17228937E+00  1.05672150E+06
     4  'STRD        '       2       2
  1.12504005E+00  1.01807831E+06
     4  'SIGS 0      '       2       2
 -4.46334667E-07  0.00000000E+00
     4  'NJJ  0      '       1       2
         1         1
     4  'IJJ  0      '       1       2
         1         2
     4  'SCAT 0      '       2       2
 -4.46334667E-07  0.00000000E+00
     4  'XS-SAVED    '       1      22
         1         0         0         0         0         0         1         0
         0         0         0         0         0         0         0         0
         1         0         0         0         1         0
     3  'MACR        '       0      -1
     4  'TOTAL       '       2       2
  3.11703682E-01  4.21713024E-01
     4  'TRANC       '       2       2
  4.97268736E-02  5.77209629E-02
     4  'NUSIGF      '       2       2
  8.59338150E-04  4.02734941E-03
     4  'NFTOT       '       2       2
  3.02369095E-04  1.40832888E-03
     4  'CHI         '       2       2
  9.99998033E-01  0.00000000E+00
     4  'NG          '       2       2
  1.59988692E-03  2.69017345E-03
     4  'STRD        '       2       2
  2.47638568E-01  3.50442290E-01
     4  'SIGS 0      '       2       2
  3.09801430E-01  4.17614520E-01
     4  'NJJ  0      '       1       2
         2         2
     4  'IJJ  0      '       1       2
         2         2
     4  'SCAT 0      '       2       4
  1.86993577E-06  2.99966305E-01  4.17612642E-01  9.83511936E-03
     4  'SIGS 1      '       2       2
  5.36648855E-02  5.79690337E-02
     4  'NJJ  1      '       1       2
         1         2
     4  'IJJ  1      '       1       2
         1         2
     4  'SCAT 1      '       2       3
  5.40203452E-02  5.79690337E-02 -3.55460652E-04
     4  'XS-SAVED    '       1      22
         1         1         1         1         1         0         1         0
         0         0         0         0         0         0         0         0
         1         0         0         0         1         1
     3  'OVERV       '       2       2
  4.65538434E-08  3.72444947E-06
     3  'FLUX-INTG   '       2       2
  8.92586441E+01  2.29256653E+02
     3  'FLUXDISAFACT'       2       2
  1.81257689E+00  5.13872206E-01
     3  'ISOTOPESDENS'       2       2
  1.00000000E+00  9.71659350E-11
     3  'ISOTOPES-EFJ'       2       2
  3.35856620E-11  0.00000000E+00
     2  'BURN      27'       0      -1
     3  'XE135       '       0      -1
     4  'TOTAL       '       2       2
  1.16594696E+00  1.05394712E+06
     4  'NG          '       2       2
  1.16594744E+00  1.05394712E+06
     4  'STRD        '       2       2
  1.11877227E+00  1.01535538E+06
     4  'SIGS 0      '       2       2
 -4.46371388E-07  0.00000000E+00
     4  'NJJ  0      '       1       2
         1         1
     4  'IJJ  0      '       1       2
         1         2
     4  'SCAT 0      '       2       2
 -4.46371388E-07  0.00000000E+00
     4  'XS-SAVED    '       1      22
         1         0         0         0         0         0         1         0
         0         0         0         0         0         0         0         0
         1         0         0         0         1         0
     3  'MACR        '       0      -1
     4  'TOTAL       '       2       2
  3.11688423E-01  4.21794772E-01
     4  'TRANC       '       2       2
  4.97487783E-02  5.77264130E-02
     4  'NUSIGF      '       2       2
  8.56572937E-04  3.99941485E-03
     4  'NFTOT       '       2       2
  3.01134714E-04  1.39475660E-03
     4  'CHI         '       2       2
  9.99998033E-01  0.00000000E+00
     4  'NG          '       2       2
  1.60936429E-03  2.72290362E-03
     4  'STRD        '       2       2
  2.47567177E-01  3.50498289E-01
     4  'SIGS 0      '       2       2
  3.09777915E-01  4.17677104E-01
     4  'NJJ  0      '       1       2
         2         2
     4  'IJJ  0      '       1       2
         2         2
     4  'SCAT 0      '       2       4
  1.86031184E-06  2.99931526E-01  4.17675257E-01  9.84639581E-03
     4  'SIGS 1      '       2       2
  5.36822081E-02  5.79747148E-02
     4  'NJJ  1      '       1       2
         1         2
     4  'IJJ  1      '       1       2
         1         2
     4  'SCAT 1      '       2       3
  5.40380850E-02  5.79747148E-02 -3.55878059E-04
     4  'XS-SAVED    '       1      22
         1         1         1         1         1         0         1         0
         0         0         0         0         0         0         0         0
         1         0         0         0         1         1
     3  'OVERV       '       2       2
  4.65943657E-08  3.72597856E-06
     3  'FLUX-INTG   '       2       2
  8.94667587E+01  2.30875061E+02
     3  'FLUXDISAFACT'       2       2
  1.81054258E+00  5.11785805E-01
     3  'ISOTOPESDENS'       2       2
  1.00000000E+00  9.67239969E-11
     3  'ISOTOPES-EFJ'       2       2
  3.36094728E-11  0.00000000E+00
     2  'BURN      28'       0      -1
     3  'XE135       '       0      -1
     4  'TOTAL       '       2       2
  1.15962982E+00  1.05095212E+06
     4  'NG          '       2       2
  1.15963018E+00  1.05095212E+06
     4  'STRD        '       2       2
  1.11254573E+00  1.01242438E+06
     4  'SIGS 0      '       2       2
 -4.46480101E-07  0.00000000E+00
     4  'NJJ  0      '       1       2
         1         1
     4  'IJJ  0      '       1       2
         1         2
     4  'SCAT 0      '       2       2
 -4.46480101E-07  0.00000000E+00
     4  'XS-SAVED    '       1      22
         1         0         0         0         0         0         1         0
         0         0         0         0         0         0         0         0
         1         0         0         0         1         0
     3  'MACR        '       0      -1
     4  'TOTAL       '       2       2
  3.11670274E-01  4.21866924E-01
     4  'TRANC       '       2       2
  4.97719347E-02  5.77329285E-02
     4  'NUSIGF      '       2       2
  8.54243059E-04  3.97738069E-03
     4  'NFTOT       '       2       2
  3.00107553E-04  1.38413056E-03
     4  'CHI         '       2       2
  9.99998033E-01  0.00000000E+00
     4  'NG          '       2       2
  1.61836599E-03  2.75194482E-03
     4  'STRD        '       2       2
  2.47498438E-01  3.50545466E-01
     4  'SIGS 0      '       2       2
  3.09751779E-01  4.17730838E-01
     4  'NJJ  0      '       1       2
         2         2
     4  'IJJ  0      '       1       2
         2         2
     4  'SCAT 0      '       2       4
  1.85245426E-06  2.99896181E-01  4.17728990E-01  9.85561870E-03
     4  'SIGS 1      '       2       2
  5.36974259E-02  5.79814687E-02
     4  'NJJ  1      '       1       2
         1         2
     4  'IJJ  1      '       1       2
         1         2
     4  'SCAT 1      '       2       3
  5.40536642E-02  5.79814687E-02 -3.56235891E-04
     4  'XS-SAVED    '       1      22
         1         1         1         1         1         0         1         0
         0         0         0         0         0         0         0         0
         1         0         0         0         1         1
     3  'OVERV       '       2       2
  4.66269370E-08  3.72719433E-06
     3  'FLUX-INTG   '       2       2
  8.96472168E+01  2.32167740E+02
     3  'FLUXDISAFACT'       2       2
  1.80868793E+00  5.09740949E-01
     3  'ISOTOPESDENS'       2       2
  1.00000000E+00  9.64493624E-11
     3  'ISOTOPES-EFJ'       2       2
  3.36282079E-11  0.00000000E+00
     2  'BURNUP      '       2      28
  0.00000000E+00  3.19659271E+01  1.91526260E+02  3.51335449E+02  5.11198608E+02
  6.71071472E+02  8.30944214E+02  9.90815308E+02  1.15068457E+03  1.31055249E+03
  1.47041870E+03  1.63028394E+03  1.95005786E+03  2.26981738E+03  2.58956738E+03
  2.90931104E+03  3.22904858E+03  4.82954199E+03  6.42854639E+03  8.02685938E+03
  9.62479395E+03  1.12225439E+04  1.28202520E+04  1.44180078E+04  1.60158652E+04
  1.76138418E+04  1.92119395E+04  2.08101484E+04
     2  'N/KB        '       2      28
  0.00000000E+00  2.90778764E-02  1.74884126E-01  3.20291221E-01  4.65226352E-01
  6.09780550E-01  7.54024029E-01  8.98024678E-01  1.04184043E+00  1.18552136E+00
  1.32911074E+00  1.47264647E+00  1.75924349E+00  2.04607391E+00  2.33329630E+00
  2.62104201E+00  2.90942979E+00  4.36114931E+00  5.84080410E+00  7.34782982E+00
  8.88024330E+00  1.04350739E+01  1.20087957E+01  1.35978165E+01  1.51987829E+01
  1.68087711E+01  1.84253788E+01  2.00467186E+01
     2  'ISOTOPESNAME'       3      24
MACR        XE135       
     2  'JTAB        '       1       2
         0         0
     2  'PARAM       '       1       4
         2         2         2        28
     1  'STATE-VECTOR'       1      20
         1         2         2         2        28         4         0         0
         0         0         0         0         0         0         0         0
         0         0         0         0
