     1  'SIGNATURE   '       3      12
L_COMPO     
     1  'SORGTREF   1'       0      -1
     2  'BURN       1'       0      -1
     3  'MACR        '       0      -1
     4  'TOTAL       '       2       2
  3.10616136E-01  4.17168409E-01
     4  'TRANC       '       2       2
  4.95434515E-02  5.73009104E-02
     4  'NUSIGF      '       2       2
  9.17856349E-04  5.08721685E-03
     4  'NFTOT       '       2       2
  3.30354116E-04  1.91601575E-03
     4  'CHI         '       2       2
  9.99998033E-01  0.00000000E+00
     4  'NG          '       2       2
  1.48635148E-03  2.51309667E-03
     4  'STRD        '       2       2
  2.47155517E-01  3.46687824E-01
     4  'SIGS 0      '       2       2
  3.08799446E-01  4.12739277E-01
     4  'NJJ  0      '       1       2
         2         2
     4  'IJJ  0      '       1       2
         2         2
     4  'SCAT 0      '       2       4
  2.32887896E-06  2.99173176E-01  4.12736952E-01  9.62626748E-03
     4  'SIGS 1      '       2       2
  5.35106398E-02  5.75363971E-02
     4  'NJJ  1      '       1       2
         1         2
     4  'IJJ  1      '       1       2
         1         2
     4  'SCAT 1      '       2       3
  5.38613200E-02  5.75363971E-02 -3.50677728E-04
     4  'XS-SAVED    '       1      22
         1         1         1         1         1         0         1         0
         0         0         0         0         0         0         0         0
         1         0         0         0         1         1
     3  'OVERV       '       2       2
  4.60417731E-08  3.64207972E-06
     3  'FLUX-INTG   '       2       2
  8.59633102E+01  1.81061295E+02
     3  'FLUXDISAFACT'       2       2
  1.69932687E+00  6.19877756E-01
     3  'ISOTOPESDENS'       2       1
  1.00000000E+00
     3  'ISOTOPES-EFJ'       2       1
  0.00000000E+00
     2  'TITLE       '       3      72
INCREMENTAL CALCULATION FOR G-2                                         
     2  'VOLUME      '       2       1
  8.08855312E+04
     2  'ENERGY      '       2       3
  1.00000000E+07  4.00000000E+00  9.99999975E-06
     2  'BURNUP      '       2       1
  4.15615332E+03
     2  'N/KB        '       2       1
  3.74988294E+00
     2  'ISOTOPESNAME'       3      12
MACR        
     2  'JTAB        '       1       1
         0
     2  'PARAM       '       1       4
         2         1         2         1
     1  'STATE-VECTOR'       1      20
         1         2         1         2         1         4         0         0
         0         0         0         0         0         0         0         0
         0         0         0         0
     1  'SORGT      1'       0      -1
     2  'BURN       1'       0      -1
     3  'MACR        '       0      -1
     4  'TOTAL       '       2       2
  3.10333729E-01  4.16546881E-01
     4  'TRANC       '       2       2
  4.94491160E-02  5.71867973E-02
     4  'NUSIGF      '       2       2
  9.16769903E-04  5.08765131E-03
     4  'NFTOT       '       2       2
  3.29971546E-04  1.91616465E-03
     4  'CHI         '       2       2
  9.99998033E-01  0.00000000E+00
     4  'NG          '       2       2
  1.48814754E-03  2.51801359E-03
     4  'STRD        '       2       2
  2.46982336E-01  3.46217006E-01
     4  'SIGS 0      '       2       2
  3.08515608E-01  4.12112713E-01
     4  'NJJ  0      '       1       2
         2         2
     4  'IJJ  0      '       1       2
         2         2
     4  'SCAT 0      '       2       4
  2.33846436E-06  2.98905492E-01  4.12110358E-01  9.61013045E-03
     4  'SIGS 1      '       2       2
  5.34225404E-02  5.74199818E-02
     4  'NJJ  1      '       1       2
         1         2
     4  'IJJ  1      '       1       2
         1         2
     4  'SCAT 1      '       2       3
  5.37726656E-02  5.74199818E-02 -3.50123824E-04
     4  'XS-SAVED    '       1      22
         1         1         1         1         1         0         1         0
         0         0         0         0         0         0         0         0
         1         0         0         0         1         1
     3  'OVERV       '       2       2
  4.60574938E-08  3.64109337E-06
     3  'FLUX-INTG   '       2       2
  8.61153412E+01  1.81036789E+02
     3  'FLUXDISAFACT'       2       2
  1.69778514E+00  6.20040119E-01
     3  'ISOTOPESDENS'       2       1
  1.00000000E+00
     3  'ISOTOPES-EFJ'       2       1
  0.00000000E+00
     2  'TITLE       '       3      72
INCREMENTAL CALCULATION FOR G-2                                         
     2  'VOLUME      '       2       1
  8.08855312E+04
     2  'ENERGY      '       2       3
  1.00000000E+07  4.00000000E+00  9.99999975E-06
     2  'BURNUP      '       2       1
  4.15615332E+03
     2  'N/KB        '       2       1
  3.74988294E+00
     2  'ISOTOPESNAME'       3      12
MACR        
     2  'JTAB        '       1       1
         0
     2  'PARAM       '       1       4
         2         1         2         1
     1  'LZCGTREF   1'       0      -1
     2  'BURN       1'       0      -1
     3  'MACR        '       0      -1
     4  'TOTAL       '       2       2
  3.10617089E-01  4.17164534E-01
     4  'TRANC       '       2       2
  4.95446362E-02  5.73004559E-02
     4  'NUSIGF      '       2       2
  9.17861296E-04  5.08778263E-03
     4  'NFTOT       '       2       2
  3.30355571E-04  1.91622914E-03
     4  'CHI         '       2       2
  9.99998033E-01  0.00000000E+00
     4  'NG          '       2       2
  1.48627767E-03  2.51337443E-03
     4  'STRD        '       2       2
  2.47155562E-01  3.46684754E-01
     4  'SIGS 0      '       2       2
  3.08800489E-01  4.12734926E-01
     4  'NJJ  0      '       1       2
         2         2
     4  'IJJ  0      '       1       2
         2         2
     4  'SCAT 0      '       2       4
  2.32914249E-06  2.99174041E-01  4.12732571E-01  9.62643698E-03
     4  'SIGS 1      '       2       2
  5.35114408E-02  5.75359315E-02
     4  'NJJ  1      '       1       2
         1         2
     4  'IJJ  1      '       1       2
         1         2
     4  'SCAT 1      '       2       3
  5.38621247E-02  5.75359315E-02 -3.50683840E-04
     4  'XS-SAVED    '       1      22
         1         1         1         1         1         0         1         0
         0         0         0         0         0         0         0         0
         1         0         0         0         1         1
     3  'OVERV       '       2       2
  4.60423450E-08  3.64202651E-06
     3  'FLUX-INTG   '       2       2
  8.59622269E+01  1.81041260E+02
     3  'FLUXDISAFACT'       2       2
  1.69925332E+00  6.19944274E-01
     3  'ISOTOPESDENS'       2       1
  1.00000000E+00
     3  'ISOTOPES-EFJ'       2       1
  0.00000000E+00
     2  'TITLE       '       3      72
INCREMENTAL CALCULATION FOR G-2                                         
     2  'VOLUME      '       2       1
  8.08855312E+04
     2  'ENERGY      '       2       3
  1.00000000E+07  4.00000000E+00  9.99999975E-06
     2  'BURNUP      '       2       1
  4.15615332E+03
     2  'N/KB        '       2       1
  3.74988294E+00
     2  'ISOTOPESNAME'       3      12
MACR        
     2  'JTAB        '       1       1
         0
     2  'PARAM       '       1       4
         2         1         2         1
     1  'LZCGT      1'       0      -1
     2  'BURN       1'       0      -1
     3  'MACR        '       0      -1
     4  'TOTAL       '       2       2
  3.10600460E-01  4.16878283E-01
     4  'TRANC       '       2       2
  4.94609475E-02  5.71965091E-02
     4  'NUSIGF      '       2       2
  9.16849764E-04  5.08822920E-03
     4  'NFTOT       '       2       2
  3.30000417E-04  1.91637990E-03
     4  'CHI         '       2       2
  9.99998033E-01  0.00000000E+00
     4  'NG          '       2       2
  1.49049656E-03  2.52418127E-03
     4  'STRD        '       2       2
  2.47223228E-01  3.46540809E-01
     4  'SIGS 0      '       2       2
  3.08779985E-01  4.12437707E-01
     4  'NJJ  0      '       1       2
         2         2
     4  'IJJ  0      '       1       2
         2         2
     4  'SCAT 0      '       2       4
  2.34763320E-06  2.99166948E-01  4.12435353E-01  9.61301662E-03
     4  'SIGS 1      '       2       2
  5.34305573E-02  5.74276969E-02
     4  'NJJ  1      '       1       2
         1         2
     4  'IJJ  1      '       1       2
         1         2
     4  'SCAT 1      '       2       3
  5.37807383E-02  5.74276969E-02 -3.50179267E-04
     4  'XS-SAVED    '       1      22
         1         1         1         1         1         0         1         0
         0         0         0         0         0         0         0         0
         1         0         0         0         1         1
     3  'OVERV       '       2       2
  4.60619454E-08  3.64086168E-06
     3  'FLUX-INTG   '       2       2
  8.61200485E+01  1.81014023E+02
     3  'FLUXDISAFACT'       2       2
  1.69791400E+00  6.20124519E-01
     3  'ISOTOPESDENS'       2       1
  1.00000000E+00
     3  'ISOTOPES-EFJ'       2       1
  0.00000000E+00
     2  'TITLE       '       3      72
INCREMENTAL CALCULATION FOR G-2                                         
     2  'VOLUME      '       2       1
  8.08855312E+04
     2  'ENERGY      '       2       3
  1.00000000E+07  4.00000000E+00  9.99999975E-06
     2  'BURNUP      '       2       1
  4.15615332E+03
     2  'N/KB        '       2       1
  3.74988294E+00
     2  'ISOTOPESNAME'       3      12
MACR        
     2  'JTAB        '       1       1
         0
     2  'PARAM       '       1       4
         2         1         2         1
     1  'HFDGTREF   1'       0      -1
     2  'BURN       1'       0      -1
     3  'MACR        '       0      -1
     4  'TOTAL       '       2       2
  3.10623795E-01  4.17113096E-01
     4  'TRANC       '       2       2
  4.95589487E-02  5.72961867E-02
     4  'NUSIGF      '       2       2
  9.17088299E-04  5.10076620E-03
     4  'NFTOT       '       2       2
  3.30081355E-04  1.92112394E-03
     4  'CHI         '       2       2
  9.99998033E-01  0.00000000E+00
     4  'NG          '       2       2
  1.48539722E-03  2.51948484E-03
     4  'STRD        '       2       2
  2.47135401E-01  3.46639335E-01
     4  'SIGS 0      '       2       2
  3.08808327E-01  4.12672490E-01
     4  'NJJ  0      '       1       2
         2         2
     4  'IJJ  0      '       1       2
         2         2
     4  'SCAT 0      '       2       4
  2.33599121E-06  2.99178720E-01  4.12670165E-01  9.62960999E-03
     4  'SIGS 1      '       2       2
  5.35305291E-02  5.75314872E-02
     4  'NJJ  1      '       1       2
         1         2
     4  'IJJ  1      '       1       2
         1         2
     4  'SCAT 1      '       2       3
  5.38813844E-02  5.75314872E-02 -3.50855291E-04
     4  'XS-SAVED    '       1      22
         1         1         1         1         1         0         1         0
         0         0         0         0         0         0         0         0
         1         0         0         0         1         1
     3  'OVERV       '       2       2
  4.60568224E-08  3.64077846E-06
     3  'FLUX-INTG   '       2       2
  8.59410629E+01  1.80597275E+02
     3  'FLUXDISAFACT'       2       2
  1.69595587E+00  6.21507466E-01
     3  'ISOTOPESDENS'       2       1
  1.00000000E+00
     3  'ISOTOPES-EFJ'       2       1
  0.00000000E+00
     2  'TITLE       '       3      72
INCREMENTAL CALCULATION FOR G-2                                         
     2  'VOLUME      '       2       1
  8.08855312E+04
     2  'ENERGY      '       2       3
  1.00000000E+07  4.00000000E+00  9.99999975E-06
     2  'BURNUP      '       2       1
  4.15615332E+03
     2  'N/KB        '       2       1
  3.74988294E+00
     2  'ISOTOPESNAME'       3      12
MACR        
     2  'JTAB        '       1       1
         0
     2  'PARAM       '       1       4
         2         1         2         1
     1  'HFDGT      1'       0      -1
     2  'BURN       1'       0      -1
     3  'MACR        '       0      -1
     4  'TOTAL       '       2       2
  3.10364127E-01  4.16596025E-01
     4  'TRANC       '       2       2
  4.94925492E-02  5.72159700E-02
     4  'NUSIGF      '       2       2
  9.16362624E-04  5.10081230E-03
     4  'NFTOT       '       2       2
  3.29826027E-04  1.92113209E-03
     4  'CHI         '       2       2
  9.99998033E-01  0.00000000E+00
     4  'NG          '       2       2
  1.48601597E-03  2.52100523E-03
     4  'STRD        '       2       2
  2.46957600E-01  3.46226752E-01
     4  'SIGS 0      '       2       2
  3.08548301E-01  4.12153900E-01
     4  'NJJ  0      '       1       2
         2         2
     4  'IJJ  0      '       1       2
         2         2
     4  'SCAT 0      '       2       4
  2.33986771E-06  2.98930109E-01  4.12151545E-01  9.61819012E-03
     4  'SIGS 1      '       2       2
  5.34706563E-02  5.74502535E-02
     4  'NJJ  1      '       1       2
         1         2
     4  'IJJ  1      '       1       2
         1         2
     4  'SCAT 1      '       2       3
  5.38211353E-02  5.74502535E-02 -3.50476941E-04
     4  'XS-SAVED    '       1      22
         1         1         1         1         1         0         1         0
         0         0         0         0         0         0         0         0
         1         0         0         0         1         1
     3  'OVERV       '       2       2
  4.60685463E-08  3.64017910E-06
     3  'FLUX-INTG   '       2       2
  8.60395889E+01  1.80590164E+02
     3  'FLUXDISAFACT'       2       2
  1.69493496E+00  6.21583998E-01
     3  'ISOTOPESDENS'       2       1
  1.00000000E+00
     3  'ISOTOPES-EFJ'       2       1
  0.00000000E+00
     2  'TITLE       '       3      72
INCREMENTAL CALCULATION FOR G-2                                         
     2  'VOLUME      '       2       1
  8.08855312E+04
     2  'ENERGY      '       2       3
  1.00000000E+07  4.00000000E+00  9.99999975E-06
     2  'BURNUP      '       2       1
  4.15615332E+03
     2  'N/KB        '       2       1
  3.74988294E+00
     2  'ISOTOPESNAME'       3      12
MACR        
     2  'JTAB        '       1       1
         0
     2  'PARAM       '       1       4
         2         1         2         1
     1  'LPIGTREF   1'       0      -1
     2  'BURN       1'       0      -1
     3  'MACR        '       0      -1
     4  'TOTAL       '       2       2
  3.10621560E-01  4.17118371E-01
     4  'TRANC       '       2       2
  4.95570190E-02  5.72968163E-02
     4  'NUSIGF      '       2       2
  9.17093828E-04  5.09996479E-03
     4  'NFTOT       '       2       2
  3.30083538E-04  1.92082219E-03
     4  'CHI         '       2       2
  9.99998033E-01  0.00000000E+00
     4  'NG          '       2       2
  1.48550002E-03  2.51909113E-03
     4  'STRD        '       2       2
  2.47135356E-01  3.46643567E-01
     4  'SIGS 0      '       2       2
  3.08806002E-01  4.12678450E-01
     4  'NJJ  0      '       1       2
         2         2
     4  'IJJ  0      '       1       2
         2         2
     4  'SCAT 0      '       2       4
  2.33553965E-06  2.99176753E-01  4.12676096E-01  9.62925144E-03
     4  'SIGS 1      '       2       2
  5.35285734E-02  5.75321317E-02
     4  'NJJ  1      '       1       2
         1         2
     4  'IJJ  1      '       1       2
         1         2
     4  'SCAT 1      '       2       3
  5.38794138E-02  5.75321317E-02 -3.50839691E-04
     4  'XS-SAVED    '       1      22
         1         1         1         1         1         0         1         0
         0         0         0         0         0         0         0         0
         1         0         0         0         1         1
     3  'OVERV       '       2       2
  4.60551917E-08  3.64085622E-06
     3  'FLUX-INTG   '       2       2
  8.59435196E+01  1.80625107E+02
     3  'FLUXDISAFACT'       2       2
  1.69615889E+00  6.21409118E-01
     3  'ISOTOPESDENS'       2       1
  1.00000000E+00
     3  'ISOTOPES-EFJ'       2       1
  0.00000000E+00
     2  'TITLE       '       3      72
INCREMENTAL CALCULATION FOR G-2                                         
     2  'VOLUME      '       2       1
  8.08855312E+04
     2  'ENERGY      '       2       3
  1.00000000E+07  4.00000000E+00  9.99999975E-06
     2  'BURNUP      '       2       1
  4.15615332E+03
     2  'N/KB        '       2       1
  3.74988294E+00
     2  'ISOTOPESNAME'       3      12
MACR        
     2  'JTAB        '       1       1
         0
     2  'PARAM       '       1       4
         2         1         2         1
     1  'LPIGT      1'       0      -1
     2  'BURN       1'       0      -1
     3  'MACR        '       0      -1
     4  'TOTAL       '       2       2
  3.09019089E-01  4.14057374E-01
     4  'TRANC       '       2       2
  4.91556041E-02  5.68260103E-02
     4  'NUSIGF      '       2       2
  9.12678428E-04  5.10057248E-03
     4  'NFTOT       '       2       2
  3.28529044E-04  1.92099635E-03
     4  'CHI         '       2       2
  9.99998033E-01  0.00000000E+00
     4  'NG          '       2       2
  1.48877606E-03  2.52756453E-03
     4  'STRD        '       2       2
  2.46024922E-01  3.44193101E-01
     4  'SIGS 0      '       2       2
  3.07201773E-01  4.09608811E-01
     4  'NJJ  0      '       1       2
         2         2
     4  'IJJ  0      '       1       2
         2         2
     4  'SCAT 0      '       2       4
  2.35784773E-06  2.97641963E-01  4.09606457E-01  9.55981109E-03
     4  'SIGS 1      '       2       2
  5.31649813E-02  5.70555553E-02
     4  'NJJ  1      '       1       2
         1         2
     4  'IJJ  1      '       1       2
         1         2
     4  'SCAT 1      '       2       3
  5.35135195E-02  5.70555553E-02 -3.48540343E-04
     4  'XS-SAVED    '       1      22
         1         1         1         1         1         0         1         0
         0         0         0         0         0         0         0         0
         1         0         0         0         1         1
     3  'OVERV       '       2       2
  4.61179717E-08  3.63726917E-06
     3  'FLUX-INTG   '       2       2
  8.65414505E+01  1.80571014E+02
     3  'FLUXDISAFACT'       2       2
  1.68989778E+00  6.21902704E-01
     3  'ISOTOPESDENS'       2       1
  1.00000000E+00
     3  'ISOTOPES-EFJ'       2       1
  0.00000000E+00
     2  'TITLE       '       3      72
INCREMENTAL CALCULATION FOR G-2                                         
     2  'VOLUME      '       2       1
  8.08855312E+04
     2  'ENERGY      '       2       3
  1.00000000E+07  4.00000000E+00  9.99999975E-06
     2  'BURNUP      '       2       1
  4.15615332E+03
     2  'N/KB        '       2       1
  3.74988294E+00
     2  'ISOTOPESNAME'       3      12
MACR        
     2  'JTAB        '       1       1
         0
     2  'PARAM       '       1       4
         2         1         2         1
     1  'ADJGTREF   1'       0      -1
     2  'BURN       1'       0      -1
     3  'MACR        '       0      -1
     4  'TOTAL       '       2       2
  3.10621917E-01  4.17148948E-01
     4  'TRANC       '       2       2
  4.95499559E-02  5.72986342E-02
     4  'NUSIGF      '       2       2
  9.17863043E-04  5.09011140E-03
     4  'NFTOT       '       2       2
  3.30355047E-04  1.91710703E-03
     4  'CHI         '       2       2
  9.99998033E-01  0.00000000E+00
     4  'NG          '       2       2
  1.48596137E-03  2.51451600E-03
     4  'STRD        '       2       2
  2.47155786E-01  3.46672297E-01
     4  'SIGS 0      '       2       2
  3.08805615E-01  4.12717313E-01
     4  'NJJ  0      '       1       2
         2         2
     4  'IJJ  0      '       1       2
         2         2
     4  'SCAT 0      '       2       4
  2.33029368E-06  2.99178362E-01  4.12714988E-01  9.62725841E-03
     4  'SIGS 1      '       2       2
  5.35155237E-02  5.75340576E-02
     4  'NJJ  1      '       1       2
         1         2
     4  'IJJ  1      '       1       2
         1         2
     4  'SCAT 1      '       2       3
  5.38662411E-02  5.75340576E-02 -3.50715796E-04
     4  'XS-SAVED    '       1      22
         1         1         1         1         1         0         1         0
         0         0         0         0         0         0         0         0
         1         0         0         0         1         1
     3  'OVERV       '       2       2
  4.60454537E-08  3.64180369E-06
     3  'FLUX-INTG   '       2       2
  8.59569016E+01  1.80959366E+02
     3  'FLUXDISAFACT'       2       2
  1.69885111E+00  6.20222270E-01
     3  'ISOTOPESDENS'       2       1
  1.00000000E+00
     3  'ISOTOPES-EFJ'       2       1
  0.00000000E+00
     2  'TITLE       '       3      72
INCREMENTAL CALCULATION FOR G-2                                         
     2  'VOLUME      '       2       1
  8.08855312E+04
     2  'ENERGY      '       2       3
  1.00000000E+07  4.00000000E+00  9.99999975E-06
     2  'BURNUP      '       2       1
  4.15615332E+03
     2  'N/KB        '       2       1
  3.74988294E+00
     2  'ISOTOPESNAME'       3      12
MACR        
     2  'JTAB        '       1       1
         0
     2  'PARAM       '       1       4
         2         1         2         1
     1  'ADJGT      1'       0      -1
     2  'BURN       1'       0      -1
     3  'MACR        '       0      -1
     4  'TOTAL       '       2       2
  3.04155320E-01  4.06372160E-01
     4  'TRANC       '       2       2
  4.81771231E-02  5.57991043E-02
     4  'NUSIGF      '       2       2
  9.02739412E-04  5.09227253E-03
     4  'NFTOT       '       2       2
  3.25022091E-04  1.91775768E-03
     4  'CHI         '       2       2
  9.99998033E-01  0.00000000E+00
     4  'NG          '       2       2
  1.48576149E-03  2.51847785E-03
     4  'STRD        '       2       2
  2.42385745E-01  3.37809533E-01
     4  'SIGS 0      '       2       2
  3.02344561E-01  4.01935905E-01
     4  'NJJ  0      '       1       2
         2         2
     4  'IJJ  0      '       1       2
         2         2
     4  'SCAT 0      '       2       4
  2.36580058E-06  2.92959243E-01  4.01933551E-01  9.38530173E-03
     4  'SIGS 1      '       2       2
  5.22729158E-02  5.60241081E-02
     4  'NJJ  1      '       1       2
         1         2
     4  'IJJ  1      '       1       2
         1         2
     4  'SCAT 1      '       2       3
  5.26157394E-02  5.60241081E-02 -3.42824991E-04
     4  'XS-SAVED    '       1      22
         1         1         1         1         1         0         1         0
         0         0         0         0         0         0         0         0
         1         0         0         0         1         1
     3  'OVERV       '       2       2
  4.61829330E-08  3.63112918E-06
     3  'FLUX-INTG   '       2       2
  8.79571991E+01  1.80783249E+02
     3  'FLUXDISAFACT'       2       2
  1.67726243E+00  6.21763647E-01
     3  'ISOTOPESDENS'       2       1
  1.00000000E+00
     3  'ISOTOPES-EFJ'       2       1
  0.00000000E+00
     2  'TITLE       '       3      72
INCREMENTAL CALCULATION FOR G-2                                         
     2  'VOLUME      '       2       1
  8.08855312E+04
     2  'ENERGY      '       2       3
  1.00000000E+07  4.00000000E+00  9.99999975E-06
     2  'BURNUP      '       2       1
  4.15615332E+03
     2  'N/KB        '       2       1
  3.74988294E+00
     2  'ISOTOPESNAME'       3      12
MACR        
     2  'JTAB        '       1       1
         0
     2  'PARAM       '       1       4
         2         1         2         1
