     1  'SIGNATURE   '       3      12
L_COMPO     
     1  'ADJSBREF   1'       0      -1
     2  'BURN       1'       0      -1
     3  'MACR        '       0      -1
     4  'TOTAL       '       2       2
  3.10623646E-01  4.17113453E-01
     4  'TRANC       '       2       2
  4.95588183E-02  5.72962314E-02
     4  'NUSIGF      '       2       2
  9.17088357E-04  5.10071497E-03
     4  'NFTOT       '       2       2
  3.30081384E-04  1.92110462E-03
     4  'CHI         '       2       2
  9.99998033E-01  0.00000000E+00
     4  'NG          '       2       2
  1.48540409E-03  2.51945970E-03
     4  'STRD        '       2       2
  2.47135386E-01  3.46639603E-01
     4  'SIGS 0      '       2       2
  3.08808148E-01  4.12672877E-01
     4  'NJJ  0      '       1       2
         2         2
     4  'IJJ  0      '       1       2
         2         2
     4  'SCAT 0      '       2       4
  2.33596234E-06  2.99178571E-01  4.12670553E-01  9.62958671E-03
     4  'SIGS 1      '       2       2
  5.35303913E-02  5.75315282E-02
     4  'NJJ  1      '       1       2
         1         2
     4  'IJJ  1      '       1       2
         1         2
     4  'SCAT 1      '       2       3
  5.38812429E-02  5.75315282E-02 -3.50854098E-04
     4  'XS-SAVED    '       1      22
         1         1         1         1         1         0         1         0
         0         0         0         0         0         0         0         0
         1         0         0         0         1         1
     3  'OVERV       '       2       2
  4.60567087E-08  3.64078323E-06
     3  'FLUX-INTG   '       2       2
  8.59412460E+01  1.80599060E+02
     3  'FLUXDISAFACT'       2       2
  1.69596994E+00  6.21501207E-01
     3  'ISOTOPESDENS'       2       1
  1.00000000E+00
     3  'ISOTOPES-EFJ'       2       1
  0.00000000E+00
     2  'TITLE       '       3      72
INCREMENTAL CALCULATION FOR G-2                                         
     2  'VOLUME      '       2       1
  8.08855312E+04
     2  'ENERGY      '       2       3
  1.00000000E+07  4.00000000E+00  9.99999975E-06
     2  'BURNUP      '       2       1
  4.15615332E+03
     2  'N/KB        '       2       1
  3.74988294E+00
     2  'ISOTOPESNAME'       3      12
MACR        
     2  'JTAB        '       1       1
         0
     2  'PARAM       '       1       4
         2         1         2         1
     1  'STATE-VECTOR'       1      20
         1         2         1         2         1         4         0         0
         0         0         0         0         0         0         0         0
         0         0         0         0
     1  'ADJSB      1'       0      -1
     2  'BURN       1'       0      -1
     3  'MACR        '       0      -1
     4  'TOTAL       '       2       2
  3.10615301E-01  4.16811496E-01
     4  'TRANC       '       2       2
  4.94655930E-02  5.71825244E-02
     4  'NUSIGF      '       2       2
  9.15977696E-04  5.10122301E-03
     4  'NFTOT       '       2       2
  3.29691567E-04  1.92127645E-03
     4  'CHI         '       2       2
  9.99998033E-01  0.00000000E+00
     4  'NG          '       2       2
  1.49016222E-03  2.53149495E-03
     4  'STRD        '       2       2
  2.47215971E-01  3.46493214E-01
     4  'SIGS 0      '       2       2
  3.08795452E-01  4.12358731E-01
     4  'NJJ  0      '       1       2
         2         2
     4  'IJJ  0      '       1       2
         2         2
     4  'SCAT 0      '       2       4
  2.35696234E-06  2.99180478E-01  4.12356347E-01  9.61496215E-03
     4  'SIGS 1      '       2       2
  5.34427054E-02  5.74130490E-02
     4  'NJJ  1      '       1       2
         1         2
     4  'IJJ  1      '       1       2
         1         2
     4  'SCAT 1      '       2       3
  5.37930094E-02  5.74130490E-02 -3.50304501E-04
     4  'XS-SAVED    '       1      22
         1         1         1         1         1         0         1         0
         0         0         0         0         0         0         0         0
         1         0         0         0         1         1
     3  'OVERV       '       2       2
  4.60802418E-08  3.63946288E-06
     3  'FLUX-INTG   '       2       2
  8.61140900E+01  1.80568741E+02
     3  'FLUXDISAFACT'       2       2
  1.69446719E+00  6.21705294E-01
     3  'ISOTOPESDENS'       2       1
  1.00000000E+00
     3  'ISOTOPES-EFJ'       2       1
  0.00000000E+00
     2  'TITLE       '       3      72
INCREMENTAL CALCULATION FOR G-2                                         
     2  'VOLUME      '       2       1
  8.08855312E+04
     2  'ENERGY      '       2       3
  1.00000000E+07  4.00000000E+00  9.99999975E-06
     2  'BURNUP      '       2       1
  4.15615332E+03
     2  'N/KB        '       2       1
  3.74988294E+00
     2  'ISOTOPESNAME'       3      12
MACR        
     2  'JTAB        '       1       1
         0
     2  'PARAM       '       1       4
         2         1         2         1
     1  'ADJSCREF   1'       0      -1
     2  'BURN       1'       0      -1
     3  'MACR        '       0      -1
     4  'TOTAL       '       2       2
  3.10624152E-01  4.17112410E-01
     4  'TRANC       '       2       2
  4.95591797E-02  5.72961047E-02
     4  'NUSIGF      '       2       2
  9.17085737E-04  5.10087423E-03
     4  'NFTOT       '       2       2
  3.30080453E-04  1.92116469E-03
     4  'CHI         '       2       2
  9.99998033E-01  0.00000000E+00
     4  'NG          '       2       2
  1.48538651E-03  2.51953816E-03
     4  'STRD        '       2       2
  2.47135431E-01  3.46638769E-01
     4  'SIGS 0      '       2       2
  3.08808684E-01  4.12671685E-01
     4  'NJJ  0      '       1       2
         2         2
     4  'IJJ  0      '       1       2
         2         2
     4  'SCAT 0      '       2       4
  2.33605806E-06  2.99179018E-01  4.12669361E-01  9.62966587E-03
     4  'SIGS 1      '       2       2
  5.35308346E-02  5.75314015E-02
     4  'NJJ  1      '       1       2
         1         2
     4  'IJJ  1      '       1       2
         1         2
     4  'SCAT 1      '       2       3
  5.38816899E-02  5.75314015E-02 -3.50857707E-04
     4  'XS-SAVED    '       1      22
         1         1         1         1         1         0         1         0
         0         0         0         0         0         0         0         0
         1         0         0         0         1         1
     3  'OVERV       '       2       2
  4.60570959E-08  3.64076755E-06
     3  'FLUX-INTG   '       2       2
  8.59407196E+01  1.80593552E+02
     3  'FLUXDISAFACT'       2       2
  1.69592321E+00  6.21520996E-01
     3  'ISOTOPESDENS'       2       1
  1.00000000E+00
     3  'ISOTOPES-EFJ'       2       1
  0.00000000E+00
     2  'TITLE       '       3      72
INCREMENTAL CALCULATION FOR G-2                                         
     2  'VOLUME      '       2       1
  8.08855312E+04
     2  'ENERGY      '       2       3
  1.00000000E+07  4.00000000E+00  9.99999975E-06
     2  'BURNUP      '       2       1
  4.15615332E+03
     2  'N/KB        '       2       1
  3.74988294E+00
     2  'ISOTOPESNAME'       3      12
MACR        
     2  'JTAB        '       1       1
         0
     2  'PARAM       '       1       4
         2         1         2         1
     1  'ADJSC      1'       0      -1
     2  'BURN       1'       0      -1
     3  'MACR        '       0      -1
     4  'TOTAL       '       2       2
  3.10635567E-01  4.17122215E-01
     4  'TRANC       '       2       2
  4.95568998E-02  5.72949722E-02
     4  'NUSIGF      '       2       2
  9.16998426E-04  5.10105630E-03
     4  'NFTOT       '       2       2
  3.30050243E-04  1.92122906E-03
     4  'CHI         '       2       2
  9.99998033E-01  0.00000000E+00
     4  'NG          '       2       2
  1.48586533E-03  2.52520991E-03
     4  'STRD        '       2       2
  2.47142807E-01  3.46647531E-01
     4  'SIGS 0      '       2       2
  3.08819652E-01  4.12675768E-01
     4  'NJJ  0      '       1       2
         2         2
     4  'IJJ  0      '       1       2
         2         2
     4  'SCAT 0      '       2       4
  2.33770675E-06  2.99188644E-01  4.12673444E-01  9.63102095E-03
     4  'SIGS 1      '       2       2
  5.35309874E-02  5.75302839E-02
     4  'NJJ  1      '       1       2
         1         2
     4  'IJJ  1      '       1       2
         1         2
     4  'SCAT 1      '       2       3
  5.38818762E-02  5.75302839E-02 -3.50887829E-04
     4  'XS-SAVED    '       1      22
         1         1         1         1         1         0         1         0
         0         0         0         0         0         0         0         0
         1         0         0         0         1         1
     3  'OVERV       '       2       2
  4.60635761E-08  3.64048356E-06
     3  'FLUX-INTG   '       2       2
  8.59645844E+01  1.80584290E+02
     3  'FLUXDISAFACT'       2       2
  1.69580674E+00  6.21571660E-01
     3  'ISOTOPESDENS'       2       1
  1.00000000E+00
     3  'ISOTOPES-EFJ'       2       1
  0.00000000E+00
     2  'TITLE       '       3      72
INCREMENTAL CALCULATION FOR G-2                                         
     2  'VOLUME      '       2       1
  8.08855312E+04
     2  'ENERGY      '       2       3
  1.00000000E+07  4.00000000E+00  9.99999975E-06
     2  'BURNUP      '       2       1
  4.15615332E+03
     2  'N/KB        '       2       1
  3.74988294E+00
     2  'ISOTOPESNAME'       3      12
MACR        
     2  'JTAB        '       1       1
         0
     2  'PARAM       '       1       4
         2         1         2         1
     1  'ADJBLREF   1'       0      -1
     2  'BURN       1'       0      -1
     3  'MACR        '       0      -1
     4  'TOTAL       '       2       2
  3.10627311E-01  4.17133749E-01
     4  'TRANC       '       2       2
  4.95557114E-02  5.72968498E-02
     4  'NUSIGF      '       2       2
  9.17852973E-04  5.09242341E-03
     4  'NFTOT       '       2       2
  3.30350449E-04  1.91797805E-03
     4  'CHI         '       2       2
  9.99998033E-01  0.00000000E+00
     4  'NG          '       2       2
  1.48562831E-03  2.51564896E-03
     4  'STRD        '       2       2
  2.47155845E-01  3.46660107E-01
     4  'SIGS 0      '       2       2
  3.08811367E-01  4.12700117E-01
     4  'NJJ  0      '       1       2
         2         2
     4  'IJJ  0      '       1       2
         2         2
     4  'SCAT 0      '       2       4
  2.33149831E-06  2.99183160E-01  4.12697792E-01  9.62818321E-03
     4  'SIGS 1      '       2       2
  5.35202436E-02  5.75322211E-02
     4  'NJJ  1      '       1       2
         1         2
     4  'IJJ  1      '       1       2
         1         2
     4  'SCAT 1      '       2       3
  5.38709983E-02  5.75322211E-02 -3.50753340E-04
     4  'XS-SAVED    '       1      22
         1         1         1         1         1         0         1         0
         0         0         0         0         0         0         0         0
         1         0         0         0         1         1
     3  'OVERV       '       2       2
  4.60491805E-08  3.64157950E-06
     3  'FLUX-INTG   '       2       2
  8.59509659E+01  1.80878448E+02
     3  'FLUXDISAFACT'       2       2
  1.69836891E+00  6.20501995E-01
     3  'ISOTOPESDENS'       2       1
  1.00000000E+00
     3  'ISOTOPES-EFJ'       2       1
  0.00000000E+00
     2  'TITLE       '       3      72
INCREMENTAL CALCULATION FOR G-2                                         
     2  'VOLUME      '       2       1
  8.08855312E+04
     2  'ENERGY      '       2       3
  1.00000000E+07  4.00000000E+00  9.99999975E-06
     2  'BURNUP      '       2       1
  4.15615332E+03
     2  'N/KB        '       2       1
  3.74988294E+00
     2  'ISOTOPESNAME'       3      12
MACR        
     2  'JTAB        '       1       1
         0
     2  'PARAM       '       1       4
         2         1         2         1
     1  'ADJBL      1'       0      -1
     2  'BURN       1'       0      -1
     3  'MACR        '       0      -1
     4  'TOTAL       '       2       2
  3.14419091E-01  4.18957025E-01
     4  'TRANC       '       2       2
  4.87959348E-02  5.70372902E-02
     4  'NUSIGF      '       2       2
  9.01828113E-04  5.13891969E-03
     4  'NFTOT       '       2       2
  3.24786932E-04  1.93487352E-03
     4  'CHI         '       2       2
  9.99998033E-01  0.00000000E+00
     4  'NG          '       2       2
  1.61809206E-03  3.36734974E-03
     4  'STRD        '       2       2
  2.50488400E-01  3.48758340E-01
     4  'SIGS 0      '       2       2
  3.12476248E-01  4.13654804E-01
     4  'NJJ  0      '       1       2
         2         2
     4  'IJJ  0      '       1       2
         2         2
     4  'SCAT 0      '       2       4
  2.68493181E-06  3.02747816E-01  4.13652122E-01  9.72841959E-03
     4  'SIGS 1      '       2       2
  5.31597324E-02  5.72721176E-02
     4  'NJJ  1      '       1       2
         1         2
     4  'IJJ  1      '       1       2
         1         2
     4  'SCAT 1      '       2       3
  5.35123497E-02  5.72721176E-02 -3.52615491E-04
     4  'XS-SAVED    '       1      22
         1         1         1         1         1         0         1         0
         0         0         0         0         0         0         0         0
         1         0         0         0         1         1
     3  'OVERV       '       2       2
  4.68789949E-08  3.60104764E-06
     3  'FLUX-INTG   '       2       2
  9.00643616E+01  1.78788040E+02
     3  'FLUXDISAFACT'       2       2
  1.67734802E+00  6.30557477E-01
     3  'ISOTOPESDENS'       2       1
  1.00000000E+00
     3  'ISOTOPES-EFJ'       2       1
  0.00000000E+00
     2  'TITLE       '       3      72
INCREMENTAL CALCULATION FOR G-2                                         
     2  'VOLUME      '       2       1
  8.08855312E+04
     2  'ENERGY      '       2       3
  1.00000000E+07  4.00000000E+00  9.99999975E-06
     2  'BURNUP      '       2       1
  4.15615332E+03
     2  'N/KB        '       2       1
  3.74988294E+00
     2  'ISOTOPESNAME'       3      12
MACR        
     2  'JTAB        '       1       1
         0
     2  'PARAM       '       1       4
         2         1         2         1
     1  'ADJNTREF   1'       0      -1
     2  'BURN       1'       0      -1
     3  'MACR        '       0      -1
     4  'TOTAL       '       2       2
  3.10622603E-01  4.17147011E-01
     4  'TRANC       '       2       2
  4.95506860E-02  5.72984107E-02
     4  'NUSIGF      '       2       2
  9.17858328E-04  5.09041455E-03
     4  'NFTOT       '       2       2
  3.30353243E-04  1.91722112E-03
     4  'CHI         '       2       2
  9.99998033E-01  0.00000000E+00
     4  'NG          '       2       2
  1.48591935E-03  2.51466408E-03
     4  'STRD        '       2       2
  2.47155771E-01  3.46670747E-01
     4  'SIGS 0      '       2       2
  3.08806360E-01  4.12715107E-01
     4  'NJJ  0      '       1       2
         2         2
     4  'IJJ  0      '       1       2
         2         2
     4  'SCAT 0      '       2       4
  2.33045444E-06  2.99178958E-01  4.12712783E-01  9.62738041E-03
     4  'SIGS 1      '       2       2
  5.35161495E-02  5.75338230E-02
     4  'NJJ  1      '       1       2
         1         2
     4  'IJJ  1      '       1       2
         1         2
     4  'SCAT 1      '       2       3
  5.38668707E-02  5.75338230E-02 -3.50720831E-04
     4  'XS-SAVED    '       1      22
         1         1         1         1         1         0         1         0
         0         0         0         0         0         0         0         0
         1         0         0         0         1         1
     3  'OVERV       '       2       2
  4.60459546E-08  3.64177413E-06
     3  'FLUX-INTG   '       2       2
  8.59561539E+01  1.80948807E+02
     3  'FLUXDISAFACT'       2       2
  1.69878411E+00  6.20259047E-01
     3  'ISOTOPESDENS'       2       1
  1.00000000E+00
     3  'ISOTOPES-EFJ'       2       1
  0.00000000E+00
     2  'TITLE       '       3      72
INCREMENTAL CALCULATION FOR G-2                                         
     2  'VOLUME      '       2       1
  8.08855312E+04
     2  'ENERGY      '       2       3
  1.00000000E+07  4.00000000E+00  9.99999975E-06
     2  'BURNUP      '       2       1
  4.15615332E+03
     2  'N/KB        '       2       1
  3.74988294E+00
     2  'ISOTOPESNAME'       3      12
MACR        
     2  'JTAB        '       1       1
         0
     2  'PARAM       '       1       4
         2         1         2         1
     1  'ADJNT      1'       0      -1
     2  'BURN       1'       0      -1
     3  'MACR        '       0      -1
     4  'TOTAL       '       2       2
  3.17345589E-01  4.19740468E-01
     4  'TRANC       '       2       2
  4.81761508E-02  5.69044650E-02
     4  'NUSIGF      '       2       2
  8.93255521E-04  5.16569149E-03
     4  'NFTOT       '       2       2
  3.21793108E-04  1.94473146E-03
     4  'CHI         '       2       2
  9.99998033E-01  0.00000000E+00
     4  'NG          '       2       2
  1.70504383E-03  3.67696001E-03
     4  'STRD        '       2       2
  2.53352702E-01  3.49816382E-01
     4  'SIGS 0      '       2       2
  3.15318763E-01  4.14118767E-01
     4  'NJJ  0      '       1       2
         2         2
     4  'IJJ  0      '       1       2
         2         2
     4  'SCAT 0      '       2       4
  2.87653938E-06  3.05633426E-01  4.14115906E-01  9.68535431E-03
     4  'SIGS 1      '       2       2
  5.27086407E-02  5.71382269E-02
     4  'NJJ  1      '       1       2
         1         2
     4  'IJJ  1      '       1       2
         1         2
     4  'SCAT 1      '       2       3
  5.30596748E-02  5.71382269E-02 -3.51035764E-04
     4  'XS-SAVED    '       1      22
         1         1         1         1         1         0         1         0
         0         0         0         0         0         0         0         0
         1         0         0         0         1         1
     3  'OVERV       '       2       2
  4.70279140E-08  3.58661237E-06
     3  'FLUX-INTG   '       2       2
  9.20226212E+01  1.77672302E+02
     3  'FLUXDISAFACT'       2       2
  1.66694796E+00  6.35551810E-01
     3  'ISOTOPESDENS'       2       1
  1.00000000E+00
     3  'ISOTOPES-EFJ'       2       1
  0.00000000E+00
     2  'TITLE       '       3      72
INCREMENTAL CALCULATION FOR G-2                                         
     2  'VOLUME      '       2       1
  8.08855312E+04
     2  'ENERGY      '       2       3
  1.00000000E+07  4.00000000E+00  9.99999975E-06
     2  'BURNUP      '       2       1
  4.15615332E+03
     2  'N/KB        '       2       1
  3.74988294E+00
     2  'ISOTOPESNAME'       3      12
MACR        
     2  'JTAB        '       1       1
         0
     2  'PARAM       '       1       4
         2         1         2         1
     1  'LZCNTREF   1'       0      -1
     2  'BURN       1'       0      -1
     3  'MACR        '       0      -1
     4  'TOTAL       '       2       2
  3.10617447E-01  4.17163491E-01
     4  'TRANC       '       2       2
  4.95448858E-02  5.73003329E-02
     4  'NUSIGF      '       2       2
  9.17859667E-04  5.08794421E-03
     4  'NFTOT       '       2       2
  3.30354960E-04  1.91629014E-03
     4  'CHI         '       2       2
  9.99998033E-01  0.00000000E+00
     4  'NG          '       2       2
  1.48626533E-03  2.51345383E-03
     4  'STRD        '       2       2
  2.47155562E-01  3.46683919E-01
     4  'SIGS 0      '       2       2
  3.08800846E-01  4.12733734E-01
     4  'NJJ  0      '       1       2
         2         2
     4  'IJJ  0      '       1       2
         2         2
     4  'SCAT 0      '       2       4
  2.32922980E-06  2.99174339E-01  4.12731409E-01  9.62648913E-03
     4  'SIGS 1      '       2       2
  5.35117462E-02  5.75358048E-02
     4  'NJJ  1      '       1       2
         1         2
     4  'IJJ  1      '       1       2
         1         2
     4  'SCAT 1      '       2       3
  5.38624302E-02  5.75358048E-02 -3.50686256E-04
     4  'XS-SAVED    '       1      22
         1         1         1         1         1         0         1         0
         0         0         0         0         0         0         0         0
         1         0         0         0         1         1
     3  'OVERV       '       2       2
  4.60426008E-08  3.64201151E-06
     3  'FLUX-INTG   '       2       2
  8.59618378E+01  1.81035614E+02
     3  'FLUXDISAFACT'       2       2
  1.69922042E+00  6.19963646E-01
     3  'ISOTOPESDENS'       2       1
  1.00000000E+00
     3  'ISOTOPES-EFJ'       2       1
  0.00000000E+00
     2  'TITLE       '       3      72
INCREMENTAL CALCULATION FOR G-2                                         
     2  'VOLUME      '       2       1
  8.08855312E+04
     2  'ENERGY      '       2       3
  1.00000000E+07  4.00000000E+00  9.99999975E-06
     2  'BURNUP      '       2       1
  4.15615332E+03
     2  'N/KB        '       2       1
  3.74988294E+00
     2  'ISOTOPESNAME'       3      12
MACR        
     2  'JTAB        '       1       1
         0
     2  'PARAM       '       1       4
         2         1         2         1
     1  'LZCNT      1'       0      -1
     2  'BURN       1'       0      -1
     3  'MACR        '       0      -1
     4  'TOTAL       '       2       2
  3.21366668E-01  4.20645088E-01
     4  'TRANC       '       2       2
  4.72842492E-02  5.67550920E-02
     4  'NUSIGF      '       2       2
  8.81830463E-04  5.19153755E-03
     4  'NFTOT       '       2       2
  3.17787199E-04  1.95422838E-03
     4  'CHI         '       2       2
  9.99998033E-01  0.00000000E+00
     4  'NG          '       2       2
  1.81357982E-03  4.00078250E-03
     4  'STRD        '       2       2
  2.57352501E-01  3.51047993E-01
     4  'SIGS 0      '       2       2
  3.19235295E-01  4.14690077E-01
     4  'NJJ  0      '       1       2
         2         2
     4  'IJJ  0      '       1       2
         2         2
     4  'SCAT 0      '       2       4
  3.10105520E-06  3.09647053E-01  4.14686978E-01  9.58826207E-03
     4  'SIGS 1      '       2       2
  5.20006381E-02  5.69876470E-02
     4  'NJJ  1      '       1       2
         1         2
     4  'IJJ  1      '       1       2
         1         2
     4  'SCAT 1      '       2       3
  5.23483232E-02  5.69876470E-02 -3.47685389E-04
     4  'XS-SAVED    '       1      22
         1         1         1         1         1         0         1         0
         0         0         0         0         0         0         0         0
         1         0         0         0         1         1
     3  'OVERV       '       2       2
  4.70411159E-08  3.57205818E-06
     3  'FLUX-INTG   '       2       2
  9.44768372E+01  1.76573395E+02
     3  'FLUXDISAFACT'       2       2
  1.65358543E+00  6.40601516E-01
     3  'ISOTOPESDENS'       2       1
  1.00000000E+00
     3  'ISOTOPES-EFJ'       2       1
  0.00000000E+00
     2  'TITLE       '       3      72
INCREMENTAL CALCULATION FOR G-2                                         
     2  'VOLUME      '       2       1
  8.08855312E+04
     2  'ENERGY      '       2       3
  1.00000000E+07  4.00000000E+00  9.99999975E-06
     2  'BURNUP      '       2       1
  4.15615332E+03
     2  'N/KB        '       2       1
  3.74988294E+00
     2  'ISOTOPESNAME'       3      12
MACR        
     2  'JTAB        '       1       1
         0
     2  'PARAM       '       1       4
         2         1         2         1
     1  'SORNTREF   1'       0      -1
     2  'BURN       1'       0      -1
     3  'MACR        '       0      -1
     4  'TOTAL       '       2       2
  3.10616136E-01  4.17168260E-01
     4  'TRANC       '       2       2
  4.95433621E-02  5.73008917E-02
     4  'NUSIGF      '       2       2
  9.17856873E-04  5.08723687E-03
     4  'NFTOT       '       2       2
  3.30354349E-04  1.91602332E-03
     4  'CHI         '       2       2
  9.99998033E-01  0.00000000E+00
     4  'NG          '       2       2
  1.48635847E-03  2.51310691E-03
     4  'STRD        '       2       2
  2.47155502E-01  3.46687704E-01
     4  'SIGS 0      '       2       2
  3.08799416E-01  4.12739128E-01
     4  'NJJ  0      '       1       2
         2         2
     4  'IJJ  0      '       1       2
         2         2
     4  'SCAT 0      '       2       4
  2.32889306E-06  2.99173176E-01  4.12736803E-01  9.62626375E-03
     4  'SIGS 1      '       2       2
  5.35106435E-02  5.75363785E-02
     4  'NJJ  1      '       1       2
         1         2
     4  'IJJ  1      '       1       2
         1         2
     4  'SCAT 1      '       2       3
  5.38613200E-02  5.75363785E-02 -3.50677699E-04
     4  'XS-SAVED    '       1      22
         1         1         1         1         1         0         1         0
         0         0         0         0         0         0         0         0
         1         0         0         0         1         1
     3  'OVERV       '       2       2
  4.60417944E-08  3.64207835E-06
     3  'FLUX-INTG   '       2       2
  8.59633102E+01  1.81060577E+02
     3  'FLUXDISAFACT'       2       2
  1.69932616E+00  6.19880021E-01
     3  'ISOTOPESDENS'       2       1
  1.00000000E+00
     3  'ISOTOPES-EFJ'       2       1
  0.00000000E+00
     2  'TITLE       '       3      72
INCREMENTAL CALCULATION FOR G-2                                         
     2  'VOLUME      '       2       1
  8.08855312E+04
     2  'ENERGY      '       2       3
  1.00000000E+07  4.00000000E+00  9.99999975E-06
     2  'BURNUP      '       2       1
  4.15615332E+03
     2  'N/KB        '       2       1
  3.74988294E+00
     2  'ISOTOPESNAME'       3      12
MACR        
     2  'JTAB        '       1       1
         0
     2  'PARAM       '       1       4
         2         1         2         1
     1  'SORNT      1'       0      -1
     2  'BURN       1'       0      -1
     3  'MACR        '       0      -1
     4  'TOTAL       '       2       2
  3.23265821E-01  4.21075672E-01
     4  'TRANC       '       2       2
  4.68484946E-02  5.66916391E-02
     4  'NUSIGF      '       2       2
  8.76195030E-04  5.19885682E-03
     4  'NFTOT       '       2       2
  3.15806334E-04  1.95688056E-03
     4  'CHI         '       2       2
  9.99998033E-01  0.00000000E+00
     4  'NG          '       2       2
  1.86197751E-03  4.14226484E-03
     4  'STRD        '       2       2
  2.59240657E-01  3.51615101E-01
     4  'SIGS 0      '       2       2
  3.21088046E-01  4.14976537E-01
     4  'NJJ  0      '       1       2
         2         2
     4  'IJJ  0      '       1       2
         2         2
     4  'SCAT 0      '       2       4
  3.19967558E-06  3.11551422E-01  4.14973319E-01  9.53661557E-03
     4  'SIGS 1      '       2       2
  5.16425036E-02  5.69237471E-02
     4  'NJJ  1      '       1       2
         1         2
     4  'IJJ  1      '       1       2
         1         2
     4  'SCAT 1      '       2       3
  5.19883707E-02  5.69237471E-02 -3.45864653E-04
     4  'XS-SAVED    '       1      22
         1         1         1         1         1         0         1         0
         0         0         0         0         0         0         0         0
         1         0         0         0         1         1
     3  'OVERV       '       2       2
  4.70100723E-08  3.56599639E-06
     3  'FLUX-INTG   '       2       2
  9.56636887E+01  1.76227203E+02
     3  'FLUXDISAFACT'       2       2
  1.64715254E+00  6.42340660E-01
     3  'ISOTOPESDENS'       2       1
  1.00000000E+00
     3  'ISOTOPES-EFJ'       2       1
  0.00000000E+00
     2  'TITLE       '       3      72
INCREMENTAL CALCULATION FOR G-2                                         
     2  'VOLUME      '       2       1
  8.08855312E+04
     2  'ENERGY      '       2       3
  1.00000000E+07  4.00000000E+00  9.99999975E-06
     2  'BURNUP      '       2       1
  4.15615332E+03
     2  'N/KB        '       2       1
  3.74988294E+00
     2  'ISOTOPESNAME'       3      12
MACR        
     2  'JTAB        '       1       1
         0
     2  'PARAM       '       1       4
         2         1         2         1
     1  'ADJTSREF   1'       0      -1
     2  'BURN       1'       0      -1
     3  'MACR        '       0      -1
     4  'TOTAL       '       2       2
  3.10622603E-01  4.17147011E-01
     4  'TRANC       '       2       2
  4.95506860E-02  5.72984107E-02
     4  'NUSIGF      '       2       2
  9.17858328E-04  5.09041455E-03
     4  'NFTOT       '       2       2
  3.30353243E-04  1.91722112E-03
     4  'CHI         '       2       2
  9.99998033E-01  0.00000000E+00
     4  'NG          '       2       2
  1.48591935E-03  2.51466408E-03
     4  'STRD        '       2       2
  2.47155771E-01  3.46670747E-01
     4  'SIGS 0      '       2       2
  3.08806360E-01  4.12715107E-01
     4  'NJJ  0      '       1       2
         2         2
     4  'IJJ  0      '       1       2
         2         2
     4  'SCAT 0      '       2       4
  2.33045444E-06  2.99178958E-01  4.12712783E-01  9.62738041E-03
     4  'SIGS 1      '       2       2
  5.35161495E-02  5.75338230E-02
     4  'NJJ  1      '       1       2
         1         2
     4  'IJJ  1      '       1       2
         1         2
     4  'SCAT 1      '       2       3
  5.38668707E-02  5.75338230E-02 -3.50720831E-04
     4  'XS-SAVED    '       1      22
         1         1         1         1         1         0         1         0
         0         0         0         0         0         0         0         0
         1         0         0         0         1         1
     3  'OVERV       '       2       2
  4.60459546E-08  3.64177413E-06
     3  'FLUX-INTG   '       2       2
  8.59561539E+01  1.80948807E+02
     3  'FLUXDISAFACT'       2       2
  1.69878411E+00  6.20259047E-01
     3  'ISOTOPESDENS'       2       1
  1.00000000E+00
     3  'ISOTOPES-EFJ'       2       1
  0.00000000E+00
     2  'TITLE       '       3      72
INCREMENTAL CALCULATION FOR G-2                                         
     2  'VOLUME      '       2       1
  8.08855312E+04
     2  'ENERGY      '       2       3
  1.00000000E+07  4.00000000E+00  9.99999975E-06
     2  'BURNUP      '       2       1
  4.15615332E+03
     2  'N/KB        '       2       1
  3.74988294E+00
     2  'ISOTOPESNAME'       3      12
MACR        
     2  'JTAB        '       1       1
         0
     2  'PARAM       '       1       4
         2         1         2         1
     1  'ADJTS      1'       0      -1
     2  'BURN       1'       0      -1
     3  'MACR        '       0      -1
     4  'TOTAL       '       2       2
  3.24196756E-01  4.20895994E-01
     4  'TRANC       '       2       2
  4.81503494E-02  5.70078455E-02
     4  'NUSIGF      '       2       2
  8.92952259E-04  5.17106801E-03
     4  'NFTOT       '       2       2
  3.21689964E-04  1.94670365E-03
     4  'CHI         '       2       2
  9.99998033E-01  0.00000000E+00
     4  'NG          '       2       2
  1.62933976E-03  3.76530155E-03
     4  'STRD        '       2       2
  2.59067744E-01  3.51087332E-01
     4  'SIGS 0      '       2       2
  3.22245717E-01  4.15183991E-01
     4  'NJJ  0      '       1       2
         2         2
     4  'IJJ  0      '       1       2
         2         2
     4  'SCAT 0      '       2       4
  3.05598087E-06  3.12477171E-01  4.15180922E-01  9.76854749E-03
     4  'SIGS 1      '       2       2
  5.26848771E-02  5.72414733E-02
     4  'NJJ  1      '       1       2
         1         2
     4  'IJJ  1      '       1       2
         1         2
     4  'SCAT 1      '       2       3
  5.30367717E-02  5.72414733E-02 -3.51896655E-04
     4  'XS-SAVED    '       1      22
         1         1         1         1         1         0         1         0
         0         0         0         0         0         0         0         0
         1         0         0         0         1         1
     3  'OVERV       '       2       2
  4.73638728E-08  3.58428770E-06
     3  'FLUX-INTG   '       2       2
  9.21969681E+01  1.77462845E+02
     3  'FLUXDISAFACT'       2       2
  1.66510391E+00  6.36677444E-01
     3  'ISOTOPESDENS'       2       1
  1.00000000E+00
     3  'ISOTOPES-EFJ'       2       1
  0.00000000E+00
     2  'TITLE       '       3      72
INCREMENTAL CALCULATION FOR G-2                                         
     2  'VOLUME      '       2       1
  8.08855312E+04
     2  'ENERGY      '       2       3
  1.00000000E+07  4.00000000E+00  9.99999975E-06
     2  'BURNUP      '       2       1
  4.15615332E+03
     2  'N/KB        '       2       1
  3.74988294E+00
     2  'ISOTOPESNAME'       3      12
MACR        
     2  'JTAB        '       1       1
         0
     2  'PARAM       '       1       4
         2         1         2         1
     1  'LZCTSREF   1'       0      -1
     2  'BURN       1'       0      -1
     3  'MACR        '       0      -1
     4  'TOTAL       '       2       2
  3.10617447E-01  4.17163491E-01
     4  'TRANC       '       2       2
  4.95448858E-02  5.73003329E-02
     4  'NUSIGF      '       2       2
  9.17859667E-04  5.08794421E-03
     4  'NFTOT       '       2       2
  3.30354960E-04  1.91629014E-03
     4  'CHI         '       2       2
  9.99998033E-01  0.00000000E+00
     4  'NG          '       2       2
  1.48626533E-03  2.51345383E-03
     4  'STRD        '       2       2
  2.47155562E-01  3.46683919E-01
     4  'SIGS 0      '       2       2
  3.08800846E-01  4.12733734E-01
     4  'NJJ  0      '       1       2
         2         2
     4  'IJJ  0      '       1       2
         2         2
     4  'SCAT 0      '       2       4
  2.32922980E-06  2.99174339E-01  4.12731409E-01  9.62648913E-03
     4  'SIGS 1      '       2       2
  5.35117462E-02  5.75358048E-02
     4  'NJJ  1      '       1       2
         1         2
     4  'IJJ  1      '       1       2
         1         2
     4  'SCAT 1      '       2       3
  5.38624302E-02  5.75358048E-02 -3.50686256E-04
     4  'XS-SAVED    '       1      22
         1         1         1         1         1         0         1         0
         0         0         0         0         0         0         0         0
         1         0         0         0         1         1
     3  'OVERV       '       2       2
  4.60426008E-08  3.64201151E-06
     3  'FLUX-INTG   '       2       2
  8.59618378E+01  1.81035614E+02
     3  'FLUXDISAFACT'       2       2
  1.69922042E+00  6.19963646E-01
     3  'ISOTOPESDENS'       2       1
  1.00000000E+00
     3  'ISOTOPES-EFJ'       2       1
  0.00000000E+00
     2  'TITLE       '       3      72
INCREMENTAL CALCULATION FOR G-2                                         
     2  'VOLUME      '       2       1
  8.08855312E+04
     2  'ENERGY      '       2       3
  1.00000000E+07  4.00000000E+00  9.99999975E-06
     2  'BURNUP      '       2       1
  4.15615332E+03
     2  'N/KB        '       2       1
  3.74988294E+00
     2  'ISOTOPESNAME'       3      12
MACR        
     2  'JTAB        '       1       1
         0
     2  'PARAM       '       1       4
         2         1         2         1
     1  'LZCTS      1'       0      -1
     2  'BURN       1'       0      -1
     3  'MACR        '       0      -1
     4  'TOTAL       '       2       2
  3.33039105E-01  4.22216237E-01
     4  'TRANC       '       2       2
  4.72225398E-02  5.68881147E-02
     4  'NUSIGF      '       2       2
  8.81923072E-04  5.19704213E-03
     4  'NFTOT       '       2       2
  3.17820581E-04  1.95625122E-03
     4  'CHI         '       2       2
  9.99998033E-01  0.00000000E+00
     4  'NG          '       2       2
  1.70584675E-03  4.10188967E-03
     4  'STRD        '       2       2
  2.66848475E-01  3.52811694E-01
     4  'SIGS 0      '       2       2
  3.31015468E-01  4.16158110E-01
     4  'NJJ  0      '       1       2
         2         2
     4  'IJJ  0      '       1       2
         2         2
     4  'SCAT 0      '       2       4
  3.40828979E-06  3.21322262E-01  4.16154683E-01  9.69320722E-03
     4  'SIGS 1      '       2       2
  5.19247763E-02  5.71205057E-02
     4  'NJJ  1      '       1       2
         1         2
     4  'IJJ  1      '       1       2
         1         2
     4  'SCAT 1      '       2       3
  5.22732250E-02  5.71205057E-02 -3.48449277E-04
     4  'XS-SAVED    '       1      22
         1         1         1         1         1         0         1         0
         0         0         0         0         0         0         0         0
         1         0         0         0         1         1
     3  'OVERV       '       2       2
  4.75541881E-08  3.57026261E-06
     3  'FLUX-INTG   '       2       2
  9.46013107E+01  1.76363586E+02
     3  'FLUXDISAFACT'       2       2
  1.65120423E+00  6.41804516E-01
     3  'ISOTOPESDENS'       2       1
  1.00000000E+00
     3  'ISOTOPES-EFJ'       2       1
  0.00000000E+00
     2  'TITLE       '       3      72
INCREMENTAL CALCULATION FOR G-2                                         
     2  'VOLUME      '       2       1
  8.08855312E+04
     2  'ENERGY      '       2       3
  1.00000000E+07  4.00000000E+00  9.99999975E-06
     2  'BURNUP      '       2       1
  4.15615332E+03
     2  'N/KB        '       2       1
  3.74988294E+00
     2  'ISOTOPESNAME'       3      12
MACR        
     2  'JTAB        '       1       1
         0
     2  'PARAM       '       1       4
         2         1         2         1
     1  'SORTSREF   1'       0      -1
     2  'BURN       1'       0      -1
     3  'MACR        '       0      -1
     4  'TOTAL       '       2       2
  3.10616136E-01  4.17168260E-01
     4  'TRANC       '       2       2
  4.95433621E-02  5.73008917E-02
     4  'NUSIGF      '       2       2
  9.17856873E-04  5.08723687E-03
     4  'NFTOT       '       2       2
  3.30354349E-04  1.91602332E-03
     4  'CHI         '       2       2
  9.99998033E-01  0.00000000E+00
     4  'NG          '       2       2
  1.48635847E-03  2.51310691E-03
     4  'STRD        '       2       2
  2.47155502E-01  3.46687704E-01
     4  'SIGS 0      '       2       2
  3.08799416E-01  4.12739128E-01
     4  'NJJ  0      '       1       2
         2         2
     4  'IJJ  0      '       1       2
         2         2
     4  'SCAT 0      '       2       4
  2.32889306E-06  2.99173176E-01  4.12736803E-01  9.62626375E-03
     4  'SIGS 1      '       2       2
  5.35106435E-02  5.75363785E-02
     4  'NJJ  1      '       1       2
         1         2
     4  'IJJ  1      '       1       2
         1         2
     4  'SCAT 1      '       2       3
  5.38613200E-02  5.75363785E-02 -3.50677699E-04
     4  'XS-SAVED    '       1      22
         1         1         1         1         1         0         1         0
         0         0         0         0         0         0         0         0
         1         0         0         0         1         1
     3  'OVERV       '       2       2
  4.60417944E-08  3.64207835E-06
     3  'FLUX-INTG   '       2       2
  8.59633102E+01  1.81060577E+02
     3  'FLUXDISAFACT'       2       2
  1.69932616E+00  6.19880021E-01
     3  'ISOTOPESDENS'       2       1
  1.00000000E+00
     3  'ISOTOPES-EFJ'       2       1
  0.00000000E+00
     2  'TITLE       '       3      72
INCREMENTAL CALCULATION FOR G-2                                         
     2  'VOLUME      '       2       1
  8.08855312E+04
     2  'ENERGY      '       2       3
  1.00000000E+07  4.00000000E+00  9.99999975E-06
     2  'BURNUP      '       2       1
  4.15615332E+03
     2  'N/KB        '       2       1
  3.74988294E+00
     2  'ISOTOPESNAME'       3      12
MACR        
     2  'JTAB        '       1       1
         0
     2  'PARAM       '       1       4
         2         1         2         1
     1  'SORTS      1'       0      -1
     2  'BURN       1'       0      -1
     3  'MACR        '       0      -1
     4  'TOTAL       '       2       2
  3.37306380E-01  4.22852218E-01
     4  'TRANC       '       2       2
  4.67659496E-02  5.68366162E-02
     4  'NUSIGF      '       2       2
  8.76506674E-04  5.20421052E-03
     4  'NFTOT       '       2       2
  3.15916201E-04  1.95884891E-03
     4  'CHI         '       2       2
  9.99998033E-01  0.00000000E+00
     4  'NG          '       2       2
  1.74150697E-03  4.25139256E-03
     4  'STRD        '       2       2
  2.70531386E-01  3.53617311E-01
     4  'SIGS 0      '       2       2
  3.35248947E-01  4.16641951E-01
     4  'NJJ  0      '       1       2
         2         2
     4  'IJJ  0      '       1       2
         2         2
     4  'SCAT 0      '       2       4
  3.57252975E-06  3.25598925E-01  4.16638374E-01  9.65003949E-03
     4  'SIGS 1      '       2       2
  5.15394658E-02  5.70685416E-02
     4  'NJJ  1      '       1       2
         1         2
     4  'IJJ  1      '       1       2
         1         2
     4  'SCAT 1      '       2       3
  5.18860146E-02  5.70685416E-02 -3.46550631E-04
     4  'XS-SAVED    '       1      22
         1         1         1         1         1         0         1         0
         0         0         0         0         0         0         0         0
         1         0         0         0         1         1
     3  'OVERV       '       2       2
  4.76115005E-08  3.56445753E-06
     3  'FLUX-INTG   '       2       2
  9.57705460E+01  1.76022171E+02
     3  'FLUXDISAFACT'       2       2
  1.64451158E+00  6.43558681E-01
     3  'ISOTOPESDENS'       2       1
  1.00000000E+00
     3  'ISOTOPES-EFJ'       2       1
  0.00000000E+00
     2  'TITLE       '       3      72
INCREMENTAL CALCULATION FOR G-2                                         
     2  'VOLUME      '       2       1
  8.08855312E+04
     2  'ENERGY      '       2       3
  1.00000000E+07  4.00000000E+00  9.99999975E-06
     2  'BURNUP      '       2       1
  4.15615332E+03
     2  'N/KB        '       2       1
  3.74988294E+00
     2  'ISOTOPESNAME'       3      12
MACR        
     2  'JTAB        '       1       1
         0
     2  'PARAM       '       1       4
         2         1         2         1
