     1  'SIGNATURE   '       3      12
L_COMPO     
     1  'BCAINTRE   1'       0      -1
     2  'BURN       1'       0      -1
     3  'MACR        '       0      -1
     4  'TOTAL       '       2       2
  3.10622036E-01  4.17148530E-01
     4  'TRANC       '       2       2
  4.95501533E-02  5.72985895E-02
     4  'NUSIGF      '       2       2
  9.17861820E-04  5.09017520E-03
     4  'NFTOT       '       2       2
  3.30354582E-04  1.91713101E-03
     4  'CHI         '       2       2
  9.99998033E-01  0.00000000E+00
     4  'NG          '       2       2
  1.48594833E-03  2.51454674E-03
     4  'STRD        '       2       2
  2.47155786E-01  3.46671999E-01
     4  'SIGS 0      '       2       2
  3.08805734E-01  4.12716866E-01
     4  'NJJ  0      '       1       2
         2         2
     4  'IJJ  0      '       1       2
         2         2
     4  'SCAT 0      '       2       4
  2.33032233E-06  2.99178451E-01  4.12714511E-01  9.62728169E-03
     4  'SIGS 1      '       2       2
  5.35156243E-02  5.75340092E-02
     4  'NJJ  1      '       1       2
         1         2
     4  'IJJ  1      '       1       2
         1         2
     4  'SCAT 1      '       2       3
  5.38663380E-02  5.75340092E-02 -3.50716728E-04
     4  'XS-SAVED    '       1      22
         1         1         1         1         1         0         1         0
         0         0         0         0         0         0         0         0
         1         0         0         0         1         1
     3  'OVERV       '       2       2
  4.60455176E-08  3.64179732E-06
     3  'FLUX-INTG   '       2       2
  8.59568100E+01  1.80957138E+02
     3  'FLUXDISAFACT'       2       2
  1.69884133E+00  6.20229900E-01
     3  'ISOTOPESDENS'       2       1
  1.00000000E+00
     3  'ISOTOPES-EFJ'       2       1
  0.00000000E+00
     2  'TITLE       '       3      72
INCREMENTAL CALCULATION FOR G-2                                         
     2  'VOLUME      '       2       1
  8.08855312E+04
     2  'ENERGY      '       2       3
  1.00000000E+07  4.00000000E+00  9.99999975E-06
     2  'BURNUP      '       2       1
  4.15615332E+03
     2  'N/KB        '       2       1
  3.74988294E+00
     2  'ISOTOPESNAME'       3      12
MACR        
     2  'JTAB        '       1       1
         0
     2  'PARAM       '       1       4
         2         1         2         1
     1  'STATE-VECTOR'       1      20
         1         2         1         2         1         4         0         0
         0         0         0         0         0         0         0         0
         0         0         0         0
     1  'BCAINT     1'       0      -1
     2  'BURN       1'       0      -1
     3  'MACR        '       0      -1
     4  'TOTAL       '       2       2
  3.11189145E-01  4.17570502E-01
     4  'TRANC       '       2       2
  4.94381264E-02  5.72394393E-02
     4  'NUSIGF      '       2       2
  9.13909171E-04  5.10447472E-03
     4  'NFTOT       '       2       2
  3.28987604E-04  1.92232896E-03
     4  'CHI         '       2       2
  9.99998033E-01  0.00000000E+00
     4  'NG          '       2       2
  1.50958286E-03  2.77429167E-03
     4  'STRD        '       2       2
  2.47544035E-01  3.47071201E-01
     4  'SIGS 0      '       2       2
  3.09350580E-01  4.12873864E-01
     4  'NJJ  0      '       1       2
         2         2
     4  'IJJ  0      '       1       2
         2         2
     4  'SCAT 0      '       2       4
  2.41150860E-06  2.99664527E-01  4.12871450E-01  9.68604535E-03
     4  'SIGS 1      '       2       2
  5.35147153E-02  5.74753769E-02
     4  'NJJ  1      '       1       2
         1         2
     4  'IJJ  1      '       1       2
         1         2
     4  'SCAT 1      '       2       3
  5.38667440E-02  5.74753769E-02 -3.52027913E-04
     4  'XS-SAVED    '       1      22
         1         1         1         1         1         0         1         0
         0         0         0         0         0         0         0         0
         1         0         0         0         1         1
     3  'OVERV       '       2       2
  4.63376324E-08  3.62848141E-06
     3  'FLUX-INTG   '       2       2
  8.70518646E+01  1.80320709E+02
     3  'FLUXDISAFACT'       2       2
  1.69352102E+00  6.23252571E-01
     3  'ISOTOPESDENS'       2       1
  1.00000000E+00
     3  'ISOTOPES-EFJ'       2       1
  0.00000000E+00
     2  'TITLE       '       3      72
INCREMENTAL CALCULATION FOR G-2                                         
     2  'VOLUME      '       2       1
  8.08855312E+04
     2  'ENERGY      '       2       3
  1.00000000E+07  4.00000000E+00  9.99999975E-06
     2  'BURNUP      '       2       1
  4.15615332E+03
     2  'N/KB        '       2       1
  3.74988294E+00
     2  'ISOTOPESNAME'       3      12
MACR        
     2  'JTAB        '       1       1
         0
     2  'PARAM       '       1       4
         2         1         2         1
     1  'BCAOUTRE   1'       0      -1
     2  'BURN       1'       0      -1
     3  'MACR        '       0      -1
     4  'TOTAL       '       2       2
  3.10621977E-01  4.17148679E-01
     4  'TRANC       '       2       2
  4.95501161E-02  5.72986044E-02
     4  'NUSIGF      '       2       2
  9.17863857E-04  5.09014959E-03
     4  'NFTOT       '       2       2
  3.30355280E-04  1.91712135E-03
     4  'CHI         '       2       2
  9.99998033E-01  0.00000000E+00
     4  'NG          '       2       2
  1.48594973E-03  2.51453440E-03
     4  'STRD        '       2       2
  2.47155786E-01  3.46672088E-01
     4  'SIGS 0      '       2       2
  3.08805674E-01  4.12717015E-01
     4  'NJJ  0      '       1       2
         2         2
     4  'IJJ  0      '       1       2
         2         2
     4  'SCAT 0      '       2       4
  2.33030619E-06  2.99178392E-01  4.12714690E-01  9.62727051E-03
     4  'SIGS 1      '       2       2
  5.35155535E-02  5.75340241E-02
     4  'NJJ  1      '       1       2
         1         2
     4  'IJJ  1      '       1       2
         1         2
     4  'SCAT 1      '       2       3
  5.38662709E-02  5.75340241E-02 -3.50716029E-04
     4  'XS-SAVED    '       1      22
         1         1         1         1         1         0         1         0
         0         0         0         0         0         0         0         0
         1         0         0         0         1         1
     3  'OVERV       '       2       2
  4.60454572E-08  3.64179982E-06
     3  'FLUX-INTG   '       2       2
  8.59568710E+01  1.80958008E+02
     3  'FLUXDISAFACT'       2       2
  1.69884980E+00  6.20226681E-01
     3  'ISOTOPESDENS'       2       1
  1.00000000E+00
     3  'ISOTOPES-EFJ'       2       1
  0.00000000E+00
     2  'TITLE       '       3      72
INCREMENTAL CALCULATION FOR G-2                                         
     2  'VOLUME      '       2       1
  8.08855312E+04
     2  'ENERGY      '       2       3
  1.00000000E+07  4.00000000E+00  9.99999975E-06
     2  'BURNUP      '       2       1
  4.15615332E+03
     2  'N/KB        '       2       1
  3.74988294E+00
     2  'ISOTOPESNAME'       3      12
MACR        
     2  'JTAB        '       1       1
         0
     2  'PARAM       '       1       4
         2         1         2         1
     1  'BCAOUT     1'       0      -1
     2  'BURN       1'       0      -1
     3  'MACR        '       0      -1
     4  'TOTAL       '       2       2
  3.11084986E-01  4.17494208E-01
     4  'TRANC       '       2       2
  4.94587682E-02  5.72495386E-02
     4  'NUSIGF      '       2       2
  9.14599514E-04  5.10241091E-03
     4  'NFTOT       '       2       2
  3.29226430E-04  1.92158413E-03
     4  'CHI         '       2       2
  9.99998033E-01  0.00000000E+00
     4  'NG          '       2       2
  1.50531821E-03  2.72985431E-03
     4  'STRD        '       2       2
  2.47469887E-01  3.46997917E-01
     4  'SIGS 0      '       2       2
  3.09250444E-01  4.12842751E-01
     4  'NJJ  0      '       1       2
         2         2
     4  'IJJ  0      '       1       2
         2         2
     4  'SCAT 0      '       2       4
  2.39734118E-06  2.99574137E-01  4.12840366E-01  9.67629720E-03
     4  'SIGS 1      '       2       2
  5.35161793E-02  5.74853867E-02
     4  'NJJ  1      '       1       2
         1         2
     4  'IJJ  1      '       1       2
         1         2
     4  'SCAT 1      '       2       3
  5.38679920E-02  5.74853867E-02 -3.51812138E-04
     4  'XS-SAVED    '       1      22
         1         1         1         1         1         0         1         0
         0         0         0         0         0         0         0         0
         1         0         0         0         1         1
     3  'OVERV       '       2       2
  4.62879619E-08  3.63073354E-06
     3  'FLUX-INTG   '       2       2
  8.68612061E+01  1.80416046E+02
     3  'FLUXDISAFACT'       2       2
  1.69444954E+00  6.22778237E-01
     3  'ISOTOPESDENS'       2       1
  1.00000000E+00
     3  'ISOTOPES-EFJ'       2       1
  0.00000000E+00
     2  'TITLE       '       3      72
INCREMENTAL CALCULATION FOR G-2                                         
     2  'VOLUME      '       2       1
  8.08855312E+04
     2  'ENERGY      '       2       3
  1.00000000E+07  4.00000000E+00  9.99999975E-06
     2  'BURNUP      '       2       1
  4.15615332E+03
     2  'N/KB        '       2       1
  3.74988294E+00
     2  'ISOTOPESNAME'       3      12
MACR        
     2  'JTAB        '       1       1
         0
     2  'PARAM       '       1       4
         2         1         2         1
     1  'BCBINTRE   1'       0      -1
     2  'BURN       1'       0      -1
     3  'MACR        '       0      -1
     4  'TOTAL       '       2       2
  3.10621947E-01  4.17148829E-01
     4  'TRANC       '       2       2
  4.95500565E-02  5.72986193E-02
     4  'NUSIGF      '       2       2
  9.17863508E-04  5.09013049E-03
     4  'NFTOT       '       2       2
  3.30355164E-04  1.91711425E-03
     4  'CHI         '       2       2
  9.99998033E-01  0.00000000E+00
     4  'NG          '       2       2
  1.48595369E-03  2.51452508E-03
     4  'STRD        '       2       2
  2.47155786E-01  3.46672207E-01
     4  'SIGS 0      '       2       2
  3.08805645E-01  4.12717164E-01
     4  'NJJ  0      '       1       2
         2         2
     4  'IJJ  0      '       1       2
         2         2
     4  'SCAT 0      '       2       4
  2.33029914E-06  2.99178362E-01  4.12714839E-01  9.62726492E-03
     4  'SIGS 1      '       2       2
  5.35155386E-02  5.75340390E-02
     4  'NJJ  1      '       1       2
         1         2
     4  'IJJ  1      '       1       2
         1         2
     4  'SCAT 1      '       2       3
  5.38662523E-02  5.75340390E-02 -3.50715942E-04
     4  'XS-SAVED    '       1      22
         1         1         1         1         1         0         1         0
         0         0         0         0         0         0         0         0
         1         0         0         0         1         1
     3  'OVERV       '       2       2
  4.60454466E-08  3.64180187E-06
     3  'FLUX-INTG   '       2       2
  8.59568939E+01  1.80958679E+02
     3  'FLUXDISAFACT'       2       2
  1.69885087E+00  6.20224476E-01
     3  'ISOTOPESDENS'       2       1
  1.00000000E+00
     3  'ISOTOPES-EFJ'       2       1
  0.00000000E+00
     2  'TITLE       '       3      72
INCREMENTAL CALCULATION FOR G-2                                         
     2  'VOLUME      '       2       1
  8.08855312E+04
     2  'ENERGY      '       2       3
  1.00000000E+07  4.00000000E+00  9.99999975E-06
     2  'BURNUP      '       2       1
  4.15615332E+03
     2  'N/KB        '       2       1
  3.74988294E+00
     2  'ISOTOPESNAME'       3      12
MACR        
     2  'JTAB        '       1       1
         0
     2  'PARAM       '       1       4
         2         1         2         1
     1  'BCBINT     1'       0      -1
     2  'BURN       1'       0      -1
     3  'MACR        '       0      -1
     4  'TOTAL       '       2       2
  3.11659396E-01  4.17847157E-01
     4  'TRANC       '       2       2
  4.93469797E-02  5.71972542E-02
     4  'NUSIGF      '       2       2
  9.11447569E-04  5.11458470E-03
     4  'NFTOT       '       2       2
  3.28135298E-04  1.92602770E-03
     4  'CHI         '       2       2
  9.99998033E-01  0.00000000E+00
     4  'NG          '       2       2
  1.52783585E-03  2.92564416E-03
     4  'STRD        '       2       2
  2.47918546E-01  3.47371757E-01
     4  'SIGS 0      '       2       2
  3.09803426E-01  4.12995487E-01
     4  'NJJ  0      '       1       2
         2         2
     4  'IJJ  0      '       1       2
         2         2
     4  'SCAT 0      '       2       4
  2.46690615E-06  3.00090104E-01  4.12993014E-01  9.71333962E-03
     4  'SIGS 1      '       2       2
  5.34904487E-02  5.74331991E-02
     4  'NJJ  1      '       1       2
         1         2
     4  'IJJ  1      '       1       2
         1         2
     4  'SCAT 1      '       2       3
  5.38430735E-02  5.74331991E-02 -3.52625444E-04
     4  'XS-SAVED    '       1      22
         1         1         1         1         1         0         1         0
         0         0         0         0         0         0         0         0
         1         0         0         0         1         1
     3  'OVERV       '       2       2
  4.65004746E-08  3.62091737E-06
     3  'FLUX-INTG   '       2       2
  8.77215500E+01  1.79886826E+02
     3  'FLUXDISAFACT'       2       2
  1.69021273E+00  6.25241458E-01
     3  'ISOTOPESDENS'       2       1
  1.00000000E+00
     3  'ISOTOPES-EFJ'       2       1
  0.00000000E+00
     2  'TITLE       '       3      72
INCREMENTAL CALCULATION FOR G-2                                         
     2  'VOLUME      '       2       1
  8.08855312E+04
     2  'ENERGY      '       2       3
  1.00000000E+07  4.00000000E+00  9.99999975E-06
     2  'BURNUP      '       2       1
  4.15615332E+03
     2  'N/KB        '       2       1
  3.74988294E+00
     2  'ISOTOPESNAME'       3      12
MACR        
     2  'JTAB        '       1       1
         0
     2  'PARAM       '       1       4
         2         1         2         1
     1  'BCCINTRE   1'       0      -1
     2  'BURN       1'       0      -1
     3  'MACR        '       0      -1
     4  'TOTAL       '       2       2
  3.10622007E-01  4.17148650E-01
     4  'TRANC       '       2       2
  4.95501310E-02  5.72986007E-02
     4  'NUSIGF      '       2       2
  9.17862344E-04  5.09015657E-03
     4  'NFTOT       '       2       2
  3.30354727E-04  1.91712403E-03
     4  'CHI         '       2       2
  9.99998033E-01  0.00000000E+00
     4  'NG          '       2       2
  1.48594950E-03  2.51453789E-03
     4  'STRD        '       2       2
  2.47155800E-01  3.46672088E-01
     4  'SIGS 0      '       2       2
  3.08805704E-01  4.12716985E-01
     4  'NJJ  0      '       1       2
         2         2
     4  'IJJ  0      '       1       2
         2         2
     4  'SCAT 0      '       2       4
  2.33031278E-06  2.99178421E-01  4.12714660E-01  9.62727703E-03
     4  'SIGS 1      '       2       2
  5.35155982E-02  5.75340204E-02
     4  'NJJ  1      '       1       2
         1         2
     4  'IJJ  1      '       1       2
         1         2
     4  'SCAT 1      '       2       3
  5.38663119E-02  5.75340204E-02 -3.50716437E-04
     4  'XS-SAVED    '       1      22
         1         1         1         1         1         0         1         0
         0         0         0         0         0         0         0         0
         1         0         0         0         1         1
     3  'OVERV       '       2       2
  4.60454963E-08  3.64179914E-06
     3  'FLUX-INTG   '       2       2
  8.59568329E+01  1.80957779E+02
     3  'FLUXDISAFACT'       2       2
  1.69884455E+00  6.20227695E-01
     3  'ISOTOPESDENS'       2       1
  1.00000000E+00
     3  'ISOTOPES-EFJ'       2       1
  0.00000000E+00
     2  'TITLE       '       3      72
INCREMENTAL CALCULATION FOR G-2                                         
     2  'VOLUME      '       2       1
  8.08855312E+04
     2  'ENERGY      '       2       3
  1.00000000E+07  4.00000000E+00  9.99999975E-06
     2  'BURNUP      '       2       1
  4.15615332E+03
     2  'N/KB        '       2       1
  3.74988294E+00
     2  'ISOTOPESNAME'       3      12
MACR        
     2  'JTAB        '       1       1
         0
     2  'PARAM       '       1       4
         2         1         2         1
     1  'BCCINT     1'       0      -1
     2  'BURN       1'       0      -1
     3  'MACR        '       0      -1
     4  'TOTAL       '       2       2
  3.11465621E-01  4.17747349E-01
     4  'TRANC       '       2       2
  4.93842922E-02  5.72134294E-02
     4  'NUSIGF      '       2       2
  9.12314747E-04  5.11063961E-03
     4  'NFTOT       '       2       2
  3.28435795E-04  1.92457787E-03
     4  'CHI         '       2       2
  9.99998033E-01  0.00000000E+00
     4  'NG          '       2       2
  1.52058853E-03  2.87509710E-03
     4  'STRD        '       2       2
  2.47754544E-01  3.47254276E-01
     4  'SIGS 0      '       2       2
  3.09616596E-01  4.12947685E-01
     4  'NJJ  0      '       1       2
         2         2
     4  'IJJ  0      '       1       2
         2         2
     4  'SCAT 0      '       2       4
  2.44640069E-06  2.99910575E-01  4.12945241E-01  9.70601849E-03
     4  'SIGS 1      '       2       2
  5.35047837E-02  5.74494526E-02
     4  'NJJ  1      '       1       2
         1         2
     4  'IJJ  1      '       1       2
         1         2
     4  'SCAT 1      '       2       3
  5.38572520E-02  5.74494526E-02 -3.52468778E-04
     4  'XS-SAVED    '       1      22
         1         1         1         1         1         0         1         0
         0         0         0         0         0         0         0         0
         1         0         0         0         1         1
     3  'OVERV       '       2       2
  4.64480010E-08  3.62338619E-06
     3  'FLUX-INTG   '       2       2
  8.74907074E+01  1.80052002E+02
     3  'FLUXDISAFACT'       2       2
  1.69137716E+00  6.24507248E-01
     3  'ISOTOPESDENS'       2       1
  1.00000000E+00
     3  'ISOTOPES-EFJ'       2       1
  0.00000000E+00
     2  'TITLE       '       3      72
INCREMENTAL CALCULATION FOR G-2                                         
     2  'VOLUME      '       2       1
  8.08855312E+04
     2  'ENERGY      '       2       3
  1.00000000E+07  4.00000000E+00  9.99999975E-06
     2  'BURNUP      '       2       1
  4.15615332E+03
     2  'N/KB        '       2       1
  3.74988294E+00
     2  'ISOTOPESNAME'       3      12
MACR        
     2  'JTAB        '       1       1
         0
     2  'PARAM       '       1       4
         2         1         2         1
     1  'BCCOUTRE   1'       0      -1
     2  'BURN       1'       0      -1
     3  'MACR        '       0      -1
     4  'TOTAL       '       2       2
  3.10622066E-01  4.17148471E-01
     4  'TRANC       '       2       2
  4.95501906E-02  5.72985783E-02
     4  'NUSIGF      '       2       2
  9.17862169E-04  5.09018544E-03
     4  'NFTOT       '       2       2
  3.30354669E-04  1.91713497E-03
     4  'CHI         '       2       2
  9.99998033E-01  0.00000000E+00
     4  'NG          '       2       2
  1.48594577E-03  2.51455186E-03
     4  'STRD        '       2       2
  2.47155800E-01  3.46671939E-01
     4  'SIGS 0      '       2       2
  3.08805764E-01  4.12716776E-01
     4  'NJJ  0      '       1       2
         2         2
     4  'IJJ  0      '       1       2
         2         2
     4  'SCAT 0      '       2       4
  2.33032620E-06  2.99178481E-01  4.12714452E-01  9.62728448E-03
     4  'SIGS 1      '       2       2
  5.35156354E-02  5.75339980E-02
     4  'NJJ  1      '       1       2
         1         2
     4  'IJJ  1      '       1       2
         1         2
     4  'SCAT 1      '       2       3
  5.38663529E-02  5.75339980E-02 -3.50716728E-04
     4  'XS-SAVED    '       1      22
         1         1         1         1         1         0         1         0
         0         0         0         0         0         0         0         0
         1         0         0         0         1         1
     3  'OVERV       '       2       2
  4.60455247E-08  3.64179641E-06
     3  'FLUX-INTG   '       2       2
  8.59567795E+01  1.80956757E+02
     3  'FLUXDISAFACT'       2       2
  1.69884026E+00  6.20231152E-01
     3  'ISOTOPESDENS'       2       1
  1.00000000E+00
     3  'ISOTOPES-EFJ'       2       1
  0.00000000E+00
     2  'TITLE       '       3      72
INCREMENTAL CALCULATION FOR G-2                                         
     2  'VOLUME      '       2       1
  8.08855312E+04
     2  'ENERGY      '       2       3
  1.00000000E+07  4.00000000E+00  9.99999975E-06
     2  'BURNUP      '       2       1
  4.15615332E+03
     2  'N/KB        '       2       1
  3.74988294E+00
     2  'ISOTOPESNAME'       3      12
MACR        
     2  'JTAB        '       1       1
         0
     2  'PARAM       '       1       4
         2         1         2         1
     1  'BCCOUT     1'       0      -1
     2  'BURN       1'       0      -1
     3  'MACR        '       0      -1
     4  'TOTAL       '       2       2
  3.10930848E-01  4.17385727E-01
     4  'TRANC       '       2       2
  4.94890735E-02  5.72652407E-02
     4  'NUSIGF      '       2       2
  9.15605226E-04  5.09851892E-03
     4  'NFTOT       '       2       2
  3.29574279E-04  1.92016573E-03
     4  'CHI         '       2       2
  9.99998033E-01  0.00000000E+00
     4  'NG          '       2       2
  1.49897928E-03  2.66425940E-03
     4  'STRD        '       2       2
  2.47360244E-01  3.46891731E-01
     4  'SIGS 0      '       2       2
  3.09102297E-01  4.12801296E-01
     4  'NJJ  0      '       1       2
         2         2
     4  'IJJ  0      '       1       2
         2         2
     4  'SCAT 0      '       2       4
  2.37610379E-06  2.99440265E-01  4.12798911E-01  9.66203958E-03
     4  'SIGS 1      '       2       2
  5.35182841E-02  5.75009920E-02
     4  'NJJ  1      '       1       2
         1         2
     4  'IJJ  1      '       1       2
         1         2
     4  'SCAT 1      '       2       3
  5.38697764E-02  5.75009920E-02 -3.51494615E-04
     4  'XS-SAVED    '       1      22
         1         1         1         1         1         0         1         0
         0         0         0         0         0         0         0         0
         1         0         0         0         1         1
     3  'OVERV       '       2       2
  4.62148222E-08  3.63408708E-06
     3  'FLUX-INTG   '       2       2
  8.65823669E+01  1.80586700E+02
     3  'FLUXDISAFACT'       2       2
  1.69579852E+00  6.21980369E-01
     3  'ISOTOPESDENS'       2       1
  1.00000000E+00
     3  'ISOTOPES-EFJ'       2       1
  0.00000000E+00
     2  'TITLE       '       3      72
INCREMENTAL CALCULATION FOR G-2                                         
     2  'VOLUME      '       2       1
  8.08855312E+04
     2  'ENERGY      '       2       3
  1.00000000E+07  4.00000000E+00  9.99999975E-06
     2  'BURNUP      '       2       1
  4.15615332E+03
     2  'N/KB        '       2       1
  3.74988294E+00
     2  'ISOTOPESNAME'       3      12
MACR        
     2  'JTAB        '       1       1
         0
     2  'PARAM       '       1       4
         2         1         2         1
     1  'BCDINTRE   1'       0      -1
     2  'BURN       1'       0      -1
     3  'MACR        '       0      -1
     4  'TOTAL       '       2       2
  3.10621947E-01  4.17148679E-01
     4  'TRANC       '       2       2
  4.95501086E-02  5.72986044E-02
     4  'NUSIGF      '       2       2
  9.17863974E-04  5.09014679E-03
     4  'NFTOT       '       2       2
  3.30355309E-04  1.91712030E-03
     4  'CHI         '       2       2
  9.99998033E-01  0.00000000E+00
     4  'NG          '       2       2
  1.48595008E-03  2.51453300E-03
     4  'STRD        '       2       2
  2.47155786E-01  3.46672118E-01
     4  'SIGS 0      '       2       2
  3.08805645E-01  4.12717044E-01
     4  'NJJ  0      '       1       2
         2         2
     4  'IJJ  0      '       1       2
         2         2
     4  'SCAT 0      '       2       4
  2.33030505E-06  2.99178392E-01  4.12714690E-01  9.62726958E-03
     4  'SIGS 1      '       2       2
  5.35155497E-02  5.75340278E-02
     4  'NJJ  1      '       1       2
         1         2
     4  'IJJ  1      '       1       2
         1         2
     4  'SCAT 1      '       2       3
  5.38662635E-02  5.75340278E-02 -3.50715942E-04
     4  'XS-SAVED    '       1      22
         1         1         1         1         1         0         1         0
         0         0         0         0         0         0         0         0
         1         0         0         0         1         1
     3  'OVERV       '       2       2
  4.60454501E-08  3.64180005E-06
     3  'FLUX-INTG   '       2       2
  8.59568863E+01  1.80958099E+02
     3  'FLUXDISAFACT'       2       2
  1.69885051E+00  6.20226383E-01
     3  'ISOTOPESDENS'       2       1
  1.00000000E+00
     3  'ISOTOPES-EFJ'       2       1
  0.00000000E+00
     2  'TITLE       '       3      72
INCREMENTAL CALCULATION FOR G-2                                         
     2  'VOLUME      '       2       1
  8.08855312E+04
     2  'ENERGY      '       2       3
  1.00000000E+07  4.00000000E+00  9.99999975E-06
     2  'BURNUP      '       2       1
  4.15615332E+03
     2  'N/KB        '       2       1
  3.74988294E+00
     2  'ISOTOPESNAME'       3      12
MACR        
     2  'JTAB        '       1       1
         0
     2  'PARAM       '       1       4
         2         1         2         1
     1  'BCDINT     1'       0      -1
     2  'BURN       1'       0      -1
     3  'MACR        '       0      -1
     4  'TOTAL       '       2       2
  3.11091989E-01  4.17498857E-01
     4  'TRANC       '       2       2
  4.94574010E-02  5.72488196E-02
     4  'NUSIGF      '       2       2
  9.14556207E-04  5.10260183E-03
     4  'NFTOT       '       2       2
  3.29211471E-04  1.92165398E-03
     4  'CHI         '       2       2
  9.99998033E-01  0.00000000E+00
     4  'NG          '       2       2
  1.50560448E-03  2.73267785E-03
     4  'STRD        '       2       2
  2.47475043E-01  3.47002655E-01
     4  'SIGS 0      '       2       2
  3.09257179E-01  4.12844539E-01
     4  'NJJ  0      '       1       2
         2         2
     4  'IJJ  0      '       1       2
         2         2
     4  'SCAT 0      '       2       4
  2.39828569E-06  2.99580306E-01  4.12842125E-01  9.67688672E-03
     4  'SIGS 1      '       2       2
  5.35160266E-02  5.74846715E-02
     4  'NJJ  1      '       1       2
         1         2
     4  'IJJ  1      '       1       2
         1         2
     4  'SCAT 1      '       2       3
  5.38678505E-02  5.74846715E-02 -3.51825322E-04
     4  'XS-SAVED    '       1      22
         1         1         1         1         1         0         1         0
         0         0         0         0         0         0         0         0
         1         0         0         0         1         1
     3  'OVERV       '       2       2
  4.62910812E-08  3.63058916E-06
     3  'FLUX-INTG   '       2       2
  8.68732224E+01  1.80407883E+02
     3  'FLUXDISAFACT'       2       2
  1.69439125E+00  6.22815371E-01
     3  'ISOTOPESDENS'       2       1
  1.00000000E+00
     3  'ISOTOPES-EFJ'       2       1
  0.00000000E+00
     2  'TITLE       '       3      72
INCREMENTAL CALCULATION FOR G-2                                         
     2  'VOLUME      '       2       1
  8.08855312E+04
     2  'ENERGY      '       2       3
  1.00000000E+07  4.00000000E+00  9.99999975E-06
     2  'BURNUP      '       2       1
  4.15615332E+03
     2  'N/KB        '       2       1
  3.74988294E+00
     2  'ISOTOPESNAME'       3      12
MACR        
     2  'JTAB        '       1       1
         0
     2  'PARAM       '       1       4
         2         1         2         1
