     1  'SIGNATURE   '       3      12
L_COMPO     
     1  'NOBL10     1'       0      -1
     2  'BURN       1'       0      -1
     3  'MACR        '       0      -1
     4  'TOTAL       '       2       2
  3.10619354E-01  4.17157352E-01
     4  'TRANC       '       2       2
  4.95478585E-02  5.72996363E-02
     4  'NUSIGF      '       2       2
  9.17846104E-04  5.08888764E-03
     4  'NFTOT       '       2       2
  3.30349489E-04  1.91664544E-03
     4  'CHI         '       2       2
  9.99998033E-01  0.00000000E+00
     4  'NG          '       2       2
  1.48607185E-03  2.51391204E-03
     4  'STRD        '       2       2
  2.47155681E-01  3.46679002E-01
     4  'SIGS 0      '       2       2
  3.08802933E-01  4.12726790E-01
     4  'NJJ  0      '       1       2
         2         2
     4  'IJJ  0      '       1       2
         2         2
     4  'SCAT 0      '       2       4
  2.32965203E-06  2.99176067E-01  4.12724465E-01  9.62685887E-03
     4  'SIGS 1      '       2       2
  5.35133667E-02  5.75350858E-02
     4  'NJJ  1      '       1       2
         1         2
     4  'IJJ  1      '       1       2
         1         2
     4  'SCAT 1      '       2       3
  5.38640656E-02  5.75350858E-02 -3.50699032E-04
     4  'XS-SAVED    '       1      22
         1         1         1         1         1         0         1         0
         0         0         0         0         0         0         0         0
         1         0         0         0         1         1
     3  'OVERV       '       2       2
  4.60436667E-08  3.64191897E-06
     3  'FLUX-INTG   '       2       2
  8.59597931E+01  1.81002655E+02
     3  'FLUXDISAFACT'       2       2
  1.69905794E+00  6.20076656E-01
     3  'ISOTOPESDENS'       2       1
  1.00000000E+00
     3  'ISOTOPES-EFJ'       2       1
  0.00000000E+00
     2  'TITLE       '       3      72
INCREMENTAL CALCULATION FOR G-2                                         
     2  'VOLUME      '       2       1
  8.08855312E+04
     2  'ENERGY      '       2       3
  1.00000000E+07  4.00000000E+00  9.99999975E-06
     2  'BURNUP      '       2       1
  4.15615332E+03
     2  'N/KB        '       2       1
  3.74988294E+00
     2  'ISOTOPESNAME'       3      12
MACR        
     2  'JTAB        '       1       1
         0
     2  'PARAM       '       1       4
         2         1         2         1
     1  'STATE-VECTOR'       1      20
         1         2         1         2         1         4         0         0
         0         0         0         0         0         0         0         0
         0         0         0         0
     1  'BLIQE10    1'       0      -1
     2  'BURN       1'       0      -1
     3  'MACR        '       0      -1
     4  'TOTAL       '       2       2
  3.00561488E-01  4.01952624E-01
     4  'TRANC       '       2       2
  4.76219617E-02  5.53250797E-02
     4  'NUSIGF      '       2       2
  8.94236029E-04  5.09264925E-03
     4  'NFTOT       '       2       2
  3.22015665E-04  1.91781658E-03
     4  'CHI         '       2       2
  9.99998033E-01  0.00000000E+00
     4  'NG          '       2       2
  1.48755126E-03  2.53771269E-03
     4  'STRD        '       2       2
  2.39505142E-01  3.33947271E-01
     4  'SIGS 0      '       2       2
  2.98751920E-01  3.97497088E-01
     4  'NJJ  0      '       1       2
         2         2
     4  'IJJ  0      '       1       2
         2         2
     4  'SCAT 0      '       2       4
  2.38991584E-06  2.89491773E-01  3.97494704E-01  9.26016457E-03
     4  'SIGS 1      '       2       2
  5.17457984E-02  5.54925501E-02
     4  'NJJ  1      '       1       2
         1         2
     4  'IJJ  1      '       1       2
         1         2
     4  'SCAT 1      '       2       3
  5.20591624E-02  5.54925501E-02 -3.13364959E-04
     4  'XS-SAVED    '       1      22
         1         1         1         1         1         0         1         0
         0         0         0         0         0         0         0         0
         1         0         0         0         1         1
     3  'OVERV       '       2       2
  4.61439527E-08  3.62573724E-06
     3  'FLUX-INTG   '       2       2
  8.91406631E+01  1.80708939E+02
     3  'FLUXDISAFACT'       2       2
  1.66611099E+00  6.22465432E-01
     3  'ISOTOPESDENS'       2       1
  1.00000000E+00
     3  'ISOTOPES-EFJ'       2       1
  0.00000000E+00
     2  'TITLE       '       3      72
INCREMENTAL CALCULATION FOR G-2                                         
     2  'VOLUME      '       2       1
  8.08855312E+04
     2  'ENERGY      '       2       3
  1.00000000E+07  4.00000000E+00  9.99999975E-06
     2  'BURNUP      '       2       1
  4.15615332E+03
     2  'N/KB        '       2       1
  3.74988294E+00
     2  'ISOTOPESNAME'       3      12
MACR        
     2  'JTAB        '       1       1
         0
     2  'PARAM       '       1       4
         2         1         2         1
     1  'BLIQF10    1'       0      -1
     2  'BURN       1'       0      -1
     3  'MACR        '       0      -1
     4  'TOTAL       '       2       2
  3.20508689E-01  5.13592720E-01
     4  'TRANC       '       2       2
  5.75809106E-02  8.16277415E-02
     4  'NUSIGF      '       2       2
  9.51188209E-04  5.11484407E-03
     4  'NFTOT       '       2       2
  3.42061277E-04  1.92684692E-03
     4  'CHI         '       2       2
  9.99998033E-01  0.00000000E+00
     4  'NG          '       2       2
  1.49846729E-03  3.17281578E-03
     4  'STRD        '       2       2
  2.48981506E-01  4.07379717E-01
     4  'SIGS 0      '       2       2
  3.18668157E-01  5.08493066E-01
     4  'NJJ  0      '       1       2
         2         2
     4  'IJJ  0      '       1       2
         2         2
     4  'SCAT 0      '       2       4
  2.18453943E-06  3.08098346E-01  5.08490860E-01  1.05698099E-02
     4  'SIGS 1      '       2       2
  6.09252751E-02  7.87574276E-02
     4  'NJJ  1      '       1       2
         1         2
     4  'IJJ  1      '       1       2
         1         2
     4  'SCAT 1      '       2       3
  6.05710112E-02  7.87574276E-02  3.54265707E-04
     4  'XS-SAVED    '       1      22
         1         1         1         1         1         0         1         0
         0         0         0         0         0         0         0         0
         1         0         0         0         1         1
     3  'OVERV       '       2       2
  4.44426433E-08  3.67140547E-06
     3  'FLUX-INTG   '       2       2
  8.30758438E+01  1.80060089E+02
     3  'FLUXDISAFACT'       2       2
  1.75559187E+00  6.20335996E-01
     3  'ISOTOPESDENS'       2       1
  1.00000000E+00
     3  'ISOTOPES-EFJ'       2       1
  0.00000000E+00
     2  'TITLE       '       3      72
INCREMENTAL CALCULATION FOR G-2                                         
     2  'VOLUME      '       2       1
  8.08855312E+04
     2  'ENERGY      '       2       3
  1.00000000E+07  4.00000000E+00  9.99999975E-06
     2  'BURNUP      '       2       1
  4.15615332E+03
     2  'N/KB        '       2       1
  3.74988294E+00
     2  'ISOTOPESNAME'       3      12
MACR        
     2  'JTAB        '       1       1
         0
     2  'PARAM       '       1       4
         2         1         2         1
     1  'NOBL21     1'       0      -1
     2  'BURN       1'       0      -1
     3  'MACR        '       0      -1
     4  'TOTAL       '       2       2
  3.10618341E-01  4.17159885E-01
     4  'TRANC       '       2       2
  4.95467857E-02  5.72999194E-02
     4  'NUSIGF      '       2       2
  9.17861878E-04  5.08847367E-03
     4  'NFTOT       '       2       2
  3.30355193E-04  1.91648956E-03
     4  'CHI         '       2       2
  9.99998033E-01  0.00000000E+00
     4  'NG          '       2       2
  1.48613518E-03  2.51371064E-03
     4  'STRD        '       2       2
  2.47155651E-01  3.46681029E-01
     4  'SIGS 0      '       2       2
  3.08801860E-01  4.12729681E-01
     4  'NJJ  0      '       1       2
         2         2
     4  'IJJ  0      '       1       2
         2         2
     4  'SCAT 0      '       2       4
  2.32943808E-06  2.99175173E-01  4.12727326E-01  9.62668378E-03
     4  'SIGS 1      '       2       2
  5.35124764E-02  5.75353764E-02
     4  'NJJ  1      '       1       2
         1         2
     4  'IJJ  1      '       1       2
         1         2
     4  'SCAT 1      '       2       3
  5.38631678E-02  5.75353764E-02 -3.50691786E-04
     4  'XS-SAVED    '       1      22
         1         1         1         1         1         0         1         0
         0         0         0         0         0         0         0         0
         1         0         0         0         1         1
     3  'OVERV       '       2       2
  4.60429774E-08  3.64195944E-06
     3  'FLUX-INTG   '       2       2
  8.59608154E+01  1.81016937E+02
     3  'FLUXDISAFACT'       2       2
  1.69915783E+00  6.20026231E-01
     3  'ISOTOPESDENS'       2       1
  1.00000000E+00
     3  'ISOTOPES-EFJ'       2       1
  0.00000000E+00
     2  'TITLE       '       3      72
INCREMENTAL CALCULATION FOR G-2                                         
     2  'VOLUME      '       2       1
  8.08855312E+04
     2  'ENERGY      '       2       3
  1.00000000E+07  4.00000000E+00  9.99999975E-06
     2  'BURNUP      '       2       1
  4.15615332E+03
     2  'N/KB        '       2       1
  3.74988294E+00
     2  'ISOTOPESNAME'       3      12
MACR        
     2  'JTAB        '       1       1
         0
     2  'PARAM       '       1       4
         2         1         2         1
     1  'BLIQE21    1'       0      -1
     2  'BURN       1'       0      -1
     3  'MACR        '       0      -1
     4  'TOTAL       '       2       2
  3.02992523E-01  4.08315748E-01
     4  'TRANC       '       2       2
  4.88257669E-02  5.68176098E-02
     4  'NUSIGF      '       2       2
  9.01645981E-04  5.09410584E-03
     4  'NFTOT       '       2       2
  3.24620487E-04  1.91845617E-03
     4  'CHI         '       2       2
  9.99998033E-01  0.00000000E+00
     4  'NG          '       2       2
  1.48876279E-03  2.57670227E-03
     4  'STRD        '       2       2
  2.40707695E-01  3.38306040E-01
     4  'SIGS 0      '       2       2
  3.01179141E-01  4.03820574E-01
     4  'NJJ  0      '       1       2
         2         2
     4  'IJJ  0      '       1       2
         2         2
     4  'SCAT 0      '       2       4
  2.36432038E-06  2.91777134E-01  4.03818220E-01  9.40200500E-03
     4  'SIGS 1      '       2       2
  5.28229736E-02  5.68160154E-02
     4  'NJJ  1      '       1       2
         1         2
     4  'IJJ  1      '       1       2
         1         2
     4  'SCAT 1      '       2       3
  5.30629344E-02  5.68160154E-02 -2.39961708E-04
     4  'XS-SAVED    '       1      22
         1         1         1         1         1         0         1         0
         0         0         0         0         0         0         0         0
         1         0         0         0         1         1
     3  'OVERV       '       2       2
  4.59648000E-08  3.63162167E-06
     3  'FLUX-INTG   '       2       2
  8.81920242E+01  1.80695496E+02
     3  'FLUXDISAFACT'       2       2
  1.67718065E+00  6.21951520E-01
     3  'ISOTOPESDENS'       2       1
  1.00000000E+00
     3  'ISOTOPES-EFJ'       2       1
  0.00000000E+00
     2  'TITLE       '       3      72
INCREMENTAL CALCULATION FOR G-2                                         
     2  'VOLUME      '       2       1
  8.08855312E+04
     2  'ENERGY      '       2       3
  1.00000000E+07  4.00000000E+00  9.99999975E-06
     2  'BURNUP      '       2       1
  4.15615332E+03
     2  'N/KB        '       2       1
  3.74988294E+00
     2  'ISOTOPESNAME'       3      12
MACR        
     2  'JTAB        '       1       1
         0
     2  'PARAM       '       1       4
         2         1         2         1
     1  'BLIQF21    1'       0      -1
     2  'BURN       1'       0      -1
     3  'MACR        '       0      -1
     4  'TOTAL       '       2       2
  3.20234865E-01  5.09001791E-01
     4  'TRANC       '       2       2
  5.74093498E-02  8.05152282E-02
     4  'NUSIGF      '       2       2
  9.50587157E-04  5.11393603E-03
     4  'NFTOT       '       2       2
  3.41851759E-04  1.92649523E-03
     4  'CHI         '       2       2
  9.99998033E-01  0.00000000E+00
     4  'NG          '       2       2
  1.49887381E-03  3.14968289E-03
     4  'STRD        '       2       2
  2.48893976E-01  4.04523522E-01
     4  'SIGS 0      '       2       2
  3.18394125E-01  5.03925562E-01
     4  'NJJ  0      '       1       2
         2         2
     4  'IJJ  0      '       1       2
         2         2
     4  'SCAT 0      '       2       4
  2.18906348E-06  3.07851553E-01  5.03923416E-01  1.05425809E-02
     4  'SIGS 1      '       2       2
  6.07591420E-02  7.77742565E-02
     4  'NJJ  1      '       1       2
         1         2
     4  'IJJ  1      '       1       2
         1         2
     4  'SCAT 1      '       2       3
  6.04196116E-02  7.77742565E-02  3.39529419E-04
     4  'XS-SAVED    '       1      22
         1         1         1         1         1         0         1         0
         0         0         0         0         0         0         0         0
         1         0         0         0         1         1
     3  'OVERV       '       2       2
  4.44754313E-08  3.67082953E-06
     3  'FLUX-INTG   '       2       2
  8.31107864E+01  1.80095322E+02
     3  'FLUXDISAFACT'       2       2
  1.75458312E+00  6.20287836E-01
     3  'ISOTOPESDENS'       2       1
  1.00000000E+00
     3  'ISOTOPES-EFJ'       2       1
  0.00000000E+00
     2  'TITLE       '       3      72
INCREMENTAL CALCULATION FOR G-2                                         
     2  'VOLUME      '       2       1
  8.08855312E+04
     2  'ENERGY      '       2       3
  1.00000000E+07  4.00000000E+00  9.99999975E-06
     2  'BURNUP      '       2       1
  4.15615332E+03
     2  'N/KB        '       2       1
  3.74988294E+00
     2  'ISOTOPESNAME'       3      12
MACR        
     2  'JTAB        '       1       1
         0
     2  'PARAM       '       1       4
         2         1         2         1
     1  'NOBL32     1'       0      -1
     2  'BURN       1'       0      -1
     3  'MACR        '       0      -1
     4  'TOTAL       '       2       2
  3.10618103E-01  4.17160779E-01
     4  'TRANC       '       2       2
  4.95462306E-02  5.73000275E-02
     4  'NUSIGF      '       2       2
  9.17859725E-04  5.08834934E-03
     4  'NFTOT       '       2       2
  3.30354611E-04  1.91644288E-03
     4  'CHI         '       2       2
  9.99998033E-01  0.00000000E+00
     4  'NG          '       2       2
  1.48617383E-03  2.51365034E-03
     4  'STRD        '       2       2
  2.47155637E-01  3.46681774E-01
     4  'SIGS 0      '       2       2
  3.08801591E-01  4.12730694E-01
     4  'NJJ  0      '       1       2
         2         2
     4  'IJJ  0      '       1       2
         2         2
     4  'SCAT 0      '       2       4
  2.32939465E-06  2.99174964E-01  4.12728369E-01  9.62663349E-03
     4  'SIGS 1      '       2       2
  5.35122976E-02  5.75354882E-02
     4  'NJJ  1      '       1       2
         1         2
     4  'IJJ  1      '       1       2
         1         2
     4  'SCAT 1      '       2       3
  5.38629889E-02  5.75354882E-02 -3.50690621E-04
     4  'XS-SAVED    '       1      22
         1         1         1         1         1         0         1         0
         0         0         0         0         0         0         0         0
         1         0         0         0         1         1
     3  'OVERV       '       2       2
  4.60429064E-08  3.64197149E-06
     3  'FLUX-INTG   '       2       2
  8.59610825E+01  1.81021332E+02
     3  'FLUXDISAFACT'       2       2
  1.69917071E+00  6.20011747E-01
     3  'ISOTOPESDENS'       2       1
  1.00000000E+00
     3  'ISOTOPES-EFJ'       2       1
  0.00000000E+00
     2  'TITLE       '       3      72
INCREMENTAL CALCULATION FOR G-2                                         
     2  'VOLUME      '       2       1
  8.08855312E+04
     2  'ENERGY      '       2       3
  1.00000000E+07  4.00000000E+00  9.99999975E-06
     2  'BURNUP      '       2       1
  4.15615332E+03
     2  'N/KB        '       2       1
  3.74988294E+00
     2  'ISOTOPESNAME'       3      12
MACR        
     2  'JTAB        '       1       1
         0
     2  'PARAM       '       1       4
         2         1         2         1
     1  'BLIQE32    1'       0      -1
     2  'BURN       1'       0      -1
     3  'MACR        '       0      -1
     4  'TOTAL       '       2       2
  3.05095911E-01  4.14866358E-01
     4  'TRANC       '       2       2
  4.98507582E-02  5.83449230E-02
     4  'NUSIGF      '       2       2
  9.07836249E-04  5.09552052E-03
     4  'NFTOT       '       2       2
  3.26796348E-04  1.91906898E-03
     4  'CHI         '       2       2
  9.99998033E-01  0.00000000E+00
     4  'NG          '       2       2
  1.48995337E-03  2.61683087E-03
     4  'STRD        '       2       2
  2.41759852E-01  3.42783272E-01
     4  'SIGS 0      '       2       2
  3.03279161E-01  4.10330474E-01
     4  'NJJ  0      '       1       2
         2         2
     4  'IJJ  0      '       1       2
         2         2
     4  'SCAT 0      '       2       4
  2.34276786E-06  2.93753535E-01  4.10328120E-01  9.52563807E-03
     4  'SIGS 1      '       2       2
  5.37444800E-02  5.81692718E-02
     4  'NJJ  1      '       1       2
         1         2
     4  'IJJ  1      '       1       2
         1         2
     4  'SCAT 1      '       2       3
  5.39186560E-02  5.81692718E-02 -1.74178233E-04
     4  'XS-SAVED    '       1      22
         1         1         1         1         1         0         1         0
         0         0         0         0         0         0         0         0
         1         0         0         0         1         1
     3  'OVERV       '       2       2
  4.57847840E-08  3.63684967E-06
     3  'FLUX-INTG   '       2       2
  8.74255371E+01  1.80674744E+02
     3  'FLUXDISAFACT'       2       2
  1.68662798E+00  6.21524274E-01
     3  'ISOTOPESDENS'       2       1
  1.00000000E+00
     3  'ISOTOPES-EFJ'       2       1
  0.00000000E+00
     2  'TITLE       '       3      72
INCREMENTAL CALCULATION FOR G-2                                         
     2  'VOLUME      '       2       1
  8.08855312E+04
     2  'ENERGY      '       2       3
  1.00000000E+07  4.00000000E+00  9.99999975E-06
     2  'BURNUP      '       2       1
  4.15615332E+03
     2  'N/KB        '       2       1
  3.74988294E+00
     2  'ISOTOPESNAME'       3      12
MACR        
     2  'JTAB        '       1       1
         0
     2  'PARAM       '       1       4
         2         1         2         1
     1  'BLIQF32    1'       0      -1
     2  'BURN       1'       0      -1
     3  'MACR        '       0      -1
     4  'TOTAL       '       2       2
  3.19983780E-01  5.04474938E-01
     4  'TRANC       '       2       2
  5.72676659E-02  7.94198066E-02
     4  'NUSIGF      '       2       2
  9.50019981E-04  5.11300517E-03
     4  'NFTOT       '       2       2
  3.41652107E-04  1.92613713E-03
     4  'CHI         '       2       2
  9.99998033E-01  0.00000000E+00
     4  'NG          '       2       2
  1.49894389E-03  3.12696025E-03
     4  'STRD        '       2       2
  2.48804018E-01  4.01703686E-01
     4  'SIGS 0      '       2       2
  3.18143189E-01  4.99421835E-01
     4  'NJJ  0      '       1       2
         2         2
     4  'IJJ  0      '       1       2
         2         2
     4  'SCAT 0      '       2       4
  2.19291519E-06  3.07625294E-01  4.99419659E-01  1.05179120E-02
     4  'SIGS 1      '       2       2
  6.06166124E-02  7.68061504E-02
     4  'NJJ  1      '       1       2
         1         2
     4  'IJJ  1      '       1       2
         1         2
     4  'SCAT 1      '       2       3
  6.02897368E-02  7.68061504E-02  3.26872891E-04
     4  'XS-SAVED    '       1      22
         1         1         1         1         1         0         1         0
         0         0         0         0         0         0         0         0
         1         0         0         0         1         1
     3  'OVERV       '       2       2
  4.45026132E-08  3.67034500E-06
     3  'FLUX-INTG   '       2       2
  8.31328735E+01  1.80133224E+02
     3  'FLUXDISAFACT'       2       2
  1.75351429E+00  6.20216846E-01
     3  'ISOTOPESDENS'       2       1
  1.00000000E+00
     3  'ISOTOPES-EFJ'       2       1
  0.00000000E+00
     2  'TITLE       '       3      72
INCREMENTAL CALCULATION FOR G-2                                         
     2  'VOLUME      '       2       1
  8.08855312E+04
     2  'ENERGY      '       2       3
  1.00000000E+07  4.00000000E+00  9.99999975E-06
     2  'BURNUP      '       2       1
  4.15615332E+03
     2  'N/KB        '       2       1
  3.74988294E+00
     2  'ISOTOPESNAME'       3      12
MACR        
     2  'JTAB        '       1       1
         0
     2  'PARAM       '       1       4
         2         1         2         1
