->       1      12       3       3                                 <-   
SIGNATURE                                                                       
         4         4         4
L_FLUX      
->       1      12       3       3                                 <-   
LINK.MACRO                                                                      
         4         4         4
MACRO       
->       1      12       3       3                                 <-   
LINK.TRACK                                                                      
         4         4         4
TRACK       
->       1      12       3       3                                 <-   
LINK.SYSTEM                                                                     
         4         4         4
SYSTEM      
->       1      12      10       2                                 <-   
FLUX                                                                            
->       2       0       2    2800                                 <-   00000001
  2.61320980E+07  3.42435469E+04 -7.78935150E+06  1.48426906E+05  2.62467780E+07
  3.19683906E+04 -7.27522250E+06  1.48406172E+05  2.63535820E+07  2.96945156E+04
 -6.76116200E+06  1.48386859E+05  2.64525100E+07  2.74218281E+04 -6.24716600E+06
  1.48369047E+05  2.65435680E+07  2.51502188E+04 -5.73323000E+06  1.48352547E+05
  2.66267560E+07  2.28795781E+04 -5.21934800E+06  1.48337516E+05  2.67020820E+07
  2.06098828E+04 -4.70551600E+06  1.48323953E+05  2.67695440E+07  1.83409844E+04
 -4.19172750E+06  1.48311766E+05  2.68291540E+07  1.60727969E+04 -3.67798000E+06
  1.48301000E+05  2.68809060E+07  1.38052891E+04 -3.16426700E+06  1.48291562E+05
  2.69248000E+07  1.15382812E+04 -2.65058400E+06  1.48283734E+05  2.69608420E+07
  9.27175000E+03 -2.13692575E+06  1.48277125E+05  2.69890360E+07  7.00557812E+03
 -1.62328800E+06  1.48272125E+05  2.70093800E+07  4.73968750E+03 -1.10966500E+06
  1.48268453E+05  2.70218740E+07  2.47396875E+03 -5.96052250E+05  1.48266203E+05
  2.70265200E+07  2.08343750E+02 -8.24449375E+04  1.48265359E+05  2.70233160E+07
 -2.05728125E+03  4.31161938E+05  1.48265938E+05  2.70122660E+07 -4.32298438E+03
  9.44773125E+05  1.48267953E+05  2.69933680E+07 -6.58882812E+03  1.45839362E+06
  1.48271141E+05  2.69666200E+07 -8.85498438E+03  1.97202838E+06  1.48276172E+05
  2.69320180E+07 -1.11214688E+04  2.48568250E+06  1.48282422E+05  2.68895640E+07
 -1.33883906E+04  2.99936100E+06  1.48290094E+05  2.68392600E+07 -1.56558750E+04
  3.51306800E+06  1.48299188E+05  2.67810980E+07 -1.79239375E+04  4.02680900E+06
  1.48309484E+05  2.67150760E+07 -2.01927656E+04  4.54058900E+06  1.48321609E+05
  2.66411960E+07 -2.24623984E+04  5.05441250E+06  1.48334938E+05  2.65594520E+07
 -2.47329062E+04  5.56828500E+06  1.48349734E+05  2.64698420E+07 -2.70043906E+04
  6.08221100E+06  1.48365906E+05  2.63723600E+07 -2.92769688E+04  6.59619600E+06
  1.48383516E+05  2.62670040E+07 -3.15507031E+04  7.11024350E+06  1.48402531E+05
  2.21028300E+07 -2.19000950E+06  6.74382150E+06 -3.40482250E+05  1.61028450E+07
 -1.35167925E+06  5.73735800E+06 -2.48055719E+05  1.23350520E+07 -8.67350250E+05
  4.98605900E+06 -1.90014844E+05  9.86616900E+06 -5.82790875E+05  4.39808450E+06
 -1.51983047E+05  8.16814150E+06 -4.11671594E+05  3.91954125E+06 -1.25825844E+05
  6.93995250E+06 -3.05558688E+05  3.51807200E+06 -1.06906242E+05  6.00814450E+06
 -2.37186219E+05  3.17365300E+06 -9.25522891E+04  5.27122350E+06 -1.91126844E+05
  2.87341425E+06 -8.12003750E+04  4.66854050E+06 -1.58588406E+05  2.60870975E+06
 -7.19163281E+04  4.16282400E+06 -1.34507062E+05  2.37344800E+06 -6.41261016E+04
  3.73035700E+06 -1.15922523E+05  2.16313375E+06 -5.74641758E+04  3.35541250E+06
 -1.01069492E+05  1.97430500E+06 -5.16883125E+04  3.02708475E+06 -8.88670938E+04
  1.80419950E+06 -4.66306445E+04  2.73746475E+06 -7.86303125E+04  1.65055150E+06
 -4.21691602E+04  2.48057525E+06 -6.99088359E+04  1.51146162E+06 -3.82119492E+04
  2.25173475E+06 -6.23927344E+04  1.38531312E+06 -3.46867539E+04  2.04717225E+06
 -5.58602773E+04  1.27071325E+06 -3.15356152E+04  1.86378100E+06 -5.01455234E+04
  1.16645188E+06 -2.87105312E+04  1.69895838E+06 -4.51207227E+04  1.07147088E+06
 -2.61715859E+04  1.55049762E+06 -4.06838281E+04  9.84839312E+05 -2.38845762E+04
  1.41650950E+06 -3.67524531E+04  9.05736312E+05 -2.18205605E+04  1.29536500E+06
 -3.32582227E+04  8.33433688E+05 -1.99543926E+04  1.18565125E+06 -3.01440703E+04
  7.67284875E+05 -1.82643555E+04  1.08613812E+06 -2.73615508E+04  7.06713375E+05
 -1.67313730E+04  9.95749312E+05 -2.48697910E+04  6.51204250E+05 -1.53389824E+04
  9.13540188E+05 -2.26336387E+04  6.00296250E+05 -1.40726230E+04  8.38679125E+05
 -2.06227383E+04  5.53575688E+05 -1.29193994E+04  7.70431688E+05 -1.88111426E+04
  5.10670438E+05 -1.18680850E+04  7.08147875E+05 -1.71762051E+04  4.71245156E+05
 -1.09086367E+04  6.51250250E+05 -1.56983037E+04  4.34997438E+05 -1.00321807E+04
  5.99225500E+05 -1.43602041E+04  4.01653625E+05 -9.23074805E+03  5.51615625E+05
 -1.31470195E+04  3.70966375E+05 -8.49734375E+03  5.08011250E+05 -1.20455986E+04
  3.42711094E+05 -7.82566016E+03  4.68045719E+05 -1.10443076E+04  3.16683969E+05
 -7.20999609E+03  4.31390156E+05 -1.01330332E+04  2.92699875E+05 -6.64533691E+03
  3.97748562E+05 -9.30274316E+03  2.70590125E+05 -6.12710596E+03  3.66854625E+05
 -8.54545605E+03  2.50201188E+05 -5.65120117E+03  3.38467844E+05 -7.85408740E+03
  2.31392891E+05 -5.21391895E+03  3.12371062E+05 -7.22235596E+03  2.14037312E+05
 -4.81193262E+03  2.88367719E+05 -6.64454785E+03  1.98017719E+05 -4.44215332E+03
  2.66279719E+05 -6.11572559E+03  1.83227125E+05 -4.10189990E+03  2.45945406E+05
 -5.63135156E+03  1.69567703E+05 -3.78866138E+03  2.27217922E+05 -5.18738672E+03
  1.56949922E+05 -3.50017432E+03  2.09963672E+05 -4.78019824E+03  1.45291594E+05
 -3.23438232E+03  1.94061078E+05 -4.40651562E+03  1.34517406E+05 -2.98941138E+03
  1.79399156E+05 -4.06340576E+03  1.24558266E+05 -2.76356396E+03  1.65876844E+05
 -3.74815405E+03  1.15350664E+05 -2.55524829E+03  1.53401750E+05 -3.45840503E+03
  1.06836336E+05 -2.36307593E+03  1.41889391E+05 -3.19195825E+03  9.89616719E+04
 -2.18573462E+03  1.31262578E+05 -2.94683716E+03  9.16773750E+04 -2.02203455E+03
  1.21450578E+05 -2.72124707E+03  8.49381172E+04 -1.87088586E+03  1.12388562E+05
 -2.51355713E+03  7.87021641E+04 -1.73129053E+03  1.04017156E+05 -2.32229370E+03
  7.29310938E+04 -1.60234021E+03  9.62818828E+04 -2.14608081E+03  6.75895312E+04
 -1.48317554E+03  8.91326719E+04 -1.98371936E+03  6.26449219E+04 -1.37304614E+03
  8.25235859E+04 -1.83408215E+03  5.80671914E+04 -1.27123657E+03  7.64122734E+04
 -1.69615405E+03  5.38286914E+04 -1.17709509E+03  7.07598281E+04 -1.56901160E+03
  4.99038789E+04 -1.09002209E+03  6.55303555E+04 -1.45182166E+03  4.62692617E+04
 -1.00946472E+03  6.06906875E+04 -1.34384045E+03  4.29031680E+04 -9.34916016E+02
  5.62101172E+04 -1.24439221E+03  3.97856094E+04 -8.65891235E+02  5.20600625E+04
 -1.15293066E+03  3.68982070E+04 -8.01961914E+02  4.82136797E+04 -1.06900745E+03
  3.42240508E+04 -7.42710388E+02  4.46453945E+04 -9.92341431E+02  3.17476113E+04
 -6.87742676E+02  4.13302188E+04 -9.22896790E+02  2.94547227E+04 -6.36674133E+02
  3.82426562E+04 -8.61031250E+02  2.73325527E+04 -5.89111755E+02  3.53549297E+04
 -8.07771729E+02  2.53696758E+04 -5.44629944E+02  3.26339062E+04 -7.65286987E+02
  2.35562832E+04 -5.02711609E+02  3.00357148E+04 -7.37800964E+02  2.18845859E+04
 -4.62687622E+02  2.74962148E+04 -7.33140015E+02  2.03496172E+04 -4.23567780E+02
  8.14821300E+06 -7.75128750E+04  8.90173000E+06 -8.38871328E+04  1.05439000E+07
 -9.78585078E+04  1.38984380E+07 -1.26625258E+05  2.19712720E+07 -1.96173188E+05
  5.90611400E+07 -4.98684375E+05  1.35876016E+05  7.84433906E+04  1.47598875E+05
  8.52095312E+04  1.73498547E+05  1.00157508E+05  2.27727719E+05  1.31453094E+05
  3.64116844E+05  2.10146438E+05  1.06978488E+06  6.16919750E+05  7.87963750E+06
 -7.75491797E+04  8.61105100E+06 -8.39361797E+04  1.02047680E+07 -9.79391016E+04
  1.34595150E+07 -1.26786758E+05  2.12909280E+07 -1.96623422E+05  5.73274760E+07
 -5.02250750E+05  4.07563281E+05  7.84152891E+04  4.42703281E+05  8.51690156E+04
  5.20330312E+05  1.00085859E+05  6.82828812E+05  1.31299594E+05  1.09129038E+06
  2.09687453E+05  3.19938275E+06  6.12608812E+05  7.61093700E+06 -7.75852188E+04
  8.32020350E+06 -8.39849297E+04  9.86535800E+06 -9.80193672E+04  1.30200340E+07
 -1.26947969E+05  2.06090240E+07 -1.97073906E+05  5.55814200E+07 -5.05840188E+05
  6.79152750E+05  7.83868828E+04  7.37666812E+05  8.51281953E+04  8.66913312E+05
  1.00013867E+05  1.13739750E+06  1.31145766E+05  1.81687438E+06  2.09228734E+05
  5.31409600E+06  6.08326062E+05  7.34211150E+06 -7.76210078E+04  8.02918750E+06
 -8.40334375E+04  9.52567000E+06 -9.80993828E+04  1.25799950E+07 -1.27108969E+05
  1.99255580E+07 -1.97524750E+05  5.38228840E+07 -5.09453094E+05  9.50643312E+05
  7.83582266E+04  1.03248838E+06  8.50871094E+04  1.21324650E+06  9.99416172E+04
  1.59143312E+06  1.30991711E+05  2.54087000E+06  2.08770375E+05  7.41402200E+06
  6.04071562E+05  7.07316300E+06 -7.76564766E+04  7.73800350E+06 -8.40816016E+04
  9.18570600E+06 -9.81790469E+04  1.21393980E+07 -1.27269617E+05  1.92405320E+07
 -1.97975750E+05  5.20517960E+07 -5.13089125E+05  1.22203400E+06  7.83292266E+04
  1.32716700E+06  8.50456641E+04  1.55932862E+06  9.98689766E+04  2.04493425E+06
  1.30837281E+05  3.26327800E+06  2.08312156E+05  9.49925700E+06  5.99844500E+05
  6.80409200E+06 -7.76916953E+04  7.44665300E+06 -8.41295234E+04  8.84546700E+06
 -9.82584375E+04  1.16982450E+07 -1.27430047E+05  1.85539420E+07 -1.98427078E+05
  5.02680720E+07 -5.16748906E+05  1.49332388E+06  7.82999766E+04  1.62170175E+06
  8.50039531E+04  1.90515875E+06  9.97960625E+04  2.49790000E+06  1.30682617E+05
  3.98409950E+06  2.07854328E+05  1.15698990E+07  5.95645250E+05  6.53489950E+06
 -7.77266797E+04  7.15513700E+06 -8.41771719E+04  8.50495200E+06 -9.83375625E+04
  1.12565370E+07 -1.27590242E+05  1.78657900E+07 -1.98878750E+05  4.84716280E+07
 -5.20432625E+05  1.76451188E+06  7.82704531E+04  1.91609150E+06  8.49619688E+04
  2.25073575E+06  9.97228672E+04  2.95032975E+06  1.30527703E+05  4.70333550E+06
  2.07396812E+05  1.36260410E+07  5.91473625E+05  6.26558650E+06 -7.77613438E+04
  6.86345650E+06 -8.42245156E+04  8.16416450E+06 -9.84163594E+04  1.08142740E+07
 -1.27750133E+05  1.71760700E+07 -1.99330625E+05  4.66623800E+07 -5.24140094E+05
  2.03559712E+06  7.82406250E+04  2.21033500E+06  8.49196641E+04  2.59605850E+06
  9.96493203E+04  3.40222225E+06  1.30372461E+05  5.42098700E+06  2.06939516E+05
  1.56677790E+07  5.87329000E+05  5.99615350E+06 -7.77957500E+04  6.57161300E+06
 -8.42715703E+04  7.82310400E+06 -9.84948594E+04  1.03714580E+07 -1.27909742E+05
  1.64847860E+07 -1.99782781E+05  4.48402520E+07 -5.27871750E+05  2.30657850E+06
  7.82105078E+04  2.50443200E+06  8.48770625E+04  2.94112625E+06  9.95754688E+04
  3.85357625E+06  1.30216945E+05  6.13705450E+06  2.06482516E+05  1.76952060E+07
  5.83211438E+05  5.72660200E+06 -7.78298203E+04  6.27960650E+06 -8.43182891E+04
  7.48177250E+06 -9.85729844E+04  9.92809000E+06 -1.28069000E+05  1.57919340E+07
 -2.00235094E+05  4.30051520E+07 -5.31627250E+05  2.57745500E+06  7.81800625E+04
  2.79838025E+06  8.48341016E+04  3.28593725E+06  9.95012422E+04  4.30439150E+06
  1.30061055E+05  6.85154000E+06  2.06025656E+05  1.97084180E+07  5.79120375E+05
  5.45693250E+06 -7.78637266E+04  5.98743850E+06 -8.43648281E+04  7.14017050E+06
 -9.86509453E+04  9.48417100E+06 -1.28228156E+05  1.50975160E+07 -2.00687922E+05
  4.11570000E+07 -5.35408000E+05  2.84822550E+06  7.81494297E+04  3.09217950E+06
  8.47909609E+04  3.63049075E+06  9.94268281E+04  4.75466600E+06  1.29905062E+05
  7.56444300E+06  2.05569344E+05  2.17075020E+07  5.75056750E+05  5.18714650E+06
 -7.78972422E+04  5.69511050E+06 -8.44109609E+04  6.79829900E+06 -9.87284688E+04
  9.03970000E+06 -1.28386867E+05  1.44015280E+07 -2.01140781E+05  3.92957120E+07
 -5.39212562E+05  3.11888975E+06  7.81184062E+04  3.38582875E+06  8.47474141E+04
  3.97478575E+06  9.93519688E+04  5.20439950E+06  1.29748602E+05  8.27576600E+06
  2.05113047E+05  2.36925560E+07  5.71018750E+05  4.91724500E+06 -7.79305938E+04
  5.40262250E+06 -8.44569297E+04  6.45615950E+06 -9.88058203E+04  8.59468000E+06
 -1.28545477E+05  1.37039710E+07 -2.01594172E+05  3.74211960E+07 -5.43042750E+05
  3.38944575E+06  7.80872188E+04  3.67932675E+06  8.47036953E+04  4.31882150E+06
  9.92769453E+04  5.65359050E+06  1.29592047E+05  8.98550900E+06  2.04657297E+05
  2.56636680E+07  5.67007875E+05  4.64722800E+06 -7.79636094E+04  5.10997600E+06
 -8.45025391E+04  6.11375300E+06 -9.88828047E+04  8.14911150E+06 -1.28703727E+05
  1.30048420E+07 -2.02047703E+05  3.55333720E+07 -5.46897438E+05  3.65989350E+06
  7.80556875E+04  3.97267250E+06  8.46596094E+04  4.66259650E+06  9.92015469E+04
  6.10223850E+06  1.29435117E+05  9.69367400E+06  2.04201688E+05  2.76209320E+07
  5.63022688E+05  4.37709750E+06 -7.79963516E+04  4.81717200E+06 -8.45478750E+04
  5.77108000E+06 -9.89594922E+04  7.70299500E+06 -1.28861711E+05  1.23041420E+07
 -2.02501531E+05  3.36321480E+07 -5.50777438E+05  3.93023100E+06  7.80238750E+04
  4.26586550E+06  8.46152500E+04  5.00610950E+06  9.91258438E+04  6.55034300E+06
  1.29277922E+05  1.04002600E+07  2.03746391E+05  2.95644340E+07  5.59063438E+05
  4.10685400E+06 -7.80288125E+04  4.52421200E+06 -8.45929062E+04  5.42814150E+06
 -9.90358672E+04  7.25633150E+06 -1.29019398E+05  1.16018700E+07 -2.02955625E+05
  3.17174440E+07 -5.54682688E+05  4.20045800E+06  7.79917891E+04  4.55890400E+06
  8.45705859E+04  5.34936000E+06  9.90498281E+04  6.99790200E+06  1.29120445E+05
  1.11052690E+07  2.03291328E+05  3.14942660E+07  5.55129812E+05  3.83649850E+06
 -7.80609922E+04  4.23109550E+06 -8.46376562E+04  5.08493950E+06 -9.91119375E+04
  6.80912250E+06 -1.29176828E+05  1.08980240E+07 -2.03410016E+05  2.97891660E+07
 -5.58613500E+05  4.47057350E+06  7.79594219E+04  4.85178750E+06  8.45256328E+04
  5.69234650E+06  9.89735000E+04  7.44491500E+06  1.28962680E+05  1.18087040E+07
  2.02836594E+05  3.34105140E+07  5.51221812E+05  3.56603175E+06 -7.80928906E+04
  3.93782500E+06 -8.46821094E+04  4.74147450E+06 -9.91877031E+04  6.36136850E+06
 -1.29333977E+05  1.01926040E+07 -2.03864656E+05  2.78472260E+07 -5.62570062E+05
  4.74057700E+06  7.79267734E+04  5.14451450E+06  8.44803906E+04  6.03506800E+06
  9.88968828E+04  7.89138150E+06  1.28804648E+05  1.25105630E+07  2.02382109E+05
  3.53132720E+07  5.47339188E+05  3.29545550E+06 -7.81244062E+04  3.64440125E+06
 -8.47261562E+04  4.39774750E+06 -9.92630234E+04  5.91307100E+06 -1.29490656E+05
  9.48560900E+06 -2.04319312E+05  2.58915380E+07 -5.66551625E+05  5.01046600E+06
  7.78937344E+04  5.43708400E+06  8.44347344E+04  6.37752350E+06  9.88198125E+04
  8.33729950E+06  1.28646164E+05  1.32108480E+07  2.01927609E+05  3.72026200E+07
  5.43480938E+05  3.02477000E+06 -7.81558516E+04  3.35082525E+06 -8.47701328E+04
  4.05375975E+06 -9.93383125E+04  5.46423050E+06 -1.29647422E+05  8.77703700E+06
 -2.04774797E+05  2.39220100E+07 -5.70560875E+05  5.28024050E+06  7.78606406E+04
  5.72949550E+06  8.43890234E+04  6.71971200E+06  9.87427188E+04  8.78266900E+06
  1.28487758E+05  1.39095600E+07  2.01473984E+05  3.90786520E+07  5.39649188E+05
  2.75397625E+06 -7.81869062E+04  3.05709725E+06 -8.48137109E+04  3.70951200E+06
 -9.94131562E+04  5.01484800E+06 -1.29803727E+05  8.06688750E+06 -2.05230281E+05
  2.19385480E+07 -5.74595625E+05  5.54990000E+06  7.78271484E+04  6.02174800E+06
  8.43429141E+04  7.06163250E+06  9.86651797E+04  9.22748800E+06  1.28328898E+05
  1.46067010E+07  2.01020328E+05  4.09414440E+07  5.35841562E+05  2.48307550E+06
 -7.82176797E+04  2.76321875E+06 -8.48569922E+04  3.36500550E+06 -9.94876875E+04
  4.56492450E+06 -1.29959758E+05  7.35515950E+06 -2.05686062E+05  1.99410620E+07
 -5.78656812E+05  5.81944200E+06  7.77933984E+04  6.31384000E+06  8.42965156E+04
  7.40328400E+06  9.85873438E+04  9.67175700E+06  1.28169766E+05  1.53022700E+07
  2.00566984E+05  4.27910960E+07  5.32058625E+05  2.21206875E+06 -7.82481719E+04
  2.46919100E+06 -8.48999844E+04  3.02024150E+06 -9.95619141E+04  4.11446075E+06
 -1.30115508E+05  6.64185200E+06 -2.06142125E+05  1.79294640E+07 -5.82744688E+05
  6.08886750E+06  7.77593594E+04  6.60577050E+06  8.42498359E+04  7.74466550E+06
  9.85092109E+04  1.01154740E+07  1.28010375E+05  1.59962690E+07  2.00113891E+05
  4.46276840E+07  5.28300125E+05  1.94095688E+06 -7.82782656E+04  2.17501500E+06
 -8.49425547E+04  2.67522100E+06 -9.96356797E+04  3.66345825E+06 -1.30270781E+05
  5.92696500E+06 -2.06598172E+05  1.59036600E+07 -5.86858500E+05  6.35817450E+06
  7.77249453E+04  6.89753950E+06  8.42027422E+04  8.08577500E+06  9.84306250E+04
  1.05586380E+07  1.27850523E+05  1.66887000E+07  1.99660797E+05  4.64512960E+07
  5.24565188E+05  1.66974088E+06 -7.83082969E+04  1.88069175E+06 -8.49850547E+04
  2.32994500E+06 -9.97094219E+04  3.21191775E+06 -1.30426148E+05  5.21049700E+06
 -2.07055078E+05  1.38635550E+07 -5.91001000E+05  6.62736200E+06  7.76904609E+04
  7.18914450E+06  8.41556016E+04  8.42661300E+06  9.83520234E+04  1.10012490E+07
  1.27690758E+05  1.73795600E+07  1.99208562E+05  4.82620080E+07  5.20855875E+05
  1.39842162E+06 -7.83379375E+04  1.58622175E+06 -8.50271484E+04  1.98441450E+06
 -9.97827031E+04  2.75984025E+06 -1.30581031E+05  4.49244600E+06 -2.07511953E+05
  1.18090550E+07 -5.95169875E+05  6.89642900E+06  7.76556016E+04  7.48058600E+06
  8.41080469E+04  8.76717800E+06  9.82729844E+04  1.14433050E+07  1.27530531E+05
  1.80688560E+07  1.98756281E+05  5.00599200E+07  5.17169719E+05  1.12700000E+06
 -7.83672891E+04  1.29160675E+06 -8.50689531E+04  1.63863062E+06 -9.98556875E+04
  2.30722625E+06 -1.30735648E+05  3.77281150E+06 -2.07969141E+05  9.74006600E+06
 -5.99366188E+05  7.16537550E+06  7.76204688E+04  7.77186200E+06  8.40602266E+04
  9.10746800E+06  9.81936484E+04  1.18848060E+07  1.27370062E+05  1.87565860E+07
  1.98304328E+05  5.18450960E+07  5.13507406E+05  8.55477438E+05 -7.83963438E+04
  9.96847188E+05 -8.51104531E+04  1.29259438E+06 -9.99283516E+04  1.85407725E+06
 -1.30889969E+05  3.05159300E+06 -2.08426594E+05  7.65649200E+06 -6.03590125E+05
  7.43419950E+06  7.75850625E+04  8.06297200E+06  8.40121094E+04  9.44748200E+06
  9.81140156E+04  1.23257500E+07  1.27209305E+05  1.94427500E+07  1.97852609E+05
  5.36176280E+07  5.09868688E+05  5.83854500E+05 -7.84251172E+04  7.01944500E+05
 -8.51516406E+04  9.46307062E+05 -1.00000688E+05  1.40039438E+06 -1.31044000E+05
  2.32878950E+06 -2.08884312E+05  5.55823850E+06 -6.07841750E+05  7.70290000E+06
  7.75493750E+04  8.35391450E+06  8.39637031E+04  9.78722200E+06  9.80340781E+04
  1.27661370E+07  1.27048273E+05  2.01273500E+07  1.97401188E+05  5.53775960E+07
  5.06253375E+05  3.12132562E+05 -7.84536094E+04  4.06899625E+05 -8.51925469E+04
  5.99769688E+05 -1.00072727E+05  9.46178188E+05 -1.31197750E+05  1.60439975E+06
 -2.09342344E+05  3.44520850E+06 -6.12121438E+05  7.97147700E+06  7.75134297E+04
  8.64468900E+06  8.39150234E+04  1.01266830E+07  9.79538438E+04  1.32059670E+07
  1.26886992E+05  2.08103840E+07  1.96950031E+05  5.71250800E+07  5.02661438E+05
  1.23064203E+05 -2.80829062E+04  1.98252766E+05 -3.23733613E+04  3.48928906E+05
 -4.12713164E+04  6.10895250E+05 -5.77714062E+04  1.07292100E+06 -9.04916406E+04
  2.05132200E+06 -1.77962922E+05  8.00677000E+06 -6.18394219E+04  8.64834100E+06
 -8.64563438E+04  1.00455540E+07 -1.48998172E+05  1.28827140E+07 -3.15036656E+05
  1.95149660E+07 -9.25430750E+05  4.43792440E+07 -7.16859050E+06  4.85190234E+04
 -1.60822588E+04  1.11247422E+05 -1.90935977E+04  2.36189438E+05 -2.52835879E+04
  4.50797688E+05 -3.65751211E+04  8.20152000E+05 -5.83270117E+04  1.55676888E+06
 -1.13414906E+05  7.75245000E+06 -8.27538984E+04  8.30988600E+06 -1.06561438E+05
  9.49624800E+06 -1.65457094E+05  1.17876420E+07 -3.14164125E+05  1.65146100E+07
 -8.06260625E+05  2.55262520E+07 -4.02212800E+06  5.79045020E+03 -9.22159961E+03
  5.95509727E+04 -1.14496689E+04  1.66136719E+05 -1.59894111E+04  3.47524875E+05
 -2.41338633E+04  6.53799250E+05 -3.93512383E+04  1.23512475E+06 -7.55936094E+04
  7.44519550E+06 -9.33483984E+04  7.92255400E+06 -1.15701812E+05  8.91307600E+06
 -1.69754594E+05  1.07209800E+07 -3.00191438E+05  1.39252070E+07 -6.90024188E+05
  1.49311760E+07 -2.26547625E+06 -1.86739648E+04 -5.26206201E+03  2.82924648E+04
 -6.99242969E+03  1.21089227E+05 -1.04900332E+04  2.77924625E+05 -1.66690293E+04
  5.38969000E+05 -2.78806738E+04  1.01576975E+06 -5.29353477E+04  7.11253100E+06
 -9.79631172E+04  7.51542050E+06 -1.18576555E+05  8.32774550E+06 -1.67381234E+05
  9.71472000E+06 -2.80143156E+05  1.17217580E+07 -5.84178125E+05  8.94865900E+06
 -1.28361750E+06 -3.25419668E+04 -2.94927319E+03  9.03974219E+03 -4.34897754E+03
  9.09887812E+04 -7.15927148E+03  2.28785047E+05 -1.20592471E+04  4.55720562E+05
 -2.07236699E+04  8.58490812E+05 -3.89545117E+04  6.77048100E+06 -9.90762500E+04
  7.10512350E+06 -1.17861391E+05  7.75748650E+06 -1.61435719E+05  8.78260700E+06
 -2.57842984E+05  9.86279200E+06 -4.91319500E+05  5.54616700E+06 -7.33855250E+05
 -4.01806133E+04 -1.57860571E+03 -3.02555908E+03 -2.74748608E+03  7.00597500E+04
 -5.08182373E+03  1.92483516E+05 -9.10916113E+03  3.92524219E+05 -1.60810840E+04
  7.40153312E+05 -3.00017070E+04  6.42847500E+06 -9.81175781E+04  6.70119300E+06
 -1.15093227E+05  7.21134900E+06 -1.53672812E+05  7.92852700E+06 -2.35333281E+05
  8.30255350E+06 -4.11617125E+05  3.58989825E+06 -4.25208531E+05 -4.40999102E+04
 -7.52752686E+02 -1.06866182E+04 -1.75223608E+03  5.49418164E+04 -3.74005469E+03
  1.64554016E+05 -7.14159619E+03  3.42602250E+05 -1.29330518E+04  6.47251188E+05
 -2.40135762E+04  6.09211300E+06 -9.59236797E+04  6.30905700E+06 -1.11165031E+05
  6.69373750E+06 -1.45089609E+05  7.15117100E+06 -2.13667062E+05  6.99691750E+06
 -3.44115719E+05  2.44694450E+06 -2.51224406E+05 -4.57603320E+04 -2.46474869E+02
 -1.55747324E+04 -1.11575781E+03  4.36446406E+04 -2.83918872E+03  1.42324656E+05
 -5.76992871E+03  3.01880156E+05 -1.06967354E+04  5.71739000E+05 -1.98153125E+04
  5.76473800E+06 -9.29927656E+04  5.93174150E+06 -1.06602930E+05  6.20641950E+06
 -1.36253422E+05  6.44662650E+06 -1.93349641E+05  5.90596950E+06 -2.87420125E+05
  1.76363562E+06 -1.52547141E+05 -4.60254258E+04  6.89015808E+01 -1.86646191E+04
 -6.96303223E+02  3.49612812E+04 -2.20970801E+03  1.24152719E+05 -4.77098389E+03
  2.67835906E+05 -9.03519434E+03  5.08693312E+05 -1.67312617E+04  5.44833550E+06
 -8.96285938E+04  5.57085100E+06 -1.01722672E+05  5.74965850E+06 -1.27487180E+05
  5.80980300E+06 -1.74586516E+05  4.99485300E+06 -2.40045656E+05  1.34202612E+06
 -9.60669531E+04 -4.54161992E+04  2.67649658E+02 -2.05530254E+04 -4.11725647E+02
  2.81379355E+04 -1.75280640E+03  1.08993414E+05 -4.01395801E+03  2.38851031E+05
 -7.75051270E+03  4.54997312E+05 -1.43673701E+04  5.14405100E+06 -8.60212656E+04
  5.22712700E+06 -9.67174375E+04  5.32286750E+06 -1.18972891E+05  5.23520750E+06
 -1.57420484E+05  4.23375500E+06 -2.00583141E+05  1.07106238E+06 -6.33013828E+04
 -4.42547070E+04  3.93271973E+02 -2.16160977E+04 -2.13632294E+02  2.26870547E+04
 -1.40979724E+03  9.61556797E+04 -3.42055518E+03  2.13843000E+05 -6.72382715E+03
  4.08596656E+05 -1.24892070E+04  4.85250050E+06 -8.22928750E+04  4.90077700E+06
 -9.17073672E+04  4.92498200E+06 -1.10810289E+05  4.71736600E+06 -1.41808125E+05
  3.59750425E+06 -1.67768328E+05  8.88216438E+05 -4.39225312E+04 -4.27455312E+04
  4.71719666E+02 -2.20988555E+04 -7.29263611E+01  1.82808945E+04 -1.14499438E+03
  8.51625703E+04 -2.94266064E+03  1.92055062E+05 -5.88176416E+03  3.68076312E+05
 -1.09537568E+04  4.57395400E+06 -7.85245234E+04  4.59167550E+06 -8.67690000E+04
  4.55468400E+06 -1.03051289E+05  4.25103600E+06 -1.27663641E+05  3.06502075E+06
 -1.40504125E+05  7.58093062E+05 -3.21507012E+04 -4.10224297E+04  5.18846558E+02
 -2.21665645E+04  2.83556995E+01  1.46901807E+04 -9.36037537E+02  7.56707109E+04
 -2.54971924E+03  1.72934625E+05 -5.17744482E+03  3.32416562E+05 -9.67092480E+03
  4.30844750E+06 -7.47716328E+04  4.29948250E+06 -8.19518281E+04  4.21052800E+06
 -9.57193594E+04  3.83131150E+06 -1.14882656E+05  2.61873975E+06 -1.17856242E+05
  6.60495750E+05 -2.47439551E+04 -3.91753438E+04  5.44622498E+02 -2.19345117E+04
  1.01670776E+02  1.17483574E+04 -7.68393982E+02  6.74231250E+04 -2.22153174E+03
  1.56062125E+05 -4.57964697E+03  3.00851594E+05 -8.58162793E+03  4.05585850E+06
 -7.10722578E+04  4.02372000E+06 -7.72872578E+04  3.89102100E+06 -8.88198672E+04
  3.45366025E+06 -1.03353922E+05  2.24407375E+06 -9.90373672E+04  5.83765812E+05
 -1.98774434E+04 -3.72662617E+04  5.55513245E+02 -2.14856270E+04  1.54573288E+02
  9.33033008E+03 -6.32270935E+02  6.02209102E+04 -1.94423328E+03  1.41108141E+05
 -4.06675171E+03  2.72784875E+05 -7.64558789E+03  3.81595125E+06 -6.74536875E+04
  3.76382050E+06 -7.27958516E+04  3.59467125E+06 -8.23483672E+04  3.11393475E+06
 -9.29683281E+04  1.92893100E+06 -8.33907578E+04  5.21060156E+05 -1.65190215E+04
 -3.53387461E+04  5.55860596E+02 -2.08811172E+04  1.92240845E+02  7.33949707E+03
 -5.20784973E+02  5.39059414E+04 -1.70786865E+03  1.27807094E+05 -3.62308496E+03
  2.47738031E+05 -6.83402441E+03  3.58841050E+06 -6.39347070E+04  3.51916175E+06
 -6.84895703E+04  3.32001400E+06 -7.62931016E+04  2.80835875E+06 -8.36207109E+04
  1.66329862E+06 -7.03697031E+04  4.68268344E+05 -1.40803311E+04 -3.34238086E+04
  5.48671387E+02 -2.01670625E+04  2.18336655E+02  5.69960400E+03 -4.28937500E+02
  4.83497812E+04 -1.50505798E+03  1.15940406E+05 -3.23690601E+03  2.25318438E+05
 -6.12564746E+03  3.37286750E+06 -6.05289180E+04  3.28908850E+06 -6.43755039E+04
  3.06563325E+06 -7.06390547E+04  2.53350800E+06 -7.52133438E+04  1.43888962E+06
 -5.95217891E+04  4.22844594E+05 -1.22225352E+04 -3.15436172E+04  5.36107361E+02
 -1.93786504E+04  2.35557053E+02  4.34946729E+03 -3.52945374E+02  4.34464922E+04
 -1.33009998E+03  1.05325438E+05 -2.89905835E+03  2.05198312E+05 -5.50400830E+03
  3.16891325E+06 -5.72451094E+04  3.07293025E+06 -6.04561406E+04  2.83017000E+06
 -6.53681328E+04  2.28628550E+06 -6.76551094E+04  1.24884612E+06 -5.04723047E+04
  3.83150125E+05 -1.07473379E+04 -2.97139219E+04  5.19741943E+02 -1.85429746E+04
  2.45917664E+02  3.23939746E+03 -2.89905640E+02  3.91076172E+04 -1.17852527E+03
  9.58077656E+04 -2.60229028E+03  1.87100453E+05 -4.95616357E+03  2.97611350E+06
 -5.40894102E+04  2.87001100E+06 -5.67316641E+04  2.61232875E+06 -6.04616641E+04
  2.06389512E+06 -6.08630977E+04  1.08749012E+06 -4.29121797E+04  3.48081875E+05
 -9.53635059E+03 -2.79457559E+04  5.00753143E+02 -1.76809980E+04  2.50969070E+02
  2.32867139E+03 -2.37512421E+02  3.52586445E+04 -1.04671228E+03  8.72557188E+04
 -2.34066187E+03  1.70788109E+05 -4.47155273E+03  2.79401950E+06 -5.10647383E+04
  2.67966000E+06 -5.31993594E+04  2.41088175E+06 -5.58995430E+04  1.86381738E+06
 -5.47608672E+04  9.50119438E+05 -3.65856992E+04  3.16860656E+05 -8.51672852E+03
 -2.62465859E+04  4.80037720E+02 -1.68089277E+04  2.51923477E+02  1.58371228E+03
 -1.93923798E+02  3.18363809E+04 -9.31719421E+02  7.95562500E+04 -2.10931274E+03
  1.56057609E+05 -4.04156494E+03  2.62217325E+06 -4.81728008E+04  2.50121700E+06
 -4.98556797E+04  2.22467000E+06 -5.16623945E+04  1.68378375E+06 -4.92797188E+04
  8.32837188E+05 -3.12823223E+04  2.88909469E+05 -7.64217334E+03 -2.46211582E+04
  4.58277191E+02 -1.59392422E+04  2.49733536E+02  9.76705811E+02 -1.57640106E+02
  2.87869258E+04 -8.31099670E+02  7.26117656E+04 -1.90415222E+03  1.42732672E+05
 -3.65894629E+03  2.46011550E+06 -4.54133398E+04  2.33403775E+06 -4.66954570E+04
  2.05260162E+06 -4.77305703E+04  1.52175312E+06 -4.43569180E+04  7.32410312E+05
 -2.68279414E+04  2.63782531E+05 -6.88194092E+03 -2.30721426E+04  4.35996521E+02
 -1.50814688E+04  2.45158920E+02  4.84541656E+02 -1.27434479E+02  2.60641211E+04
 -7.42817871E+02  6.63376484E+04 -1.72175000E+03  1.30660055E+05 -3.31761597E+03
  2.30738875E+06 -4.27851055E+04  2.17749625E+06 -4.37128711E+04  1.89365225E+06
 -4.40850938E+04  1.37589075E+06 -3.99359414E+04  6.46154438E+05 -2.30789258E+04
  2.41122906E+05 -6.21467920E+03 -2.16006211E+04  4.13594482E+02 -1.42427842E+04
  2.38802322E+02  8.79735260E+01 -1.02294777E+02  2.36282852E+04 -6.65156372E+02
  6.06602578E+04 -1.55918018E+03  1.19705930E+05 -3.01238037E+03  2.16354300E+06
 -4.02855664E+04  2.03098888E+06 -4.09011328E+04  1.74686225E+06 -4.07072539E+04
  1.24454888E+06 -3.59654375E+04  5.71838562E+05 -1.99164590E+04  2.20636766E+05
 -5.62483398E+03 -2.02064590E+04  3.91376923E+02 -1.34284932E+04  2.31146042E+02
 -2.29058304E+02 -8.13873596E+01  2.14451914E+04 -5.96676025E+02  5.55153008E+04
 -1.41396985E+03  1.09753094E+05 -2.73884253E+03  2.02813662E+06 -3.79120312E+04
  1.89393512E+06 -3.82536445E+04  1.61133525E+06 -3.75796289E+04  1.12624788E+06
 -3.23995938E+04  5.07605781E+05 -1.72426172E+04  2.02077141E+05 -5.10069482E+03
 -1.88885996E+04  3.69574615E+02 -1.26424072E+04  2.22576599E+02 -4.79971558E+02
 -6.40157547E+01  1.94852168E+04 -5.36149963E+02  5.08464141E+04 -1.28398865E+03
  1.00698477E+05 -2.49320532E+03  1.90073925E+06 -3.56609727E+04  1.76577838E+06
 -3.57632578E+04  1.48623362E+06 -3.46853008E+04  1.01965881E+06 -2.91969043E+04
  4.51908344E+05 -1.49762744E+04  1.85233000E+05 -4.63302441E+03 -1.76452969E+04
  3.48355042E+02 -1.18871396E+04  2.13397888E+02 -6.75984192E+02 -4.96026611E+01
  1.77226660E+04 -4.82532654E+02  4.66041133E+04 -1.16740039E+03  9.24512578E+04
 -2.27218774E+03  1.78093350E+06 -3.35282734E+04  1.64598725E+06 -3.34225117E+04
  1.37077800E+06 -3.20079922E+04  9.23589938E+05 -2.63198770E+04  4.03454750E+05
 -1.30502285E+04  1.69922125E+05 -4.21433350E+03 -1.64743047E+04  3.27843750E+02
 -1.11643594E+04  2.03855545E+02 -8.26483521E+02 -3.76652412E+01  1.61351855E+04
 -4.34936035E+02  4.27447891E+04 -1.06263306E+03  8.49311406E+04 -2.07297266E+03
  1.66831638E+06 -3.15099785E+04  1.53405575E+06 -3.12243867E+04  1.26424238E+06
 -2.95327246E+04  8.36971938E+05 -2.37351660E+04  3.61165281E+05 -1.14089863E+04
  1.55985797E+05 -3.83849341E+03 -1.53730107E+04  3.08125671E+02 -1.04749834E+04
  1.94140823E+02 -9.39327576E+02 -2.78010540E+01  1.47032734E+04 -3.92597443E+02
  3.92299141E+04 -9.68318237E+02  7.80669609E+04 -1.89310083E+03  1.56249912E+06
 -2.96016465E+04  1.42950212E+06 -2.91616211E+04  1.16595262E+06 -2.72451016E+04
  7.58845375E+05 -2.14125918E+04  3.24135750E+05 -1.00064355E+04  1.43284812E+05
 -3.50031274E+03 -1.43385654E+04  2.89257202E+02 -9.81933691E+03  1.84403946E+02
 -1.02109882E+03 -1.96740227E+01  1.34098760E+04 -3.54864014E+02  3.60253828E+04
 -8.83273926E+02  7.17954766E+04 -1.73044446E+03  1.46310825E+06 -2.77988496E+04
  1.33186988E+06 -2.72272109E+04  1.07528162E+06 -2.51316855E+04  6.88349750E+05
 -1.93251523E+04  2.91607469E+05 -8.80435254E+03  1.31696547E+05 -3.19538916E+03
 -1.33679590E+04  2.71271240E+02 -9.19728516E+03  1.74761902E+02 -1.07730676E+03
 -1.29990673E+01  1.22400479E+04 -3.21167908E+02  3.31009180E+04 -8.06458740E+02
  6.60604062E+04 -1.58311658E+03  1.36978662E+06 -2.60968906E+04  1.24072638E+06
 -2.54140996E+04  9.91648812E+05 -2.31796816E+04  6.24713562E+05 -1.74484805E+04
  2.62942906E+05 -7.77091895E+03  1.21112516E+05 -2.91993066E+03 -1.24581055E+04
  2.54182709E+02 -8.60833789E+03  1.65303421E+02 -1.11256421E+03 -7.54220724E+00
  1.11806562E+04 -2.91027710E+02  3.04296035E+04 -7.36980957E+02  6.08115000E+04
 -1.44950293E+03  1.28219225E+06 -2.44914160E+04  1.15566325E+06 -2.37157715E+04
  9.14515250E+05 -2.13774082E+04  5.67244875E+05 -1.57609404E+04  2.37604891E+05
 -6.87976562E+03  1.11436438E+05 -2.67067969E+03 -1.16058896E+04  2.37993896E+02
 -8.05173535E+03  1.56097427E+02 -1.13073425E+03 -3.10337114E+00  1.02201318E+04
 -2.64021454E+02  2.79874102E+04 -6.74049622E+02  5.60037969E+04 -1.32816101E+03
  1.19999888E+06 -2.29779160E+04  1.07629362E+06 -2.21257539E+04  8.43381750E+05
 -1.97137891E+04  5.15322781E+05 -1.42430234E+04  2.15139781E+05 -6.10888037E+03
  1.02582539E+05 -2.44479663E+03 -1.08082129E+04  2.22691528E+02 -7.52651758E+03
  1.47190720E+02 -1.13504871E+03  4.82716233E-01  9.34826758E+03 -2.39784302E+02
  2.57528984E+04 -6.16970642E+02  5.15970312E+04 -1.21782397E+03  1.12289575E+06
 -2.15518281E+04  1.00225381E+06 -2.06376992E+04  7.77786188E+05 -1.81783809E+04
  4.68390844E+05 -1.28771611E+04  1.95163844E+05 -5.43986963E+03  9.44743047E+04
 -2.23978101E+03 -1.00620312E+04  2.08259857E+02 -7.03158008E+03  1.38619766E+02
 -1.12821155E+03  3.35638618E+00  8.55602637E+03 -2.18000809E+02  2.37068555E+04
 -5.65140137E+02  4.75550352E+04 -1.11738599E+03  1.05058725E+06 -2.02089707E+04
  9.33200500E+05 -1.92457891E+04  7.17301125E+05 -1.67616973E+04  4.25949688E+05
 -1.16477842E+04  1.77351406E+05 -4.85744189E+03  8.70432891E+04 -2.05347144E+03
 -9.36436914E+03  1.94674240E+02 -6.56571631E+03  1.30408218E+02 -1.11247986E+03
  5.63593626E+00  7.83540088E+03 -1.98394302E+02  2.18320566E+04 -5.18019592E+02
  4.38452734E+04 -1.02585596E+03  9.82792688E+05 -1.89450801E+04  8.68810688E+05
 -1.79442832E+04  6.61531062E+05 -1.54547461E+04  3.87551312E+05 -1.05408311E+04
  1.61425453E+05 -4.34875391E+03  8.02280703E+04 -1.88394934E+03 -8.71234570E+03
  1.81905670E+02 -6.12765430E+03  1.22569824E+02 -1.08973682E+03  7.41951990E+00
  7.17927539E+03 -1.80724548E+02  2.01130195E+04 -4.75136658E+02  4.04384219E+04
 -9.42362793E+02  9.19245438E+05 -1.77560664E+04  8.08780750E+05 -1.67277500E+04
  6.10110438E+05 -1.42492148E+04  3.52793844E+05 -9.54373438E+03  1.47149719E+05
 -3.90305371E+03  7.39734844E+04 -1.72952307E+03 -8.10318213E+03  1.69922913E+02
 -5.71608740E+03  1.15112144E+02 -1.06155115E+03  8.79094505E+00  6.58131396E+03
 -1.64780289E+02  1.85358086E+04 -4.36070740E+02  3.73080195E+04 -8.66125549E+02
  8.59693188E+05 -1.66379824E+04  7.52825312E+05 -1.55910293E+04  5.62701438E+05
 -1.31373838E+04  3.21316594E+05 -8.64523730E+03  1.34322062E+05 -3.51131372E+03
  6.82298828E+04 -1.58870190E+03 -7.53421484E+03  1.58692932E+02 -5.32969189E+03
  1.08037018E+02 -1.02922620E+03  9.81998158E+00  6.03586426E+03 -1.50377594E+02
  1.70878535E+04 -4.00451782E+02  3.44301406E+04 -7.96457458E+02  8.03896562E+05
 -1.55870840E+04  7.00676312E+05 -1.45292754E+04  5.18991969E+05 -1.21121416E+04
  2.92795688E+05 -7.83528760E+03  1.22769109E+05 -3.16594556E+03  6.29524570E+04
 -1.46016162E+03 -7.00289844E+03  1.48179535E+02 -4.96714844E+03  1.01340286E+02
 -9.93842834E+02  1.05657682E+01  5.53787793E+03 -1.37352478E+02  1.57578076E+04
 -3.67944305E+02  3.17831465E+04 -7.32731079E+02  7.51629625E+05 -1.45995225E+04
  6.52082625E+05 -1.35376611E+04  4.78694031E+05 -1.11666973E+04  2.66940531E+05
 -7.10475732E+03  1.12341711E+05 -2.86050391E+03  5.81007969E+04 -1.34270569E+03
 -6.50680713E+03  1.38349747E+02 -4.62715479E+03  9.50166702E+01 -9.56294006E+02
  1.10778103E+01  5.08283105E+03 -1.25564140E+02  1.45354023E+04 -3.38258759E+02
  2.93474004E+04 -6.74403625E+02  7.02678750E+05 -1.36719932E+04  6.06808562E+05
 -1.26119736E+04  4.41541594E+05 -1.02950596E+04  2.43490031E+05 -6.44565771E+03
  1.02911102E+05 -2.58961353E+03  5.36383125E+04 -1.23530249E+03 -6.04363477E+03
  1.29168182E+02 -4.30843311E+03  8.90574570E+01 -9.17314270E+02  1.13983107E+01
  4.66666357E+03 -1.14885475E+02  1.34113311E+04 -3.11130402E+02  2.71050859E+04
 -6.20975647E+02  6.56841938E+05 -1.28010752E+04  5.64633062E+05 -1.17479971E+04
  4.07289188E+05 -9.49148047E+03  2.22209656E+05 -5.85070703E+03  9.43657891E+04
 -2.34867212E+03  4.95318555E+04 -1.13700720E+03 -5.61119434E+03  1.20601021E+02
 -4.00973804E+03  8.34518127E+01 -8.77504333E+02  1.15625086E+01  4.28572803E+03
 -1.05205635E+02  1.23771475E+04 -2.86324982E+02  2.50400117E+04 -5.72003418E+02
  6.13928625E+05 -1.19835713E+04  5.25349312E+05 -1.09418057E+04  3.75710188E+05
 -8.75069629E+03  2.02888609E+05 -5.31341260E+03  8.66089609E+04 -2.13378320E+03
  4.57513555E+04 -1.04697876E+03 -5.20741699E+03  1.12614220E+02 -3.72986768E+03
  7.81873245E+01 -8.37353943E+02  1.15993958E+01  3.93673755E+03 -9.64268036E+01
  1.14251729E+04 -2.63633606E+02  2.31374473E+04 -5.27088379E+02  5.73759125E+05
 -1.12164287E+04  4.88763562E+05 -1.01897061E+04  3.46595719E+05 -8.06783545E+03
  1.85337406E+05 -4.82795801E+03  7.95562734E+04 -1.94162769E+03  4.22695039E+04
 -9.64463928E+02 -4.83034570E+03  1.05176605E+02 -3.46766016E+03  7.32521362E+01
 -7.97258118E+02  1.15348454E+01  3.61672534E+03 -8.84610291E+01  1.05484180E+04
 -2.42867798E+02  2.13839727E+04 -4.85869019E+02  5.36164125E+05 -1.04967471E+04
  4.54694500E+05 -9.48821387E+03  3.19752906E+05 -7.43839844E+03  1.69385703E+05
 -4.38912842E+03  7.31340156E+04 -1.76937231E+03  3.90614648E+04 -8.88786316E+02
 -4.47813330E+03  9.82571564E+01 -3.22199756E+03  6.86326675E+01 -7.57531250E+02
  1.13895769E+01  3.32301074E+03 -8.12319260E+01  9.74050391E+03 -2.23861633E+02
  1.97673535E+04 -4.48022797E+02  5.00983875E+05 -9.82180566E+03  4.22972562E+05
 -8.83408887E+03  2.95004062E+05 -6.85825244E+03  1.54880188E+05 -3.99226831E+03
  6.72775391E+04 -1.61459753E+03  3.61046172E+04 -8.19340454E+02 -4.14903760E+03
  9.18255692E+01 -2.99181055E+03  6.43152008E+01 -7.18421265E+02  1.11814432E+01
  3.05316504E+03 -7.46697159E+01  8.99560547E+03 -2.06462265E+02  1.82764316E+04
 -4.13251221E+02  4.68068219E+05 -9.18886328E+03  3.93439188E+05 -8.22414160E+03
  2.72185219E+05 -6.32347168E+03  1.41682938E+05 -3.63313745E+03  6.19300195E+04
 -1.47519922E+03  3.33783633E+04 -7.55565979E+02 -3.84141504E+03  8.58548279E+01
 -2.77607495E+03  6.02868347E+01 -6.80119385E+02  1.09253244E+01  2.80498242E+03
 -6.87150116E+01  8.30838574E+03 -1.90539612E+02  1.69010117E+04 -3.81295837E+02
  4.37275781E+05 -8.59556055E+03  3.65946219E+05 -7.65558984E+03  2.51145375E+05
 -5.83059668E+03  1.29669797E+05 -3.30803052E+03  5.70413555E+04 -1.34940320E+03
  3.08639121E+04 -6.96977661E+02 -3.55371582E+03  8.03187485E+01 -2.57381152E+03
  5.65350037E+01 -6.42767883E+02  1.06346855E+01  2.57645630E+03 -6.33124809E+01
  7.67394434E+03 -1.75972488E+02  1.56317705E+04 -3.51911530E+02  4.08473406E+05
 -8.03950391E+03  3.40355094E+05 -7.12567773E+03  2.31745109E+05 -5.37632471E+03
  1.18728875E+05 -3.01355957E+03  5.25671797E+04 -1.23565259E+03  2.85440918E+04
 -6.43125854E+02 -3.28447852E+03  7.51916733E+01 -2.38408545E+03  5.30462723E+01
 -6.06468811E+02  1.03193550E+01  2.36575708E+03 -5.84152908E+01  7.08776807E+03
 -1.62656998E+02  1.44601777E+04 -3.24883484E+02  3.81536031E+05 -7.51846387E+03
  3.16536406E+05 -6.63185742E+03  2.13856016E+05 -4.95763428E+03  1.08759375E+05
 -2.74670020E+03  4.84681523E+04 -1.13260376E+03  2.64032109E+04 -5.93602539E+02
 -3.03232642E+03  7.04508514E+01 -2.20600586E+03  4.98089981E+01 -5.71290344E+02
  9.98913479E+00  2.17121021E+03 -5.39803238E+01  6.54568604E+03 -1.50500000E+02
  1.33784189E+04 -3.00014130E+02  3.56346000E+05 -7.03033398E+03  2.94369344E+05
 -6.17173779E+03  1.97359750E+05 -4.57173779E+03  9.96704453E+04 -2.50473828E+03
  4.47092734E+04 -1.03908826E+03  2.44269219E+04 -5.48040039E+02 -2.79595972E+03
  6.60746078E+01 -2.03872144E+03  4.68116875E+01 -5.37270081E+02  9.65190506E+00
  1.99128076E+03 -4.99697647E+01  6.04382959E+03 -1.39420502E+02  1.23793340E+04
 -2.77124023E+02  3.32792750E+05 -6.57312451E+03  2.73741031E+05 -5.74307959E+03
  1.82147203E+05 -4.21606543E+03  9.13801172E+04 -2.28523730E+03  4.12593125E+04
 -9.54088440E+02  2.26020898E+04 -5.06105560E+02 -2.57415039E+03  6.20428734E+01
 -1.88142029E+03  4.40435638E+01 -5.04420380E+02  9.31434536E+00  1.82455713E+03
 -4.63507347E+01  5.57858740E+03 -1.29350235E+02  1.14563467E+04 -2.56053680E+02
  3.10772469E+05 -6.14498047E+03  2.54546188E+05 -5.34380566E+03  1.68117797E+05
 -3.88826196E+03  8.38144375E+04 -2.08601611E+03  3.80903516E+04 -8.76717468E+02
  2.09166797E+04 -4.67497192E+02 -2.36573853E+03  5.83365631E+01 -1.73332605E+03
  4.14943542E+01 -4.72731598E+02  8.98261547E+00  1.66973682E+03 -4.30928612E+01
  5.14657031E+03 -1.20229118E+02  1.06034160E+04 -2.36653641E+02  2.90187688E+05
 -5.74405078E+03  2.36686516E+05 -4.97188574E+03  1.55178953E+05 -3.58609351E+03
  7.69066719E+04 -1.90508301E+03  3.51773516E+04 -8.06183472E+02  1.93596621E+04
 -4.31933899E+02 -2.16962573E+03  5.49394836E+01 -1.59369604E+03  3.91554604E+01
 -4.42173798E+02  8.66226959E+00  1.52561340E+03 -4.01707764E+01  4.74457178E+03
 -1.12011978E+02  9.81497852E+03 -2.18797653E+02  2.70946938E+05 -5.36874072E+03
  2.20070391E+05 -4.62554883E+03  1.43245281E+05 -3.30759424E+03  7.05965391E+04
 -1.74069690E+03  3.24978320E+04 -7.41810425E+02  1.79209199E+04 -3.99170319E+02
 -1.98476770E+03  5.18361168E+01 -1.46181580E+03  3.70185890E+01 -4.12698517E+02
  8.35844326E+00  1.39106470E+03 -3.75613022E+01  4.36952734E+03 -1.04662491E+02
  9.08589258E+03 -2.02370529E+02  2.52964234E+05 -5.01744727E+03  2.04612250E+05
 -4.30305225E+03  1.32238109E+05 -3.05088965E+03  6.48295156E+04 -1.59125928E+03
  3.00315312E+04 -6.82988525E+02  1.65911621E+04 -3.68976288E+02 -1.81017151E+03
  4.90125961E+01 -1.33699878E+03  3.50765686E+01 -3.84240356E+02  8.07587814E+00
  1.26504309E+03 -3.52445755E+01  4.01847485E+03 -9.81571503E+01  8.41137402E+03
 -1.87278015E+02  2.36159016E+05 -4.68868311E+03  1.90232312E+05 -4.00278760E+03
  1.22084922E+05 -2.81426831E+03  5.95563633E+04 -1.45534070E+03  2.77601621E+04
 -6.29181091E+02  1.53618535E+04 -3.41142822E+02 -1.64488916E+03  4.64569359E+01
 -1.21858020E+03  3.33235016E+01 -3.56716644E+02  7.81974459E+00  1.14656580E+03
 -3.32027245E+01  3.68851416E+03 -9.24842529E+01  7.78693701E+03 -1.73446854E+02
  2.20455703E+05 -4.38105029E+03  1.76856203E+05 -3.72325122E+03  1.12718930E+05
 -2.59615234E+03  5.47325000E+04 -1.33165503E+03  2.56671973E+04 -5.79912842E+02
  1.42251475E+04 -3.15481567E+02 -1.48801123E+03  4.41587868E+01 -1.10591406E+03
  3.17547073E+01 -3.30027100E+02  7.59522295E+00  1.03470825E+03 -3.14203205E+01
  3.37676221E+03 -8.76459122E+01  7.20829102E+03 -1.60837372E+02  2.05783344E+05
 -4.09323120E+03  1.64414562E+05 -3.46303882E+03  1.04078570E+05 -2.39508838E+03
  5.03176016E+04 -1.21904419E+03  2.37376562E+04 -5.34761108E+02  1.31738232E+04
 -2.91820007E+02 -1.33866016E+03  4.21100731E+01 -9.98367615E+02  3.03672962E+01
 -3.04051788E+02  7.40847635E+00  9.28596069E+02 -2.98834000E+01  3.08030298E+03
 -8.36590424E+01  6.67120410E+03 -1.49460068E+02  1.92075469E+05 -3.82400317E+03
  1.52842750E+05 -3.22085083E+03  9.61071094E+04 -2.20974634E+03  4.62751289E+04
 -1.11647046E+03  2.19579453E+04 -4.93351135E+02  1.22012295E+04 -2.70002625E+02
 -1.19598462E+03  4.03037796E+01 -8.95316345E+02  2.91593914E+01 -2.78648468E+02
  7.26626348E+00  8.27401611E+02 -2.85789528E+01  2.79613647E+03 -8.05555954E+01
  6.17128027E+03 -1.39406128E+02  1.79269828E+05 -3.57215430E+03  1.42080516E+05
 -2.99542261E+03  8.87523125E+04 -2.03886572E+03  4.25719883E+04 -1.02298126E+03
  2.03156992E+04 -4.55341278E+02  1.13012305E+04 -2.49884796E+02 -1.05915076E+03
  3.87370834E+01 -7.96136230E+02  2.81327000E+01 -2.53647537E+02  7.17787647E+00
  7.30341370E+02 -2.74942989E+01  2.52111938E+03 -7.83863983E+01  5.70358203E+03
 -1.30910233E+02  1.67308000E+05 -3.33663867E+03  1.32071766E+05 -2.78565088E+03
  8.19660156E+04 -1.88133936E+03  3.91781758E+04 -9.37745544E+02  1.87996602E+04
 -4.20438629E+02  1.04681553E+04 -2.31344421E+02 -9.27330200E+02  3.74096222E+01
 -7.00193237E+02  2.72915421E+01 -2.28843033E+02  7.15520716E+00  6.36678101E+02
 -2.66151371E+01  2.25190308E+03 -7.72196503E+01  5.26197705E+03 -1.24450806E+02
  1.56135266E+05 -3.11641235E+03  1.22764133E+05 -2.59045654E+03  7.57038047E+04
 -1.73611340E+03  3.60664570E+04 -8.59998108E+02  1.73995371E+04 -3.88375427E+02
  9.69673535E+03 -2.14271027E+02 -7.99687744E+02  3.63262253E+01 -6.06830200E+02
  2.66453094E+01 -2.03979736E+02  7.21520901E+00  5.45729614E+02 -2.59233189E+01
  1.98486865E+03 -7.71424408E+01  4.83798926E+03 -1.20943481E+02  1.45700328E+05
 -2.91051221E+03  1.14108875E+05 -2.40884619E+03  6.99247734E+04 -1.60222778E+03
  3.32120859E+04 -7.89055908E+02  1.61059102E+04 -3.58917023E+02  8.98205566E+03
 -1.98573044E+02 -6.75359619E+02  3.54989128E+01 -5.15345093E+02  2.62109661E+01
 -1.78730835E+02  7.38298178E+00  4.56889221E+02 -2.53926105E+01  1.71606714E+03
 -7.82583771E+01  4.41875684E+03 -1.22081207E+02  1.35955141E+05 -2.71803662E+03
  1.06060547E+05 -2.23989624E+03  6.45911758E+04 -1.47880249E+03  3.05925645E+04
 -7.24307739E+02  1.49101152E+04 -3.31860352E+02  8.31947266E+03 -1.84183746E+02
 -5.53421570E+02  3.49516182E+01 -4.24957458E+02  2.60180244E+01 -1.52660278E+02
  7.69773340E+00  3.69666046E+02 -2.49806652E+01  1.44117102E+03 -8.06799316E+01
  3.98338184E+03 -1.30944672E+02  1.26854688E+05 -2.53814453E+03  9.85767891E+04
 -2.08275269E+03  5.96681836E+04 -1.36503467E+03  2.81874082E+04 -6.65211731E+02
  1.38041367E+04 -3.07037201E+02  7.70451953E+03 -1.71072662E+02 -4.32836090E+02
  3.47274361E+01 -3.34751953E+02  2.61165981E+01 -1.25159103E+02  8.22224045E+00
  2.83760345E+02 -2.46165428E+01  1.15546680E+03 -8.45141220E+01  3.49639941E+03
 -1.53105637E+02  1.18356719E+05 -2.37006665E+03  9.16180781E+04 -1.93663623E+03
  5.51236211E+04 -1.26020251E+03  2.59778633E+04 -6.11297852E+02  1.27804668E+04
 -2.84322083E+02  7.13274756E+03 -1.59263046E+02 -3.12365479E+02  3.49018059E+01
 -2.43584473E+02  2.65918293E+01 -9.53360138E+01  9.06057167E+00  1.99201538E+02
 -2.41760044E+01  8.53928528E+02 -8.98266525E+01  2.89607251E+03 -1.98595062E+02
  1.10421617E+05 -2.21305957E+03  8.51475078E+04 -1.80080896E+03  5.09277031E+04
 -1.16364441E+03  2.39467031E+04 -5.62162170E+02  1.18319492E+04 -2.63643494E+02
  6.59948730E+03 -1.48867889E+02 -1.90419693E+02  3.56080666E+01 -1.49917938E+02
  2.75913391E+01 -6.18249550E+01  1.03896141E+01  1.16596657E+02 -2.34405117E+01
  5.31454407E+02 -9.65806046E+01  2.07339526E+03 -2.85453400E+02  1.03012109E+05
 -2.06651538E+03  7.91305234E+04 -1.67466431E+03  4.70527266E+04 -1.07482263E+03
  2.20779160E+04 -5.17509094E+02  1.09515186E+04 -2.45025482E+02  6.09942480E+03
 -1.40160187E+02 -6.47910461E+01  3.70788574E+01 -5.15345917E+01  2.93706970E+01
 -2.24468575E+01  1.25140638E+01  3.75763779E+01 -2.20210762E+01  1.83420319E+02
 -1.04509575E+02  8.34413391E+02 -4.46085083E+02  9.60929453E+04 -1.92988123E+03
  7.35345391E+04 -1.55766736E+03  4.34726953E+04 -9.93295776E+02  2.03563340E+04
 -4.77159607E+02  1.01318047E+04 -2.28632797E+02  5.62587402E+03 -1.33684708E+02
->       2       0       2    2800                                 <-   00000002
  1.67534224E+08  5.26720250E+06 -7.14197360E+07  1.75136525E+06  1.83729136E+08
  4.14473175E+06 -6.57158240E+07  1.55033475E+06  1.96605840E+08  3.33243350E+06
 -6.06286240E+07  1.39289300E+06  2.07064240E+08  2.73552650E+06 -5.60294520E+07
  1.26689150E+06  2.15730800E+08  2.28900600E+06 -5.18249240E+07  1.16387050E+06
  2.23044368E+08  1.94821650E+06 -4.79463080E+07  1.07790875E+06  2.29314560E+08
  1.68239900E+06 -4.43421360E+07  1.00482556E+06  2.34762080E+08  1.47030488E+06
 -4.09732800E+07  9.41640750E+05  2.39545936E+08  1.29719900E+06 -3.78093320E+07
  8.86210312E+05  2.43782368E+08  1.15281475E+06 -3.48263080E+07  8.36962688E+05
  2.47557648E+08  1.02995962E+06 -3.20049060E+07  7.92735688E+05  2.50937040E+08
  9.23553750E+05 -2.93293080E+07  7.52646062E+05  2.53970976E+08  8.29988312E+05
 -2.67864320E+07  7.16016375E+05  2.56699168E+08  7.46669375E+05 -2.43652360E+07
  6.82308125E+05  2.59153712E+08  6.71720188E+05 -2.20563860E+07  6.51089562E+05
  2.61361088E+08  6.03769000E+05 -1.98518960E+07  6.22002375E+05  2.63343648E+08
  5.41809125E+05 -1.77449160E+07  5.94743938E+05  2.65120880E+08  4.85102562E+05
 -1.57295840E+07  5.69053250E+05  2.66709984E+08  4.33116188E+05 -1.38008620E+07
  5.44696438E+05  2.68126592E+08  3.85488438E+05 -1.19545110E+07  5.21464031E+05
  2.69385504E+08  3.42002375E+05 -1.01869900E+07  4.99154094E+05  2.70500768E+08
  3.02590875E+05 -8.49542500E+06  4.77577438E+05  2.71486688E+08  2.67344875E+05
 -6.87761300E+06  4.56541625E+05  2.72358112E+08  2.36549656E+05 -5.33202550E+06
  4.35844094E+05  2.73131328E+08  2.10743109E+05 -3.85785350E+06  4.15267094E+05
  2.73824928E+08  1.90803438E+05 -2.45511650E+06  3.94556125E+05  2.74461568E+08
  1.78088188E+05 -1.12478950E+06  3.73408375E+05  2.75069440E+08  1.74639719E+05
  1.30985000E+05  3.51439750E+05  2.75685632E+08  1.83486656E+05  1.30854050E+06
  3.28150281E+05  2.76359936E+08  2.09089984E+05  2.40218550E+06  3.02866781E+05
  2.49243104E+08 -1.96543660E+07  1.33239760E+07  2.51223225E+06  1.83522272E+08
 -1.46474760E+07  1.17650240E+07 -4.01352062E+05  1.40750992E+08 -9.73001300E+06
  9.51719600E+06 -5.02958625E+05  1.12561216E+08 -6.59044450E+06  7.87343950E+06
 -3.81340688E+05  9.31607840E+07 -4.66582750E+06  6.69666300E+06 -2.83510000E+05
  7.91331920E+07 -3.46607575E+06  5.81910200E+06 -2.18291594E+05  6.84959760E+07
 -2.69192200E+06  5.13393800E+06 -1.74895109E+05  6.00873200E+07 -2.17025600E+06
  4.57731800E+06 -1.44959734E+05  5.32128640E+07 -1.80170062E+06  4.11083650E+06
 -1.23315406E+05  4.74459720E+07 -1.52888562E+06  3.71078750E+06 -1.06911125E+05
  4.25152880E+07 -1.31825875E+06  3.36200650E+06 -9.39413359E+04  3.82409880E+07
 -1.14982550E+06  3.05436175E+06 -8.33293828E+04  3.44984400E+07 -1.01135894E+06
  2.78075525E+06 -7.44123984E+04  3.11973100E+07 -8.95119000E+05  2.53597325E+06
 -6.67757656E+04  2.82693680E+07 -7.96022375E+05  2.31601625E+06 -6.01417188E+04
  2.56612000E+07 -7.10574062E+05  2.11770325E+06 -5.43217852E+04  2.33297840E+07
 -6.36272062E+05  1.93842750E+06 -4.91787422E+04  2.12396940E+07 -5.71244875E+05
  1.77600738E+06 -4.46082305E+04  1.93612560E+07 -5.14049562E+05  1.62858438E+06
 -4.05309805E+04  1.76693120E+07 -4.63532781E+05  1.49455788E+06 -3.68798906E+04
  1.61423170E+07 -4.18762375E+05  1.37253612E+06 -3.36028008E+04  1.47617080E+07
 -3.78963406E+05  1.26130000E+06 -3.06534492E+04  1.35113790E+07 -3.43488906E+05
  1.15977750E+06 -2.79940176E+04  1.23773060E+07 -3.11788938E+05  1.06702125E+06
 -2.55909062E+04  1.13472220E+07 -2.83399156E+05  9.82190375E+05 -2.34163613E+04
  1.04103620E+07 -2.57920094E+05  9.04537250E+05 -2.14448203E+04  9.55724500E+06
 -2.35006719E+05  8.33394938E+05 -1.96550547E+04  8.77950200E+06 -2.14363656E+05
  7.68166750E+05 -1.80282559E+04  8.06972200E+06 -1.95733125E+05  7.08317688E+05
 -1.65473516E+04  7.42132600E+06 -1.78891875E+05  6.53367375E+05 -1.51980156E+04
  6.82846300E+06 -1.63643469E+05  6.02883312E+05 -1.39670068E+04  6.28591300E+06
 -1.49818359E+05  5.56475938E+05 -1.28428311E+04  5.78901050E+06 -1.37266859E+05
  5.13792688E+05 -1.18153418E+04  5.33357700E+06 -1.25856289E+05  4.74515219E+05
 -1.08752773E+04  4.91586350E+06 -1.15471609E+05  4.38354781E+05 -1.00144014E+04
  4.53249700E+06 -1.06009867E+05  4.05049375E+05 -9.22577344E+03  4.18044325E+06
 -9.73800078E+04  3.74361125E+05 -8.50243750E+03  3.85695975E+06 -8.95013516E+04
  3.46073406E+05 -7.83887891E+03  3.55957400E+06 -8.23022969E+04  3.19989156E+05
 -7.22950098E+03  3.28604375E+06 -7.57177969E+04  2.95928656E+05 -6.66966699E+03
  3.03434100E+06 -6.96915469E+04  2.73727906E+05 -6.15511328E+03  2.80262200E+06
 -6.41718164E+04  2.53236969E+05 -5.68186768E+03  2.58921450E+06 -5.91126133E+04
  2.34318938E+05 -5.24643408E+03  2.39259500E+06 -5.44724883E+04  2.16848500E+05
 -4.84565234E+03  2.21137850E+06 -5.02142422E+04  2.00710750E+05 -4.47647217E+03
  2.04430038E+06 -4.63044531E+04  1.85800562E+05 -4.13644727E+03  1.89020850E+06
 -4.27121836E+04  1.72021562E+05 -3.82300513E+03  1.74805050E+06 -3.94106562E+04
  1.59285250E+05 -3.53401465E+03  1.61686312E+06 -3.63747734E+04  1.47510312E+05
 -3.26754785E+03  1.49576700E+06 -3.35820586E+04  1.36622203E+05 -3.02164209E+03
  1.38395612E+06 -3.10122070E+04  1.26552336E+05 -2.79466797E+03  1.28069150E+06
 -2.86467246E+04  1.17237648E+05 -2.58513428E+03  1.18529662E+06 -2.64689414E+04
  1.08620156E+05 -2.39159668E+03  1.09715100E+06 -2.44634727E+04  1.00646492E+05
 -2.21265576E+03  1.01568319E+06 -2.26169590E+04  9.32676250E+04 -2.04727551E+03
  9.40370188E+05 -2.09170605E+04  8.64382969E+04 -1.89413452E+03  8.70729438E+05
 -1.93529512E+04  8.01169453E+04 -1.75227258E+03  8.06317125E+05 -1.79151289E+04
  7.42652344E+04 -1.62060327E+03  7.46724125E+05 -1.65956035E+04  6.88478672E+04
 -1.49810498E+03  6.91572438E+05 -1.53880967E+04  6.38324844E+04 -1.38370215E+03
  6.40511625E+05 -1.42881328E+04  5.91892812E+04 -1.27624890E+03  5.93215312E+05
 -1.32942686E+04  5.48910664E+04 -1.17439270E+03  5.49376625E+05 -1.24087822E+04
  5.09131172E+04 -1.07630884E+03  5.08702125E+05 -1.16405195E+04  4.72333867E+04
 -9.79157410E+02  4.70902812E+05 -1.10108467E+04  4.38332891E+04 -8.77340454E+02
  4.35676406E+05 -1.05698379E+04  4.07002422E+04 -7.56870117E+02  4.02667188E+05
 -1.04499717E+04  3.78392812E+04 -5.71845215E+02  3.71323156E+05 -1.10938701E+04
  3.53417344E+04 -1.20814789E+02  3.40111750E+05 -1.45356650E+04  3.39035664E+04
  1.78633203E+03  3.00510406E+05 -3.36241484E+04  3.94187578E+04  1.41225195E+04
  1.31270464E+08 -4.68001055E+04  1.31766600E+08 -3.55311406E+04  1.32480944E+08
 -1.32693760E+04  1.33055528E+08  2.39116113E+04  1.32844480E+08  8.32024375E+04
  1.30725920E+08  1.78537688E+05  2.94443075E+06  1.68927550E+06  3.20535975E+06
  1.83759562E+06  3.77930900E+06  2.16310850E+06  4.96987150E+06  2.83507675E+06
  7.89853450E+06  4.46912150E+06  2.16626580E+07  1.17685730E+07  1.31094448E+08
 -5.46990508E+04  1.31628520E+08 -4.40617109E+04  1.32417816E+08 -2.30285117E+04
  1.33117648E+08  1.21320762E+04  1.33106288E+08  6.82036875E+04  1.31307976E+08
  1.57985641E+05  8.68591300E+06  1.62580738E+06  9.43695800E+06  1.76060100E+06
  1.10791520E+07  2.05226788E+06  1.44426040E+07  2.63628925E+06  2.24709800E+07
  3.95485225E+06  5.56471760E+07  8.08692350E+06  1.30892248E+08 -6.19407500E+04
  1.31462152E+08 -5.18892539E+04  1.32322312E+08 -3.19912637E+04  1.33140696E+08
  1.31750732E+03  1.33318504E+08  5.44996406E+04  1.31823216E+08  1.39818875E+05
  1.42101400E+07  1.56388062E+06  1.54059320E+07  1.68600062E+06  1.80035000E+07
  1.94632550E+06  2.32500660E+07  2.45087500E+06  3.53675440E+07  3.50035850E+06
  7.90316560E+07  5.57391050E+06  1.30665928E+08 -6.86389922E+04  1.31269688E+08
 -5.91397070E+04  1.32196912E+08 -4.03099062E+04  1.33127640E+08 -8.73663184E+03
  1.33484992E+08  4.17666602E+04  1.32278592E+08  1.23324570E+05  1.95227760E+07
  1.50366575E+06  2.11208420E+07  1.61393062E+06  2.45693480E+07  1.84527925E+06
  3.14374140E+07  2.27814625E+06  4.67833080E+07  3.09883250E+06  9.51782000E+07
  3.85718800E+06  1.30417248E+08 -7.48669141E+04  1.31052984E+08 -6.58942578E+04
  1.32043664E+08 -4.80829219E+04  1.33080888E+08 -1.81635703E+04  1.33608744E+08
  2.97909648E+04  1.32678992E+08  1.08013719E+05  2.46299220E+07  1.44524988E+06
  2.65905520E+07  1.54443938E+06  3.07935180E+07  1.74903562E+06  3.90473120E+07
  2.11735575E+06  5.68909280E+07  2.74413625E+06  1.06377728E+08  2.68305825E+06
  1.30147736E+08 -8.06703438E+04  1.30813664E+08 -7.22038672E+04  1.31864336E+08
 -5.53723789E+04  1.33002432E+08 -2.70477266E+04  1.33692104E+08  1.84338828E+04
  1.33027896E+08  9.35474453E+04  2.95378820E+07  1.38866962E+06  3.18240060E+07
  1.47752400E+06  3.66924040E+07  1.65745100E+06  4.61197960E+07  1.96774575E+06
  6.58429480E+07  2.43078150E+06  1.14191312E+08  1.87868075E+06  1.29858800E+08
 -8.60756250E+04  1.30553224E+08 -7.80980078E+04  1.31660552E+08 -6.22143477E+04
  1.32894064E+08 -3.54389102E+04  1.33737072E+08  7.61064355E+03  1.33327808E+08
  7.96924219E+04  3.42530280E+07  1.33392438E+06  3.68300640E+07  1.41314275E+06
  4.22818480E+07  1.57034675E+06  5.26922960E+07  1.82856338E+06  7.37739360E+07
  2.15387500E+06  1.19682784E+08  1.32628512E+06  1.29551832E+08 -9.10950156E+04
  1.30273056E+08 -8.35904609E+04  1.31433800E+08 -6.86260781E+04  1.32757448E+08
 -4.33612812E+04  1.33745400E+08 -2.72292432E+03  1.33580552E+08  6.62952734E+04
  3.87816720E+07  1.28098700E+06  4.16173960E+07  1.35122950E+06  4.75770280E+07
  1.48752425E+06  5.87996480E+07  1.69907688E+06  8.08024720E+07  1.90906850E+06
  1.23577168E+08  9.45623812E+05  1.29228120E+08 -9.57330391E+04  1.29974544E+08
 -8.86864297E+04  1.31185584E+08 -7.46140703E+04  1.32594176E+08 -5.08243320E+04
  1.33718744E+08 -1.25878818E+04  1.33787504E+08  5.32376367E+04  4.31300120E+07
  1.22981900E+06  4.61944200E+07  1.29170675E+06  5.25924280E+07  1.40878062E+06
  6.44742360E+07  1.57859200E+06  8.70329600E+07  1.69251812E+06  1.26368616E+08
  6.82029250E+05  1.28889016E+08 -9.99852734E+04  1.29659080E+08 -9.33811484E+04
  1.30917360E+08 -8.01728359E+04  1.32405864E+08 -5.78209805E+04  1.33658736E+08
 -2.19776855E+04  1.33949712E+08  4.04562695E+04  4.73040880E+07  1.18036812E+06
  5.05692600E+07  1.23448475E+06  5.73418160E+07  1.33390712E+06  6.97460800E+07
  1.46644662E+06  9.25572640E+07  1.50081938E+06  1.28393984E+08  4.98237062E+05
  1.28535856E+08 -1.03844070E+05  1.29328056E+08 -9.76661328E+04  1.30630640E+08
 -8.52918359E+04  1.32194136E+08 -6.43367305E+04  1.33567048E+08 -3.08725234E+04
  1.34068064E+08  2.79049375E+04  5.13097640E+07  1.13258125E+06  5.47497360E+07
  1.17947488E+06  6.18382480E+07  1.26270275E+06  7.46429920E+07  1.36202450E+06
  9.74561600E+07  1.33097575E+06  1.29882952E+08  3.68862531E+05  1.28170032E+08
 -1.07297359E+05  1.28982920E+08 -1.01527992E+05  1.30326968E+08 -8.99546797E+04
  1.31960704E+08 -7.03484844E+04  1.33445456E+08 -3.92370352E+04  1.34143280E+08
  1.55590830E+04  5.51526920E+07  1.08639575E+06  5.87433400E+07  1.12658050E+06
  6.60940800E+07  1.19496538E+06  7.91907040E+07  1.26474200E+06  1.01800696E+08
  1.18033888E+06  1.30992144E+08  2.76604750E+05  1.27792960E+08 -1.10330961E+05
  1.28625160E+08 -1.04950734E+05  1.30007968E+08 -9.41413047E+04  1.31707360E+08
 -7.58272969E+04  1.33295872E+08 -4.70234102E+04  1.34176080E+08  3.41509937E+03
  5.88383160E+07  1.04175412E+06  6.25572560E+07  1.07571200E+06  7.01209920E+07
  1.13050712E+06  8.34130160E+07  1.17406312E+06  1.05653272E+08  1.04658412E+06
  1.31828400E+08  2.09673500E+05  1.27406136E+08 -1.12927406E+05  1.28256320E+08
 -1.07914781E+05  1.29675320E+08 -9.78270078E+04  1.31436016E+08 -8.07372266E+04
  1.33120408E+08 -5.41696719E+04  1.34167192E+08 -8.50873145E+03  6.23718800E+07
  9.98593000E+05  6.61983240E+07  1.02677519E+06  7.39300320E+07  1.06914100E+06
  8.73318960E+07  1.08948225E+06  1.09068752E+08  9.27659000E+05  1.32464640E+08
  1.60028984E+05  1.27011104E+08 -1.15068359E+05  1.27878056E+08 -1.10399305E+05
  1.29330800E+08 -1.00985211E+05  1.31148696E+08 -8.50385078E+04  1.32921400E+08
 -6.06031016E+04  1.34117432E+08 -2.01746895E+04  6.57584120E+07  9.56852938E+05
  6.96730880E+07  9.79682062E+05  7.75315920E+07  1.01069300E+06  9.09676640E+07
  1.01053488E+06  1.12095320E+08  8.21763250E+05  1.32950664E+08  1.22195000E+05
  1.26609464E+08 -1.16733008E+05  1.27492032E+08 -1.12380648E+05  1.28976320E+08
 -1.03585492E+05  1.30847608E+08 -8.86850312E+04  1.32701464E+08 -6.62358750E+04
  1.34027800E+08 -3.15113750E+04  6.90027280E+07  9.16474500E+05  7.29877840E+07
  9.34345875E+05  8.09354960E+07  9.54995750E+05  9.43390880E+07  9.36788750E+05
  1.14775296E+08  7.27311938E+05  1.33320496E+08  9.24337578E+04  1.26202928E+08
 -1.17899336E+05  1.27100072E+08 -1.13833617E+05  1.28613824E+08 -1.05595180E+05
  1.30535088E+08 -9.16260703E+04  1.32463544E+08 -7.09662344E+04  1.33899624E+08
 -4.24050586E+04  7.21094400E+07  8.77399812E+05  7.61483680E+07  8.90683188E+05
  8.41509920E+07  9.01891062E+05  9.74634720E+07  8.67844000E+05  1.17145880E+08
  6.42912812E+05  1.33597408E+08  6.81970547E+04  1.25793240E+08 -1.18544656E+05
  1.26704016E+08 -1.14732133E+05  1.28245448E+08 -1.06979812E+05  1.30213680E+08
 -9.38070781E+04  1.32210968E+08 -7.46790234E+04  1.33734704E+08 -5.26911289E+04
  7.50829760E+07  8.39573375E+05  7.91604640E+07  8.48614500E+05  8.71868000E+07
  8.51229562E+05  1.00356808E+08  8.03332125E+05  1.19239720E+08  5.67344375E+05
  1.33797328E+08  4.77525703E+04  1.25382256E+08 -1.18643859E+05  1.26305856E+08
 -1.15047242E+05  1.27873408E+08 -1.07701141E+05  1.29886128E+08 -9.51666016E+04
  1.31947480E+08 -7.72388047E+04  1.33535552E+08 -6.21145352E+04  7.79275520E+07
  8.02939688E+05  8.20294880E+07  8.08061562E+05  9.00511360E+07  8.02868188E+05
  1.03033840E+08  7.42909938E+05  1.21085504E+08  4.99530906E+05  1.33931232E+08
  2.99104902E+04  1.24971912E+08 -1.18171602E+05  1.25907656E+08 -1.14749422E+05
  1.27500088E+08 -1.07719352E+05  1.29555376E+08 -9.56387578E+04  1.31677352E+08
 -7.84921719E+04  1.33305784E+08 -7.03005078E+04  8.06472240E+07  7.67449938E+05
  8.47605520E+07  7.68954250E+05  9.27517440E+07  7.56676375E+05  1.05508200E+08
  6.86265062E+05  1.22708432E+08  4.38531156E+05  1.34006624E+08  1.38637383E+04
  1.24564232E+08 -1.17099500E+05  1.25511592E+08 -1.13805703E+05  1.27127976E+08
 -1.06990141E+05  1.29224624E+08 -9.51497891E+04  1.31405384E+08 -7.82609688E+04
  1.33050568E+08 -7.66882578E+04  8.32458560E+07  7.33049750E+05  8.73585360E+07
  7.31218188E+05  9.52958960E+07  7.12523438E+05  1.07792448E+08  6.33102000E+05
  1.24130640E+08  3.83513000E+05  1.34028704E+08 -9.46358093E+02  1.24161344E+08
 -1.15400367E+05  1.25119968E+08 -1.12184062E+05  1.26759752E+08 -1.05469312E+05
  1.28897352E+08 -9.36232422E+04  1.31137080E+08 -7.63472734E+04  1.32777464E+08
 -8.04689609E+04  8.57271520E+07  6.99693000E+05  8.98280800E+07  6.94788625E+05
  9.76904720E+07  6.70292875E+05  1.09898176E+08  5.83154750E+05  1.25371560E+08
  3.33752875E+05  1.34001072E+08 -1.48866611E+04  1.23765472E+08 -1.13044508E+05
  1.24735184E+08 -1.09849508E+05  1.26398240E+08 -1.03108414E+05  1.28577280E+08
 -9.09741953E+04  1.30878640E+08 -7.25223125E+04  1.32497432E+08 -8.04440938E+04
  8.80946240E+07  6.67333438E+05  9.21736160E+07  6.59601500E+05  9.99419120E+07
  6.29872125E+05  1.11836088E+08  5.36175000E+05  1.26448280E+08  2.88612344E+05
  1.33926264E+08 -2.82165977E+04  1.23378944E+08 -1.10000672E+05  1.24359768E+08
 -1.06765031E+05  1.26046424E+08 -9.98556875E+04  1.28268464E+08 -8.71102500E+04
  1.30637136E+08 -6.65248203E+04  1.32226528E+08 -7.48484375E+04  9.03516640E+07
  6.35925438E+05  9.43993040E+07  6.25594938E+05  1.02056312E+08  5.91154500E+05
  1.13616056E+08  4.91932875E+05  1.27375808E+08  2.47530312E+05  1.33806072E+08
 -4.11140586E+04  1.23004192E+08 -1.06237961E+05  1.23996400E+08 -1.02893633E+05
  1.25707504E+08 -9.56582500E+04  1.27975280E+08 -8.19336406E+04  1.30420592E+08
 -5.80604648E+04  1.31988224E+08 -6.10977383E+04  9.25014960E+07  6.05430000E+05
  9.65091600E+07  5.92714250E+05  1.04039400E+08  5.54043688E+05  1.15247216E+08
  4.50220750E+05  1.28167336E+08  2.10018078E+05  1.33641784E+08 -5.36939375E+04
  1.22643776E+08 -1.01723578E+05  1.23647856E+08 -9.81958984E+04  1.25384840E+08
 -9.04595625E+04  1.27702448E+08 -7.53382656E+04  1.30238112E+08 -4.67939766E+04
  1.31816936E+08 -3.53950195E+04  9.45472160E+07  5.75804375E+05  9.85069840E+07
  5.60902438E+05  1.05896584E+08  5.18444500E+05  1.16737976E+08  4.10843125E+05
  1.28834480E+08  1.75645703E+05  1.33434344E+08 -6.60308672E+04  1.22300344E+08
 -9.64255312E+04  1.23317080E+08 -9.26329062E+04  1.25082000E+08 -8.42022344E+04
  1.27455088E+08 -6.72121562E+04  1.30100064E+08 -3.23478887E+04  1.31763104E+08
  7.82729932E+03  9.64917520E+07  5.47012500E+05  1.00396384E+08  5.30109938E+05
  1.07632944E+08  4.84271938E+05  1.18096112E+08  3.73624594E+05  1.29387440E+08
  1.44039922E+05  1.33184536E+08 -7.81711641E+04  1.21976664E+08 -9.03107578E+04
  1.23007128E+08 -8.61641094E+04  1.24802768E+08 -7.68258125E+04  1.27238704E+08
 -5.74345859E+04  1.30018168E+08 -1.42928740E+04  1.31900664E+08  7.67513906E+04
  9.83379520E+07  5.19018812E+05  1.02180816E+08  5.00288781E+05  1.09253280E+08
  4.51445188E+05  1.19328832E+08  3.38402750E+05  1.29835224E+08  1.14873688E+05
  1.32892960E+08 -9.01410703E+04  1.21675632E+08 -8.33476406E+04  1.22721208E+08
 -7.87501484E+04  1.24551096E+08 -6.82697266E+04  1.27059216E+08 -4.58793203E+04
  1.30005760E+08  7.85305127E+03  1.32338128E+08  1.83381375E+05  1.00088504E+08
  4.91791250E+05  1.03863552E+08  4.71395281E+05  1.10762120E+08  4.19890875E+05
  1.20442768E+08  3.05031406E+05  1.30185792E+08  8.78651094E+04  1.32560208E+08
 -1.01945711E+05  1.21400224E+08 -7.55066953E+04  1.22462664E+08 -7.03533984E+04
  1.24331208E+08 -5.84740508E+04  1.26923048E+08 -3.24150488E+04  1.30077920E+08
  3.46306602E+04  1.33234664E+08  3.45336500E+05  1.01746024E+08  4.65301188E+05
  1.05447760E+08  4.43390188E+05  1.12163760E+08  3.89542500E+05  1.21444128E+08
  2.73379312E+05  1.30446184E+08  6.27734453E+04  1.32186864E+08 -1.13569508E+05
  1.02518264E+08 -9.99299000E+06  1.03414536E+08 -1.00887630E+07  1.04995240E+08
 -1.02581000E+07  1.07203768E+08 -1.04952340E+07  1.09952248E+08 -1.07899590E+07
  1.13116240E+08 -1.11247230E+07  1.18288752E+08  6.58811938E+05  1.19049504E+08
 -7.01046562E+05  1.20019632E+08 -3.16794425E+06  1.20439608E+08 -6.51273550E+06
  1.19311008E+08 -9.64561500E+06  1.16502008E+08 -1.09497280E+07  7.51168640E+07
 -6.18769650E+06  7.57465040E+07 -6.24685700E+06  7.68545120E+07 -6.35166200E+06
  7.83975200E+07 -6.49904000E+06  8.03100720E+07 -6.68382200E+06  8.25026800E+07
 -6.89778500E+06  9.28941600E+07 -6.99934300E+06  9.21032880E+07 -6.91557050E+06
  9.07452320E+07 -6.74964900E+06  8.89878000E+07 -6.58330900E+06  8.70230560E+07
 -6.63762100E+06  8.48383600E+07 -6.76874100E+06  5.78279360E+07 -3.99183800E+06
  5.82942360E+07 -4.02869950E+06  5.91128840E+07 -4.09393600E+06  6.02488480E+07
 -4.18555675E+06  6.16502960E+07 -4.30032500E+06  6.32482000E+07 -4.43332500E+06
  7.12550240E+07 -5.07026250E+06  7.06404720E+07 -5.00419800E+06  6.95887280E+07
 -4.87857550E+06  6.81940320E+07 -4.68781700E+06  6.66025320E+07 -4.48012700E+06
  6.49390440E+07 -4.32817750E+06  4.64329400E+07 -2.69861500E+06  4.67960400E+07
 -2.72244225E+06  4.74321720E+07 -2.76453250E+06  4.83120200E+07 -2.82348400E+06
  4.93928840E+07 -2.89708175E+06  5.06189600E+07 -2.98208025E+06  5.67046160E+07
 -3.42866975E+06  5.62478520E+07 -3.39153925E+06  5.54668000E+07 -3.32562975E+06
  5.44238880E+07 -3.22688050E+06  5.32035840E+07 -3.08544750E+06  5.19089440E+07
 -2.90108025E+06  3.85470240E+07 -1.91798125E+06  3.88420040E+07 -1.93413200E+06
  3.93579040E+07 -1.96259838E+06  4.00695840E+07 -2.00233450E+06  4.09408040E+07
 -2.05173000E+06  4.19248840E+07 -2.10849850E+06  4.67428160E+07 -2.40513225E+06
  4.63863760E+07 -2.38188375E+06  4.57761240E+07 -2.34199225E+06  4.49597320E+07
 -2.28613900E+06  4.39964000E+07 -2.20427925E+06  4.29559840E+07 -2.04965325E+06
  3.28092040E+07 -1.43153150E+06  3.30568780E+07 -1.44306212E+06  3.34894900E+07
 -1.46333812E+06  3.40850800E+07 -1.49154150E+06  3.48122480E+07 -1.52644012E+06
  3.56309480E+07 -1.56633300E+06  3.95947120E+07 -1.77118788E+06  3.93044000E+07
 -1.75548475E+06  3.88064520E+07 -1.72875400E+06  3.81389240E+07 -1.69270462E+06
  3.73489120E+07 -1.64330888E+06  3.64865280E+07 -1.52583738E+06  2.84336740E+07
 -1.11628438E+06  2.86467440E+07 -1.12494650E+06  2.90185660E+07 -1.14014500E+06
  2.95297260E+07 -1.16121525E+06  3.01526060E+07 -1.18717325E+06  3.08522260E+07
 -1.21669375E+06  3.42118040E+07 -1.36558038E+06  3.39675200E+07 -1.35433950E+06
  3.35478560E+07 -1.33519475E+06  3.29840960E+07 -1.30966475E+06  3.23156560E+07
 -1.27700638E+06  3.15823080E+07 -1.19042075E+06  2.49593660E+07 -9.02580125E+05
  2.51458560E+07 -9.09389438E+05  2.54710760E+07 -9.21315062E+05  2.59177180E+07
 -9.37800500E+05  2.64612380E+07 -9.58034000E+05  2.70707000E+07 -9.80941812E+05
  2.99804560E+07 -1.09463475E+06  2.97699640E+07 -1.08616200E+06  2.94079120E+07
 -1.07169600E+06  2.89207260E+07 -1.05241700E+06  2.83421680E+07 -1.02879731E+06
  2.77062700E+07 -9.65200875E+05  2.21097440E+07 -7.50674188E+05  2.22749440E+07
 -7.56230375E+05  2.25629060E+07 -7.65946938E+05  2.29580980E+07 -7.79347938E+05
  2.34385500E+07 -7.95746125E+05  2.39766640E+07 -8.14245562E+05  2.65355220E+07
 -9.04855562E+05  2.63510720E+07 -8.98175188E+05  2.60335340E+07 -8.86742188E+05
  2.56057120E+07 -8.71469312E+05  2.50969900E+07 -8.53147250E+05  2.45377140E+07
 -8.06027188E+05  1.97140580E+07 -6.37622188E+05  1.98616300E+07 -6.42287938E+05
  2.01187860E+07 -6.50438188E+05  2.04715220E+07 -6.61659562E+05  2.09000720E+07
 -6.75359562E+05  2.13796620E+07 -6.90773812E+05  2.36539440E+07 -7.65509188E+05
  2.34904040E+07 -7.60044938E+05  2.32086960E+07 -7.50675250E+05  2.28287980E+07
 -7.38126625E+05  2.23766100E+07 -7.23194875E+05  2.18797100E+07 -6.87760812E+05
  1.76630380E+07 -5.49977438E+05  1.77956500E+07 -5.53979062E+05  1.80266780E+07
 -5.60963625E+05  1.83434620E+07 -5.70568062E+05  1.87281520E+07 -5.82274438E+05
  1.91584060E+07 -5.95420438E+05  2.11948100E+07 -6.58682000E+05  2.10486200E+07
 -6.54085125E+05  2.07966880E+07 -6.46191375E+05  2.04567180E+07 -6.35596375E+05
  2.00517540E+07 -6.23017000E+05  1.96070740E+07 -5.95891812E+05  1.58837770E+07
 -4.79687938E+05  1.60034530E+07 -4.83172562E+05  1.62119150E+07 -4.89251281E+05
  1.64976770E+07 -4.97602688E+05  1.68445720E+07 -5.07769938E+05  1.72323940E+07
 -5.19172156E+05  1.90654460E+07 -5.73744938E+05  1.89340100E+07 -5.69797188E+05
  1.87074240E+07 -5.63010250E+05  1.84015100E+07 -5.53886500E+05  1.80369140E+07
 -5.43051375E+05  1.76368780E+07 -5.21885500E+05  1.43253950E+07 -4.21806656E+05
  1.44337460E+07 -4.24874156E+05  1.46224550E+07 -4.30222906E+05  1.48810890E+07
 -4.37566656E+05  1.51949680E+07 -4.46499562E+05  1.55457620E+07 -4.56507875E+05
  1.72021460E+07 -5.04224719E+05  1.70834740E+07 -5.00783531E+05  1.68788480E+07
 -4.94863156E+05  1.66024720E+07 -4.86894094E+05  1.62729560E+07 -4.77422344E+05
  1.59116850E+07 -4.60584719E+05  1.29507720E+07 -3.73173562E+05  1.30491130E+07
 -3.75894938E+05  1.32203720E+07 -3.80638750E+05  1.34550490E+07 -3.87148938E+05
  1.37397950E+07 -3.95063156E+05  1.40579490E+07 -4.03924125E+05  1.55590680E+07
 -4.46053781E+05  1.54515860E+07 -4.43022375E+05  1.52662140E+07 -4.37803938E+05
  1.50157730E+07 -4.30772969E+05  1.47170970E+07 -4.22407750E+05  1.43898640E+07
 -4.08758531E+05  1.17317200E+07 -3.31703969E+05  1.18211550E+07 -3.34132125E+05
  1.19768890E+07 -3.38363781E+05  1.21902660E+07 -3.44169156E+05  1.24491220E+07
 -3.51223250E+05  1.27382890E+07 -3.59117219E+05  1.41018200E+07 -3.96573531E+05
  1.40042330E+07 -3.93882688E+05  1.38359000E+07 -3.89248281E+05  1.36084240E+07
 -3.83000000E+05  1.33370890E+07 -3.75559469E+05  1.30399880E+07 -3.64297906E+05
  1.06460720E+07 -2.95950625E+05  1.07275420E+07 -2.98126531E+05  1.08693980E+07
 -3.01917875E+05  1.10637380E+07 -3.07117750E+05  1.12994650E+07 -3.13433969E+05
  1.15627480E+07 -3.20499469E+05  1.28036190E+07 -3.53974656E+05  1.27148410E+07
 -3.51572531E+05  1.25616810E+07 -3.47434281E+05  1.23546710E+07 -3.41851562E+05
  1.21077180E+07 -3.35198688E+05  1.18374550E+07 -3.25755250E+05  9.67592200E+06
 -2.64872594E+05  9.75024400E+06 -2.66829031E+05  9.87964300E+06 -2.70237562E+05
  1.00569010E+07 -2.74911406E+05  1.02718800E+07 -2.80587062E+05  1.05119540E+07
 -2.86934125E+05  1.16429770E+07 -3.16970031E+05  1.15620790E+07 -3.14816844E+05
  1.14224970E+07 -3.11105938E+05  1.12338090E+07 -3.06097562E+05  1.10087020E+07
 -3.00125688E+05  1.07624500E+07 -2.92091375E+05  8.80648900E+06 -2.37688328E+05
  8.87437500E+06 -2.39452266E+05  8.99256000E+06 -2.42525047E+05  9.15444300E+06
 -2.46737719E+05  9.35075200E+06 -2.51852156E+05  9.56994900E+06 -2.57570203E+05
  1.06022490E+07 -2.84604406E+05  1.05284260E+07 -2.82667562E+05  1.04010410E+07
 -2.79329062E+05  1.02288160E+07 -2.74821500E+05  1.00233480E+07 -2.69444438E+05
  9.79865900E+06 -2.62522094E+05  8.02537750E+06 -2.13790703E+05  8.08745150E+06
 -2.15384797E+05  8.19551600E+06 -2.18161406E+05  8.34352350E+06 -2.21967484E+05
  8.52298900E+06 -2.26587438E+05  8.72335400E+06 -2.31751531E+05  9.66667800E+06
 -2.56147828E+05  9.59922900E+06 -2.54401031E+05  9.48283100E+06 -2.51389328E+05
  9.32544400E+06 -2.47321797E+05  9.13768000E+06 -2.42467766E+05  8.93241200E+06
 -2.36437828E+05  7.32206850E+06 -1.92696812E+05  7.37888750E+06 -1.94140234E+05
  7.47779700E+06 -1.96654188E+05  7.61325700E+06 -2.00099750E+05  7.77749250E+06
 -2.04281344E+05  7.96083350E+06 -2.08954500E+05  8.82377400E+06 -2.31017297E+05
  8.76207900E+06 -2.29438281E+05  8.65560300E+06 -2.26715469E+05  8.51162100E+06
 -2.23036812E+05  8.33985550E+06 -2.18645875E+05  8.15212300E+06 -2.13344719E+05
  6.68755450E+06 -1.74012531E+05  6.73960950E+06 -1.75321812E+05  6.83022350E+06
 -1.77602031E+05  6.95431300E+06 -1.80726828E+05  7.10475100E+06 -1.84518562E+05
  7.27267300E+06 -1.88755328E+05  8.06284600E+06 -2.08746938E+05  8.00635900E+06
 -2.07316734E+05  7.90886350E+06 -2.04850125E+05  7.77701450E+06 -2.01516641E+05
  7.61973500E+06 -1.97537047E+05  7.44786700E+06 -1.92839969E+05  6.11406950E+06
 -1.57412703E+05  6.16180000E+06 -1.58602203E+05  6.24488300E+06 -1.60673641E+05
  6.35865350E+06 -1.63512000E+05  6.49657000E+06 -1.66955688E+05  6.65050250E+06
 -1.70802938E+05  7.37468350E+06 -1.88947859E+05  7.32291700E+06 -1.87650203E+05
  7.23356300E+06 -1.85411844E+05  7.11271900E+06 -1.82386109E+05  6.96857850E+06
 -1.78773469E+05  6.81109150E+06 -1.74584781E+05  5.59487750E+06 -1.42624297E+05
  5.63867700E+06 -1.43706516E+05  5.71491400E+06 -1.45591000E+05  5.81930400E+06
 -1.48172969E+05  5.94584050E+06 -1.51305156E+05  6.08705900E+06 -1.54803891E+05
  6.75129800E+06 -1.71298188E+05  6.70381800E+06 -1.70118906E+05  6.62185850E+06
 -1.68084359E+05  6.51101100E+06 -1.65333812E+05  6.37880650E+06 -1.62049375E+05
  6.23437700E+06 -1.58293828E+05  5.12411600E+06 -1.29416469E+05  5.16433600E+06
 -1.30402359E+05  5.23434100E+06 -1.32118969E+05  5.33019250E+06 -1.34470750E+05
  5.44637200E+06 -1.37323312E+05  5.57602100E+06 -1.40509266E+05  6.18573300E+06
 -1.55523359E+05  6.14215150E+06 -1.54450188E+05  6.06691750E+06 -1.52598484E+05
  5.96516300E+06 -1.50094562E+05  5.84381750E+06 -1.47104547E+05  5.71126200E+06
 -1.43722438E+05  4.69665650E+06 -1.17593117E+05  4.73361400E+06 -1.18492344E+05
  4.79793800E+06 -1.20057977E+05  4.88600750E+06 -1.22202711E+05  4.99274850E+06
 -1.24803906E+05  5.11185600E+06 -1.27708828E+05  5.67190300E+06 -1.41393391E+05
  5.63187050E+06 -1.40415438E+05  5.56276200E+06 -1.38727891E+05  5.46929100E+06
 -1.36445516E+05  5.35783750E+06 -1.33720141E+05  5.23609400E+06 -1.30663008E+05
  4.30800100E+06 -1.06987328E+05  4.34198150E+06 -1.07808414E+05  4.40112200E+06
 -1.09237906E+05  4.48209100E+06 -1.11195984E+05  4.58022000E+06 -1.13570570E+05
  4.68971100E+06 -1.16222078E+05  5.20446450E+06 -1.28708789E+05  5.16766850E+06
 -1.27816594E+05  5.10414550E+06 -1.26276828E+05  5.01822950E+06 -1.24194039E+05
  4.91579650E+06 -1.21707094E+05  4.80391150E+06 -1.18935445E+05  3.95418950E+06
 -9.74536797E+04  3.98545000E+06 -9.82041562E+04  4.03985525E+06 -9.95106719E+04
  4.11433800E+06 -1.01300172E+05  4.20460150E+06 -1.03470117E+05  4.30531050E+06
 -1.05892852E+05  4.77871200E+06 -1.17299078E+05  4.74487100E+06 -1.16484188E+05
  4.68644700E+06 -1.15077641E+05  4.60742850E+06 -1.13174977E+05  4.51323250E+06
 -1.10903164E+05  4.41034550E+06 -1.08383828E+05  3.63172825E+06 -8.88680000E+04
  3.66050150E+06 -8.95546172E+04  3.71057650E+06 -9.07498906E+04  3.77912875E+06
 -9.23869141E+04  3.86220125E+06 -9.43718047E+04  3.95488150E+06 -9.65877188E+04
  4.39049050E+06 -1.07017430E+05  4.35934950E+06 -1.06272391E+05  4.30558550E+06
 -1.04986445E+05  4.23287200E+06 -1.03246414E+05  4.14620275E+06 -1.01169109E+05
  4.05153800E+06 -9.88741641E+04  3.33752425E+06 -8.11226797E+04  3.36402050E+06
 -8.17513984E+04  3.41013275E+06 -8.28458516E+04  3.47325750E+06 -8.43446953E+04
  3.54974925E+06 -8.61618906E+04  3.63508375E+06 -8.81903750E+04  4.03611975E+06
 -9.77356797E+04  4.00744825E+06 -9.70539219E+04  3.95794700E+06 -9.58768906E+04
  3.89100175E+06 -9.42843438E+04  3.81121850E+06 -9.23832266E+04  3.72407400E+06
 -9.02890234E+04  3.06883250E+06 -7.41237422E+04  3.09324375E+06 -7.46999219E+04
  3.13572550E+06 -7.57028750E+04  3.19387875E+06 -7.70763438E+04  3.26434325E+06
 -7.87413906E+04  3.34294975E+06 -8.05998750E+04  3.71233100E+06 -8.93435547E+04
  3.68592025E+06 -8.87190078E+04  3.64032250E+06 -8.76409141E+04  3.57865850E+06
 -8.61819453E+04  3.50518000E+06 -8.44405781E+04  3.42492000E+06 -8.25265391E+04
  2.82321350E+06 -6.77890078E+04  2.84571275E+06 -6.83174297E+04  2.88486625E+06
 -6.92372344E+04  2.93846200E+06 -7.04967578E+04  3.00340200E+06 -7.20235703E+04
  3.07584225E+06 -7.37276328E+04  3.41621600E+06 -8.17431953E+04  3.39187700E+06
 -8.11707891E+04  3.34985625E+06 -8.01823281E+04  3.29303250E+06 -7.88448125E+04
  3.22533100E+06 -7.72485234E+04  3.15137900E+06 -7.54968906E+04  2.59849175E+06
 -6.20475820E+04  2.61923700E+06 -6.25325547E+04  2.65533725E+06 -6.33766914E+04
  2.70475225E+06 -6.45325430E+04  2.76462450E+06 -6.59335859E+04  2.83140875E+06
 -6.74971719E+04  3.14518075E+06 -7.48506250E+04  3.12274150E+06 -7.43254375E+04
  3.08400100E+06 -7.34186641E+04  3.03161650E+06 -7.21915156E+04  2.96921225E+06
 -7.07272109E+04  2.90104450E+06 -6.91224141E+04  2.39272300E+06 -5.68367227E+04
  2.41185775E+06 -5.72821055E+04  2.44515500E+06 -5.80573086E+04  2.49073225E+06
 -5.91187148E+04  2.54595250E+06 -6.04052148E+04  2.60754525E+06 -6.18408828E+04
  2.89690475E+06 -6.85915781E+04  2.87620875E+06 -6.81094844E+04  2.84047875E+06
 -6.72769688E+04  2.79216850E+06 -6.61503359E+04  2.73462575E+06 -6.48061484E+04
  2.67176525E+06 -6.33344102E+04  2.20416700E+06 -5.21009648E+04  2.22182250E+06
 -5.25102383E+04  2.25254500E+06 -5.32225703E+04  2.29459700E+06 -5.41978672E+04
  2.34554425E+06 -5.53799336E+04  2.40236875E+06 -5.66989883E+04  2.66930950E+06
 -6.29001719E+04  2.65021475E+06 -6.24573164E+04  2.61724950E+06 -6.16925469E+04
  2.57268100E+06 -6.06575195E+04  2.51960200E+06 -5.94228633E+04  2.46161475E+06
 -5.80720039E+04  2.03126350E+06 -4.77924844E+04  2.04755912E+06 -4.81687852E+04
  2.07591525E+06 -4.88237031E+04  2.11472675E+06 -4.97203555E+04  2.16174700E+06
 -5.08070352E+04  2.21418975E+06 -5.20195664E+04  2.46053050E+06 -5.77192227E+04
  2.44290675E+06 -5.73121328E+04  2.41248250E+06 -5.66091250E+04  2.37135225E+06
 -5.56577461E+04  2.32237450E+06 -5.45230469E+04  2.26886500E+06 -5.32822188E+04
  1.87260838E+06 -4.38677891E+04  1.88765338E+06 -4.42139570E+04  1.91383300E+06
 -4.48164219E+04  1.94966462E+06 -4.56412266E+04  1.99307362E+06 -4.66407969E+04
  2.04148700E+06 -4.77560859E+04  2.26888825E+06 -5.29979180E+04  2.25261750E+06
 -5.26235430E+04  2.22452925E+06 -5.19769766E+04  2.18656050E+06 -5.11019414E+04
  2.14135275E+06 -5.00584766E+04  2.09195988E+06 -4.89178359E+04  1.72693900E+06
 -4.02893320E+04  1.74083312E+06 -4.06079297E+04  1.76501012E+06 -4.11624062E+04
  1.79810025E+06 -4.19214766E+04  1.83818675E+06 -4.28413281E+04  1.88289325E+06
 -4.38676367E+04  2.09287238E+06 -4.86906484E+04  2.07784588E+06 -4.83461289E+04
  2.05190650E+06 -4.77511562E+04  2.01684612E+06 -4.69460039E+04  1.97510662E+06
 -4.59860039E+04  1.92950000E+06 -4.49369023E+04  1.59311550E+06 -3.70230078E+04
  1.60595050E+06 -3.73163750E+04  1.62828400E+06 -3.78269219E+04  1.65885000E+06
 -3.85258398E+04  1.69587838E+06 -3.93727695E+04  1.73717275E+06 -4.03177227E+04
  1.93111762E+06 -4.47576758E+04  1.91723650E+06 -4.44405273E+04  1.89327512E+06
 -4.38927734E+04  1.86089162E+06 -4.31515000E+04  1.82234350E+06 -4.22678516E+04
  1.78022125E+06 -4.13023281E+04  1.47010962E+06 -3.40393477E+04  1.48196875E+06
 -3.43095898E+04  1.50260438E+06 -3.47798945E+04  1.53084625E+06 -3.54236875E+04
  1.56505812E+06 -3.62037930E+04  1.60321075E+06 -3.70741758E+04  1.78239138E+06
 -4.11631250E+04  1.76956500E+06 -4.08710078E+04  1.74742512E+06 -4.03664844E+04
  1.71750662E+06 -3.96837812E+04  1.68189650E+06 -3.88700625E+04  1.64298250E+06
 -3.79810859E+04  1.35698962E+06 -3.13109805E+04  1.36795012E+06 -3.15600234E+04
  1.38702125E+06 -3.19934141E+04  1.41312188E+06 -3.25866758E+04  1.44473900E+06
 -3.33055117E+04  1.47999712E+06 -3.41075820E+04  1.64557788E+06 -3.78748633E+04
  1.63372288E+06 -3.76057109E+04  1.61326112E+06 -3.71408047E+04  1.58561325E+06
 -3.65117617E+04  1.55270950E+06 -3.57621328E+04  1.51675062E+06 -3.49432266E+04
  1.25291300E+06 -2.88144727E+04  1.26304488E+06 -2.90440625E+04  1.28067425E+06
 -2.94436016E+04  1.30480125E+06 -2.99905039E+04  1.33402688E+06 -3.06531484E+04
  1.36661738E+06 -3.13925879E+04  1.51966525E+06 -3.48648750E+04  1.50870588E+06
 -3.46167383E+04  1.48979062E+06 -3.41882188E+04  1.46423538E+06 -3.36083867E+04
  1.43382512E+06 -3.29175078E+04  1.40058912E+06 -3.21628164E+04  1.15711438E+06
 -2.65283398E+04  1.16648225E+06 -2.67400703E+04  1.18278225E+06 -2.71085234E+04
  1.20508925E+06 -2.76128633E+04  1.23211025E+06 -2.82239180E+04  1.26224138E+06
 -2.89059043E+04  1.40373550E+06 -3.21073613E+04  1.39360162E+06 -3.18785703E+04
  1.37611238E+06 -3.14833809E+04  1.35248625E+06 -3.09487324E+04  1.32437450E+06
 -3.03117871E+04  1.29364875E+06 -2.96160137E+04  1.06889862E+06 -2.44333770E+04
  1.07756200E+06 -2.46287012E+04  1.09263562E+06 -2.49686016E+04  1.11326438E+06
 -2.54338398E+04  1.13825175E+06 -2.59975020E+04  1.16611462E+06 -2.66267891E+04
  1.29695400E+06 -2.95794941E+04  1.28758138E+06 -2.93684355E+04  1.27140738E+06
 -2.90038867E+04  1.24956050E+06 -2.85107246E+04  1.22356825E+06 -2.79233008E+04
  1.19515712E+06 -2.72816133E+04  9.87634250E+05 -2.25122539E+04  9.95647375E+05
 -2.26925039E+04  1.00958969E+06 -2.30061641E+04  1.02866994E+06 -2.34354805E+04
  1.05178112E+06 -2.39556133E+04  1.07755150E+06 -2.45365977E+04  1.19856138E+06
 -2.72606895E+04  1.18989150E+06 -2.70659023E+04  1.17493075E+06 -2.67295137E+04
  1.15472512E+06 -2.62744883E+04  1.13068788E+06 -2.57325508E+04  1.10441225E+06
 -2.51405371E+04  9.12746062E+05 -2.07497012E+04  9.20159188E+05 -2.09160820E+04
  9.33057375E+05 -2.12056035E+04  9.50708375E+05 -2.16018750E+04  9.72088188E+05
 -2.20819492E+04  9.95927312E+05 -2.26186113E+04  1.10786675E+06 -2.51322324E+04
  1.09984525E+06 -2.49524590E+04  1.08600425E+06 -2.46419629E+04  1.06731350E+06
 -2.42219785E+04  1.04508012E+06 -2.37218809E+04  1.02077475E+06 -2.31755625E+04
  8.43709438E+05 -1.91315684E+04  8.50568562E+05 -1.92851953E+04  8.62502812E+05
 -1.95525156E+04  8.78834500E+05 -1.99183945E+04  8.98615875E+05 -2.03616406E+04
  9.20672312E+05 -2.08577598E+04  1.02423931E+06 -2.31777422E+04  1.01681638E+06
 -2.30117480E+04  1.00400912E+06 -2.27250488E+04  9.86716562E+05 -2.23373242E+04
  9.66148062E+05 -2.18756758E+04  9.43661375E+05 -2.13713320E+04  7.80046688E+05
 -1.76451211E+04  7.86394250E+05 -1.77870059E+04  7.97438375E+05 -1.80338906E+04
  8.12551750E+05 -1.83717910E+04  8.30857250E+05 -1.87811328E+04  8.51267500E+05
 -1.92402070E+04  9.47103938E+05 -2.13816309E+04  9.40233750E+05 -2.12283203E+04
  9.28381250E+05 -2.09635566E+04  9.12379750E+05 -2.06054961E+04  8.93348188E+05
 -2.01792461E+04  8.72540625E+05 -1.97135488E+04  7.21321250E+05 -1.62792305E+04
  7.27196375E+05 -1.64102988E+04  7.37418250E+05 -1.66383594E+04  7.51406375E+05
 -1.69504863E+04  7.68348688E+05 -1.73285957E+04  7.87238625E+05 -1.77539512E+04
  8.75935500E+05 -1.97305938E+04  8.69575938E+05 -1.95889668E+04  8.58605125E+05
 -1.93443594E+04  8.43795938E+05 -1.90136387E+04  8.26183812E+05 -1.86199648E+04
  8.06927000E+05 -1.81898398E+04  6.67134062E+05 -1.50233047E+04  6.72572562E+05
 -1.51444102E+04  6.82034812E+05 -1.53551357E+04  6.94983375E+05 -1.56435342E+04
  7.10666312E+05 -1.59928916E+04  7.28151625E+05 -1.63878184E+04  8.10253250E+05
 -1.82121914E+04  8.04365375E+05 -1.80812969E+04  7.94209250E+05 -1.78552969E+04
  7.80501562E+05 -1.75497324E+04  7.64200500E+05 -1.71860547E+04  7.46376062E+05
 -1.67886621E+04  6.17120375E+05 -1.38681387E+04  6.22155500E+05 -1.39800615E+04
  6.30915812E+05 -1.41748096E+04  6.42903750E+05 -1.44413389E+04  6.57423000E+05
 -1.47641973E+04  6.73610250E+05 -1.51319209E+04  7.49617938E+05 -1.68150000E+04
  7.44166000E+05 -1.66940488E+04  7.34762750E+05 -1.64851738E+04  7.22072875E+05
 -1.62028047E+04  7.06983062E+05 -1.58667803E+04  6.90482250E+05 -1.54995898E+04
  5.70946188E+05 -1.28052383E+04  5.75608438E+05 -1.29086953E+04  5.83720125E+05
 -1.30887119E+04  5.94820062E+05 -1.33350742E+04  6.08263750E+05 -1.36334912E+04
  6.23251375E+05 -1.39773477E+04  6.93627188E+05 -1.55289990E+04  6.88578312E+05
 -1.54171758E+04  6.79870875E+05 -1.52240967E+04  6.68121625E+05 -1.49631123E+04
  6.54151125E+05 -1.46525645E+04  6.38873375E+05 -1.43132031E+04  5.28305562E+05
 -1.18268154E+04  5.32623125E+05 -1.19224658E+04  5.40135000E+05 -1.20888945E+04
  5.50414188E+05 -1.23166582E+04  5.62863688E+05 -1.25925391E+04  5.76742000E+05
 -1.29161709E+04  6.41912125E+05 -1.43449238E+04  6.37235812E+05 -1.42415352E+04
  6.29171688E+05 -1.40630078E+04  6.18291938E+05 -1.38217314E+04  6.05355938E+05
 -1.35346689E+04  5.91208938E+05 -1.32209482E+04  4.88918000E+05 -1.09259023E+04
  4.92916875E+05 -1.10143496E+04  4.99874188E+05 -1.11682471E+04  5.09394469E+05
 -1.13788584E+04  5.20924688E+05 -1.16339580E+04  5.33777250E+05 -1.19414941E+04
  5.94134688E+05 -1.32543184E+04  5.89802875E+05 -1.31586992E+04  5.82333625E+05
 -1.29936152E+04  5.72257750E+05 -1.27705264E+04  5.60278188E+05 -1.25051230E+04
  5.47176375E+05 -1.22150654E+04  4.52526469E+05 -1.00961270E+04  4.56230594E+05
 -1.01779258E+04  4.62675156E+05 -1.03202500E+04  4.71493625E+05 -1.05150156E+04
  4.82173781E+05 -1.07509082E+04  4.94077344E+05 -1.10472354E+04  5.49984938E+05
 -1.22493428E+04  5.45971688E+05 -1.21608984E+04  5.39052562E+05 -1.20082100E+04
  5.29720062E+05 -1.18019092E+04  5.18624812E+05 -1.15565127E+04  5.06489500E+05
 -1.12883086E+04  4.18894531E+05 -9.33160938E+03  4.22326094E+05 -9.40726953E+03
  4.28296312E+05 -9.53891406E+03  4.36465719E+05 -9.71906543E+03  4.46359625E+05
 -9.93724902E+03  4.57384969E+05 -1.02285771E+04  5.09177656E+05 -1.13232988E+04
  5.05459188E+05 -1.12414932E+04  4.99048906E+05 -1.11002500E+04  4.90403844E+05
 -1.09094326E+04  4.80126375E+05 -1.06824775E+04  4.68884906E+05 -1.04344160E+04
  3.87805438E+05 -8.62723535E+03  3.90984812E+05 -8.69722559E+03  3.96516312E+05
 -8.81900195E+03  4.04085312E+05 -8.98564355E+03  4.13251969E+05 -9.18745020E+03
  4.23464188E+05 -9.48177734E+03  4.71451406E+05 -1.04696035E+04  4.68005656E+05
 -1.03939033E+04  4.62066094E+05 -1.02632344E+04  4.54056938E+05 -1.00867373E+04
  4.44535812E+05 -9.87683105E+03  4.34121125E+05 -9.64741504E+03  3.59059250E+05
 -7.97810400E+03  3.62005344E+05 -8.04285449E+03  3.67130969E+05 -8.15551221E+03
  3.74144531E+05 -8.30966895E+03  3.82638406E+05 -8.49635059E+03  3.92097219E+05
 -8.80447852E+03  4.36565312E+05 -9.68260938E+03  4.33371812E+05 -9.61255859E+03
  4.27867781E+05 -9.49166309E+03  4.20446938E+05 -9.32837988E+03  4.11625375E+05
 -9.13421191E+03  4.01975531E+05 -8.92200781E+03  3.32472219E+05 -7.37990137E+03
  3.35202500E+05 -7.43980664E+03  3.39952625E+05 -7.54403027E+03  3.46452281E+05
 -7.68664258E+03  3.54323719E+05 -7.85935205E+03  3.63083844E+05 -8.19611035E+03
  4.04297719E+05 -8.95697070E+03  4.01337750E+05 -8.89216016E+03  3.96236719E+05
 -8.78028809E+03  3.89360094E+05 -8.62922852E+03  3.81185750E+05 -8.44961230E+03
  3.72243438E+05 -8.25333398E+03  3.07874812E+05 -6.82870459E+03  3.10405406E+05
 -6.88412451E+03  3.14808094E+05 -6.98054541E+03  3.20832281E+05 -7.11247119E+03
  3.28127781E+05 -7.27231787E+03  3.36239094E+05 -7.65839941E+03  3.74444531E+05
 -8.28796582E+03  3.71700625E+05 -8.22797754E+03  3.66972500E+05 -8.12446191E+03
  3.60599375E+05 -7.98470068E+03  3.53023844E+05 -7.81854980E+03  3.44736156E+05
 -7.63702148E+03  2.85110250E+05 -6.32106689E+03  2.87456125E+05 -6.37233252E+03
  2.91537344E+05 -6.46152148E+03  2.97121625E+05 -6.58354102E+03  3.03884250E+05
 -6.73167920E+03  3.11391844E+05 -7.19619531E+03  3.46817156E+05 -7.67127393E+03
  3.44273219E+05 -7.61576074E+03  3.39890156E+05 -7.51997949E+03  3.33983000E+05
 -7.39068311E+03  3.26961406E+05 -7.23700342E+03  3.19279375E+05 -7.06916504E+03
  2.64033125E+05 -5.85384180E+03  2.66208094E+05 -5.90124902E+03  2.69991938E+05
 -5.98372314E+03  2.75169312E+05 -6.09654346E+03  2.81438719E+05 -6.23446729E+03
  2.88382938E+05 -6.81853223E+03  3.21241188E+05 -7.10302930E+03  3.18882312E+05
 -7.05167480E+03  3.14818625E+05 -6.96305566E+03  3.09342500E+05 -6.84346484E+03
  3.02833344E+05 -6.70134863E+03  2.95711688E+05 -6.54623584E+03  2.44507719E+05
 -5.42455713E+03  2.46524641E+05 -5.46837207E+03  2.50033516E+05 -5.54459180E+03
  2.54834516E+05 -5.64885791E+03  2.60647172E+05 -5.77922510E+03  2.67063719E+05
 -6.54065430E+03  2.97554688E+05 -6.58002051E+03  2.95367031E+05 -6.53250439E+03
  2.91598750E+05 -6.45054785E+03  2.86521344E+05 -6.33996924E+03  2.80486250E+05
 -6.20861035E+03  2.73882812E+05 -6.06538037E+03  2.26405984E+05 -5.03129150E+03
  2.28276859E+05 -5.07174170E+03  2.31531594E+05 -5.14210449E+03  2.35984672E+05
 -5.23846680E+03  2.41373328E+05 -5.36747656E+03  2.47293406E+05 -6.38632324E+03
  2.75605938E+05 -6.09947949E+03  2.73576719E+05 -6.05556250E+03  2.70081656E+05
 -5.97980811E+03  2.65373000E+05 -5.87763184E+03  2.59776109E+05 -5.75632568E+03
  2.53651828E+05 -5.62427148E+03  2.09604859E+05 -4.67300879E+03  2.11340922E+05
 -4.71027783E+03  2.14361031E+05 -4.77513086E+03  2.18492578E+05 -4.86466113E+03
  2.23484688E+05 -5.00882764E+03  2.28936375E+05 -6.39173535E+03  2.55251516E+05
 -5.65955078E+03  2.53368688E+05 -5.61898584E+03  2.50126156E+05 -5.54904639E+03
  2.45758156E+05 -5.45476416E+03  2.40566156E+05 -5.34291797E+03  2.34884516E+05
 -5.22148975E+03  1.93982312E+05 -4.35009082E+03  1.95594203E+05 -4.38433936E+03
  1.98398016E+05 -4.44419971E+03  2.02231703E+05 -4.53063184E+03  2.06844469E+05
 -4.73540723E+03  2.11858109E+05 -6.61114551E+03  2.36352656E+05 -5.25946631E+03
  2.34604984E+05 -5.22208594E+03  2.31595531E+05 -5.15765918E+03  2.27541875E+05
 -5.07087646E+03  2.22723375E+05 -4.96806641E+03  2.17449891E+05 -4.85695703E+03
  1.79410328E+05 -4.06573560E+03  1.80908062E+05 -4.09747754E+03  1.83511953E+05
 -4.15497363E+03  1.87063969E+05 -4.25600977E+03  1.91292875E+05 -4.64367725E+03
  1.95918297E+05 -7.12530859E+03  2.18770312E+05 -4.90037646E+03  2.17147078E+05
 -4.86607129E+03  2.14352203E+05 -4.80698193E+03  2.10587828E+05 -4.72748682E+03
  2.06112844E+05 -4.63355322E+03  2.01214609E+05 -4.53285498E+03  1.65735641E+05
 -3.83738281E+03  1.67126797E+05 -3.87116504E+03  1.69538250E+05 -3.94512354E+03
  1.72797141E+05 -4.14389746E+03  1.76599516E+05 -5.01688232E+03  1.80960109E+05
 -8.05470898E+03  2.02356938E+05 -4.58646826E+03  2.00847781E+05 -4.55525146E+03
  1.98249469E+05 -4.50155811E+03  1.94749906E+05 -4.42951318E+03  1.90589109E+05
 -4.34483496E+03  1.86033656E+05 -4.25553809E+03  1.52648594E+05 -3.83129761E+03
  1.53927031E+05 -3.90368750E+03  1.56110734E+05 -4.11293799E+03  1.58985234E+05
 -4.74579443E+03  1.62333281E+05 -6.68581396E+03  1.66789641E+05 -9.58253809E+03
  1.86942797E+05 -4.32699316E+03  1.85537156E+05 -4.29920605E+03  1.83117078E+05
 -4.25157178E+03  1.79857250E+05 -4.18810742E+03  1.75980297E+05 -4.11459277E+03
  1.71733469E+05 -4.04032739E+03  1.38217344E+05 -6.07087012E+03  1.39386859E+05
 -6.38038428E+03  1.41313484E+05 -7.21893604E+03  1.43883016E+05 -9.07908203E+03
  1.47481750E+05 -1.21132861E+04  1.53129188E+05 -1.20099824E+04  1.72313281E+05
 -4.13792432E+03  1.70999281E+05 -4.11519336E+03  1.68736578E+05 -4.07681470E+03
  1.65687469E+05 -4.02724756E+03  1.62058094E+05 -3.97359839E+03  1.58076750E+05
 -3.92978442E+03  1.00756930E+05 -3.60467734E+04  1.04062578E+05 -3.60480938E+04
  1.10051844E+05 -3.56493086E+04  1.18642117E+05 -3.39191641E+04  1.29200359E+05
 -2.88174414E+04  1.39434109E+05 -1.59995381E+04  1.58186734E+05 -4.02144067E+03
  1.56945422E+05 -4.01385693E+03  1.54805641E+05 -4.00452734E+03  1.51916219E+05
 -4.00190869E+03  1.48464031E+05 -4.02187183E+03  1.44650719E+05 -4.10031592E+03
->       1      12       2     100                                 <-   
EDEP-CUTOFF                                                                     
  1.92183780E+07  2.05132420E+07  2.16646100E+07  2.27001820E+07  2.36400660E+07
  2.44991040E+07  2.52884140E+07  2.60165260E+07  2.66901260E+07  2.73145520E+07
  2.78941960E+07  2.84327280E+07  2.89332920E+07  2.93986260E+07  2.98311600E+07
  3.02330960E+07  3.06064420E+07  3.09530720E+07  3.12747640E+07  3.15732180E+07
  3.18501220E+07  3.21071860E+07  3.23461680E+07  3.25690000E+07  3.27778180E+07
  3.29751640E+07  3.31641160E+07  3.33486040E+07  3.35337800E+07  3.37266160E+07
  3.19118500E+07  2.38184100E+07  1.82761320E+07  1.46045930E+07  1.20793330E+07
  1.02557050E+07  8.87443400E+06  7.78356100E+06  6.89234300E+06  6.14507200E+06
  5.50636050E+06  4.95278400E+06  4.46813250E+06  4.04066725E+06  3.66153550E+06
  3.32381025E+06  3.02191600E+06  2.75126500E+06  2.50801350E+06  2.28890550E+06
  2.09115225E+06  1.91235062E+06  1.75041625E+06  1.60353338E+06  1.47011488E+06
  1.34876750E+06  1.23826350E+06  1.13751938E+06  1.04557669E+06  9.61583062E+05
  8.84781188E+05  8.14495500E+05  7.50121625E+05  6.91118750E+05  6.37001562E+05
  5.87333250E+05  5.41720562E+05  4.99808969E+05  4.61277719E+05  4.25836781E+05
  3.93223438E+05  3.63198969E+05  3.35546625E+05  3.10069281E+05  2.86587406E+05
  2.64937344E+05  2.44969688E+05  2.26548234E+05  2.09548203E+05  1.93855656E+05
  1.79366203E+05  1.65984109E+05  1.53621719E+05  1.42198641E+05  1.31640938E+05
  1.21880742E+05  1.12855602E+05  1.04508016E+05  9.67849922E+04  8.96375469E+04
  8.30202969E+04  7.68909688E+04  7.12098906E+04  6.59390469E+04  6.10411016E+04
  5.64769883E+04  5.22005781E+04  4.81392344E+04  4.40849531E+04  3.88561094E+04
->       1      12       1      40                                 <-   
STATE-VECTOR                                                                    
         2      2800         1         0         0         0         0         3
         3         1         4       100         0         0         0         0
         0         0         0         0         0         0         0         0
         0         0         0         0         0         0         0         0
         0         0         0         0         0         0         0         0
->       1      12       2       5                                 <-   
EPS-CONVERGE                                                                    
  4.99999987E-05  4.99999987E-05  9.99999975E-06  0.00000000E+00  0.00000000E+00
->       1      12       1     100                                 <-   
KEYFLX                                                                          
         1         5         9        13        17        21        25        29
        33        37        41        45        49        53        57        61
        65        69        73        77        81        85        89        93
        97       101       105       109       113       117       121       125
       129       133       137       141       145       149       153       157
       161       165       169       173       177       181       185       189
       193       197       201       205       209       213       217       221
       225       229       233       237       241       245       249       253
       257       261       265       269       273       277       281       285
       289       293       297       301       305       309       313       317
       321       325       329       333       337       341       345       349
       353       357       361       365       369       373       377       381
       385       389       393       397
->       1      12       3       1                                 <-   
OPTION                                                                          
         4
B0  
->      -1       0       0       0                                 <-   
