->       1      12       3       3                                 <-   
SIGNATURE                                                                       
         4         4         4
L_FLUX      
->       1      12       3       3                                 <-   
LINK.MACRO                                                                      
         4         4         4
MACRO       
->       1      12       3       3                                 <-   
LINK.TRACK                                                                      
         4         4         4
TRACK       
->       1      12       3       3                                 <-   
LINK.SYSTEM                                                                     
         4         4         4
SYSTEM      
->       1      12      10       2                                 <-   
FLUX                                                                            
->       2       0       2    2800                                 <-   00000001
  2.61328860E+07  3.42598828E+04 -7.78975050E+06  1.48426438E+05  2.62476220E+07
  3.19837812E+04 -7.27562200E+06  1.48405719E+05  2.63544800E+07  2.97089062E+04
 -6.76156350E+06  1.48386391E+05  2.64534560E+07  2.74352188E+04 -6.24756950E+06
  1.48368562E+05  2.65445560E+07  2.51626172E+04 -5.73363400E+06  1.48352062E+05
  2.66277860E+07  2.28910078E+04 -5.21975400E+06  1.48337000E+05  2.67031500E+07
  2.06203125E+04 -4.70592350E+06  1.48323469E+05  2.67706500E+07  1.83504219E+04
 -4.19213800E+06  1.48311266E+05  2.68302880E+07  1.60812969E+04 -3.67839175E+06
  1.48300484E+05  2.68820640E+07  1.38127500E+04 -3.16468050E+06  1.48291031E+05
  2.69259840E+07  1.15447812E+04 -2.65099950E+06  1.48283203E+05  2.69620520E+07
  9.27725000E+03 -2.13734300E+06  1.48276594E+05  2.69902600E+07  7.01010938E+03
 -1.62370675E+06  1.48271578E+05  2.70106180E+07  4.74325000E+03 -1.11008588E+06
  1.48267906E+05  2.70231240E+07  2.47653125E+03 -5.96475062E+05  1.48265672E+05
  2.70277780E+07  2.09937500E+02 -8.28696875E+04  1.48264828E+05  2.70245760E+07
 -2.05665625E+03  4.30735438E+05  1.48265391E+05  2.70135260E+07 -4.32332812E+03
  9.44344750E+05  1.48267391E+05  2.69946240E+07 -6.59015625E+03  1.45796338E+06
  1.48270625E+05  2.69678680E+07 -8.85728125E+03  1.97159600E+06  1.48275625E+05
  2.69332580E+07 -1.11247344E+04  2.48524825E+06  1.48281875E+05  2.68907940E+07
 -1.33926719E+04  2.99892450E+06  1.48289547E+05  2.68404720E+07 -1.56611250E+04
  3.51263000E+06  1.48298656E+05  2.67822880E+07 -1.79301641E+04  4.02636900E+06
  1.48308953E+05  2.67162460E+07 -2.01999922E+04  4.54014750E+06  1.48321094E+05
  2.66423400E+07 -2.24705703E+04  5.05396950E+06  1.48334453E+05  2.65605640E+07
 -2.47420781E+04  5.56783950E+06  1.48349203E+05  2.64709200E+07 -2.70145547E+04
  6.08176450E+06  1.48365391E+05  2.63734000E+07 -2.92881094E+04  6.59574700E+06
  1.48383016E+05  2.62680040E+07 -3.15628438E+04  7.10979350E+06  1.48402062E+05
  2.21024980E+07 -2.19063650E+06  6.74332900E+06 -3.40499250E+05  1.61013560E+07
 -1.35180275E+06  5.73685650E+06 -2.48048906E+05  1.23334930E+07 -8.67300375E+05
  4.98559200E+06 -1.90003203E+05  9.86487400E+06 -5.82702000E+05  4.39765650E+06
 -1.51972953E+05  8.16714600E+06 -4.11591562E+05  3.91914375E+06 -1.25818672E+05
  6.93919850E+06 -3.05499531E+05  3.51769450E+06 -1.06901570E+05  6.00756000E+06
 -2.37146750E+05  3.17328825E+06 -9.25493047E+04  5.27074900E+06 -1.91102156E+05
  2.87305800E+06 -8.11983438E+04  4.66813300E+06 -1.58573672E+05  2.60835925E+06
 -7.19147188E+04  4.16245550E+06 -1.34498500E+05  2.37310325E+06 -6.41246016E+04
  3.73001175E+06 -1.15917508E+05  2.16279450E+06 -5.74625977E+04  3.35508125E+06
 -1.01066367E+05  1.97397138E+06 -5.16865625E+04  3.02676250E+06 -8.88648281E+04
  1.80387238E+06 -4.66287109E+04  2.73714950E+06 -7.86283594E+04  1.65023138E+06
 -4.21670469E+04  2.48026625E+06 -6.99069219E+04  1.51114888E+06 -3.82096797E+04
  2.25143275E+06 -6.23907305E+04  1.38500838E+06 -3.46843555E+04  2.04687738E+06
 -5.58581289E+04  1.27041712E+06 -3.15331211E+04  1.86349388E+06 -5.01432461E+04
  1.16616462E+06 -2.87079746E+04  1.69867912E+06 -4.51183594E+04  1.07119238E+06
 -2.61689863E+04  1.55022675E+06 -4.06813906E+04  9.84569875E+05 -2.38819531E+04
  1.41624725E+06 -3.67499844E+04  9.05475875E+05 -2.18179395E+04  1.29511112E+06
 -3.32557461E+04  8.33182562E+05 -1.99517852E+04  1.18540612E+06 -3.01416016E+04
  7.67042562E+05 -1.82617676E+04  1.08590162E+06 -2.73591016E+04  7.06480062E+05
 -1.67288125E+04  9.95521250E+05 -2.48673789E+04  6.50979688E+05 -1.53364658E+04
  9.13320250E+05 -2.26312734E+04  6.00080438E+05 -1.40701504E+04  8.38467250E+05
 -2.06204238E+04  5.53368312E+05 -1.29169766E+04  7.70227812E+05 -1.88088789E+04
  5.10471344E+05 -1.18657178E+04  7.07951625E+05 -1.71739980E+04  4.71054188E+05
 -1.09063242E+04  6.51061688E+05 -1.56961533E+04  4.34814281E+05 -1.00299287E+04
  5.99044250E+05 -1.43581074E+04  4.01478188E+05 -9.22855566E+03  5.51441562E+05
 -1.31449814E+04  3.70798469E+05 -8.49521484E+03  5.07844125E+05 -1.20436182E+04
  3.42550344E+05 -7.82359424E+03  4.67885438E+05 -1.10423828E+04  3.16530312E+05
 -7.20799463E+03  4.31236406E+05 -1.01311650E+04  2.92553062E+05 -6.64340039E+03
  3.97601219E+05 -9.30092969E+03  2.70449938E+05 -6.12523291E+03  3.66713406E+05
 -8.54369922E+03  2.50067344E+05 -5.64939355E+03  3.38332625E+05 -7.85238477E+03
  2.31265203E+05 -5.21217529E+03  3.12241594E+05 -7.22070752E+03  2.13915578E+05
 -4.81025146E+03  2.88243875E+05 -6.64295361E+03  1.97901656E+05 -4.44053516E+03
  2.66161344E+05 -6.11418262E+03  1.83116578E+05 -4.10034326E+03  2.45832281E+05
 -5.62986279E+03  1.69462438E+05 -3.78716528E+03  2.27109875E+05 -5.18594971E+03
  1.56849734E+05 -3.49873755E+03  2.09860531E+05 -4.77881152E+03  1.45196281E+05
 -3.23300391E+03  1.93962625E+05 -4.40517920E+03  1.34426781E+05 -2.98808887E+03
  1.79305266E+05 -4.06211816E+03  1.24472117E+05 -2.76229712E+03  1.65787312E+05
 -3.74691577E+03  1.15268820E+05 -2.55403540E+03  1.53316422E+05 -3.45721387E+03
  1.06758602E+05 -2.36191577E+03  1.41808141E+05 -3.19081396E+03  9.88878672E+04
 -2.18462524E+03  1.31185203E+05 -2.94573853E+03  9.16073359E+04 -2.02097412E+03
  1.21376906E+05 -2.72019263E+03  8.48716562E+04 -1.86987292E+03  1.12318484E+05
 -2.51254565E+03  7.86391406E+04 -1.73032373E+03  1.03950531E+05 -2.32132520E+03
  7.28713359E+04 -1.60141785E+03  9.62185234E+04 -2.14515308E+03  6.75328984E+04
 -1.48229602E+03  8.90724688E+04 -1.98283142E+03  6.25912539E+04 -1.37220789E+03
  8.24663750E+04 -1.83323352E+03  5.80163672E+04 -1.27043787E+03  7.63579453E+04
 -1.69534277E+03  5.37805586E+04 -1.17633447E+03  7.07082422E+04 -1.56823694E+03
  4.98583203E+04 -1.08929858E+03  6.54813906E+04 -1.45108203E+03  4.62261523E+04
 -1.00877625E+03  6.06442227E+04 -1.34313501E+03  4.28623789E+04 -9.34261230E+02
  5.61660391E+04 -1.24371936E+03  3.97470352E+04 -8.65268677E+02  5.20182617E+04
 -1.15228979E+03  3.68617344E+04 -8.01370239E+02  4.81740508E+04 -1.06839697E+03
  3.41895781E+04 -7.42148071E+02  4.46078242E+04 -9.91760254E+02  3.17150391E+04
 -6.87208740E+02  4.12946133E+04 -9.22343628E+02  2.94239570E+04 -6.36166992E+02
  3.82089258E+04 -8.60505493E+02  2.73034961E+04 -5.88630432E+02  3.53229688E+04
 -8.07273804E+02  2.53422441E+04 -5.44173035E+02  3.26036191E+04 -7.64819214E+02
  2.35303887E+04 -5.02277710E+02  3.00069824E+04 -7.37371399E+02  2.18601602E+04
 -4.62275177E+02  2.74688828E+04 -7.32768250E+02  2.03265879E+04 -4.23174225E+02
  8.14860400E+06 -7.75142109E+04  8.90222100E+06 -8.38883672E+04  1.05445850E+07
 -9.78594609E+04  1.38994370E+07 -1.26625344E+05  2.19727000E+07 -1.96169656E+05
  5.90614040E+07 -4.98636438E+05  1.35877125E+05  7.84440391E+04  1.47600234E+05
  8.52103125E+04  1.73500391E+05  1.00158586E+05  2.27730641E+05  1.31454781E+05
  3.64122406E+05  2.10149625E+05  1.06980350E+06  6.16930125E+05  7.88002350E+06
 -7.75505078E+04  8.61153900E+06 -8.39374141E+04  1.02054510E+07 -9.79400625E+04
  1.34605150E+07 -1.26786898E+05  2.12923680E+07 -1.96620094E+05  5.73279040E+07
 -5.02204312E+05  4.07566750E+05  7.84159766E+04  4.42707375E+05  8.51698281E+04
  5.20335938E+05  1.00086945E+05  6.82837500E+05  1.31301250E+05  1.09130675E+06
  2.09690469E+05  3.19943375E+06  6.12617125E+05  7.61131850E+06 -7.75865234E+04
  8.32068600E+06 -8.39861562E+04  9.86603800E+06 -9.80203359E+04  1.30210330E+07
 -1.26948164E+05  2.06104740E+07 -1.97070766E+05  5.55820040E+07 -5.05795219E+05
  6.79158562E+05  7.83876016E+04  7.37673750E+05  8.51290312E+04  8.66922688E+05
  1.00014969E+05  1.13741200E+06  1.31147391E+05  1.81690088E+06  2.09231562E+05
  5.31417200E+06  6.08332250E+05  7.34248900E+06 -7.76222969E+04  8.02966550E+06
 -8.40346484E+04  9.52634600E+06 -9.81003672E+04  1.25809920E+07 -1.27109211E+05
  1.99270220E+07 -1.97521797E+05  5.38236240E+07 -5.09409594E+05  9.50651688E+05
  7.83589688E+04  1.03249825E+06  8.50879609E+04  1.21325975E+06  9.99427188E+04
  1.59145300E+06  1.30993305E+05  2.54090600E+06  2.08773016E+05  7.41411600E+06
  6.04075625E+05  7.07353550E+06 -7.76577656E+04  7.73847750E+06 -8.40828203E+04
  9.18637800E+06 -9.81800391E+04  1.21403950E+07 -1.27269914E+05  1.92420040E+07
 -1.97973000E+05  5.20526840E+07 -5.13047156E+05  1.22204500E+06  7.83300000E+04
  1.32717988E+06  8.50465469E+04  1.55934562E+06  9.98700938E+04  2.04495975E+06
  1.30838852E+05  3.26332275E+06  2.08314641E+05  9.49936300E+06  5.99846562E+05
  6.80446050E+06 -7.76929609E+04  7.44712300E+06 -8.41307188E+04  8.84613500E+06
 -9.82594375E+04  1.16992400E+07 -1.27430383E+05  1.85554220E+07 -1.98424500E+05
  5.02691000E+07 -5.16708438E+05  1.49333750E+06  7.83007734E+04  1.62171775E+06
  8.50048516E+04  1.90517962E+06  9.97971797E+04  2.49793100E+06  1.30684148E+05
  3.98415250E+06  2.07856594E+05  1.15700070E+07  5.95645250E+05  6.53526350E+06
 -7.77279297E+04  7.15560300E+06 -8.41783672E+04  8.50561800E+06 -9.83385703E+04
  1.12575320E+07 -1.27590641E+05  1.78672780E+07 -1.98876391E+05  4.84727960E+07
 -5.20393781E+05  1.76452838E+06  7.82712891E+04  1.91611062E+06  8.49629062E+04
  2.25076075E+06  9.97240000E+04  2.95036575E+06  1.30529211E+05  4.70339600E+06
  2.07398922E+05  1.36261450E+07  5.91471688E+05  6.26594600E+06 -7.77625859E+04
  6.86391850E+06 -8.42257031E+04  8.16482600E+06 -9.84173828E+04  1.08152680E+07
 -1.27750578E+05  1.71775680E+07 -1.99328453E+05  4.66636800E+07 -5.24102844E+05
  2.03561662E+06  7.82414922E+04  2.21035750E+06  8.49206172E+04  2.59608750E+06
  9.96504688E+04  3.40226350E+06  1.30373945E+05  5.42105450E+06  2.06941438E+05
  1.56678730E+07  5.87325062E+05  5.99650850E+06 -7.77969688E+04  6.57207050E+06
 -8.42727422E+04  7.82376200E+06 -9.84958750E+04  1.03724500E+07 -1.27910227E+05
  1.64862900E+07 -1.99780797E+05  4.48416760E+07 -5.27836000E+05  2.30660100E+06
  7.82113906E+04  2.50445775E+06  8.48780312E+04  2.94115900E+06  9.95766094E+04
  3.85362250E+06  1.30218383E+05  6.13712850E+06  2.06484250E+05  1.76952840E+07
  5.83205562E+05  5.72695300E+06 -7.78310234E+04  6.28006000E+06 -8.43194453E+04
  7.48242700E+06 -9.85740078E+04  9.92907900E+06 -1.28069539E+05  1.57934450E+07
 -2.00233297E+05  4.30067000E+07 -5.31593188E+05  2.57748050E+06  7.81809766E+04
  2.79840950E+06  8.48350938E+04  3.28597400E+06  9.95023906E+04  4.30444250E+06
  1.30062453E+05  6.85161950E+06  2.06027203E+05  1.97084720E+07  5.79112500E+05
  5.45727950E+06 -7.78649062E+04  5.98788850E+06 -8.43659688E+04  7.14082200E+06
 -9.86519766E+04  9.48515800E+06 -1.28228734E+05  1.50990320E+07 -2.00686312E+05
  4.11586600E+07 -5.35375500E+05  2.84825450E+06  7.81503672E+04  3.09221200E+06
  8.47919688E+04  3.63053150E+06  9.94279766E+04  4.75472200E+06  1.29906422E+05
  7.56452800E+06  2.05570703E+05  2.17075240E+07  5.75046938E+05  5.18748950E+06
 -7.78984062E+04  5.69555650E+06 -8.44120938E+04  6.79894700E+06 -9.87295000E+04
  9.04068500E+06 -1.28387500E+05  1.44030500E+07 -2.01139359E+05  3.92974800E+07
 -5.39181750E+05  3.11892175E+06  7.81193672E+04  3.38586500E+06  8.47484453E+04
  3.97483050E+06  9.93531250E+04  5.20446000E+06  1.29749930E+05  8.27585500E+06
  2.05114219E+05  2.36925420E+07  5.71007125E+05  4.91758350E+06 -7.79317344E+04
  5.40306450E+06 -8.44580469E+04  6.45680350E+06 -9.88068594E+04  8.59566300E+06
 -1.28546148E+05  1.37054970E+07 -2.01592938E+05  3.74230680E+07 -5.43013562E+05
  3.38948125E+06  7.80882031E+04  3.67936650E+06  8.47047422E+04  4.31887000E+06
  9.92781016E+04  5.65365550E+06  1.29593336E+05  8.98560200E+06  2.04658297E+05
  2.56636100E+07  5.66994312E+05  4.64756300E+06 -7.79647344E+04  5.11041450E+06
 -8.45036484E+04  6.11439300E+06 -9.88838438E+04  8.15009250E+06 -1.28704445E+05
  1.30063730E+07 -2.02046672E+05  3.55353400E+07 -5.46870000E+05  3.65993225E+06
  7.80567031E+04  3.97271625E+06  8.46606797E+04  4.66264900E+06  9.92027109E+04
  6.10230800E+06  1.29436367E+05  9.69377000E+06  2.04202500E+05  2.76208240E+07
  5.63007312E+05  4.37742900E+06 -7.79974531E+04  4.81760600E+06 -8.45489688E+04
  5.77171650E+06 -9.89605391E+04  7.70397300E+06 -1.28862469E+05  1.23056770E+07
 -2.02500672E+05  3.36342160E+07 -5.50751750E+05  3.93027375E+06  7.80249141E+04
  4.26591250E+06  8.46163281E+04  5.00616650E+06  9.91270078E+04  6.55041700E+06
  1.29279133E+05  1.04003590E+07  2.03747016E+05  2.95642700E+07  5.59046250E+05
  4.10718125E+06 -7.80298906E+04  4.52464200E+06 -8.45939844E+04  5.42877500E+06
 -9.90369062E+04  7.25730700E+06 -1.29020203E+05  1.16034070E+07 -2.02954969E+05
  3.17195940E+07 -5.54658688E+05  4.20050450E+06  7.79928438E+04  4.55895500E+06
  8.45716797E+04  5.34942050E+06  9.90509922E+04  6.99798000E+06  1.29121609E+05
  1.11053700E+07  2.03291766E+05  3.14940380E+07  5.55110875E+05  3.83682200E+06
 -7.80620469E+04  4.23152250E+06 -8.46387188E+04  5.08556900E+06 -9.91129766E+04
  6.81009500E+06 -1.29177664E+05  1.08995630E+07 -2.03409531E+05  2.97913960E+07
 -5.58591312E+05  4.47062350E+06  7.79605000E+04  4.85184200E+06  8.45267422E+04
  5.69241150E+06  9.89746641E+04  7.44499700E+06  1.28963812E+05  1.18088060E+07
  2.02836828E+05  3.34102200E+07  5.51201062E+05  3.56635200E+06 -7.80939219E+04
  3.93824800E+06 -8.46831562E+04  4.74210050E+06 -9.91887344E+04  6.36233850E+06
 -1.29334852E+05  1.01941440E+07 -2.03864359E+05  2.78495320E+07 -5.62549562E+05
  4.74063050E+06  7.79278672E+04  5.14457300E+06  8.44815156E+04  6.03513700E+06
  9.88980391E+04  7.89146700E+06  1.28805727E+05  1.25106650E+07  2.02382156E+05
  3.53129000E+07  5.47316688E+05  3.29577200E+06 -7.81254141E+04  3.64482075E+06
 -8.47271875E+04  4.39837000E+06 -9.92640703E+04  5.91403750E+06 -1.29491578E+05
  9.48714900E+06 -2.04319203E+05  2.58939100E+07 -5.66533000E+05  5.01052350E+06
  7.78948594E+04  5.43714650E+06  8.44358828E+04  6.37759650E+06  9.88209766E+04
  8.33738850E+06  1.28647211E+05  1.32109500E+07  2.01927484E+05  3.72021680E+07
  5.43456750E+05  3.02508325E+06 -7.81568359E+04  3.35124075E+06 -8.47711406E+04
  4.05437850E+06 -9.93393438E+04  5.46519400E+06 -1.29648375E+05  8.77857800E+06
 -2.04774859E+05  2.39244420E+07 -5.70544062E+05  5.28030200E+06  7.78617812E+04
  5.72956200E+06  8.43901797E+04  6.71978900E+06  9.87438750E+04  8.78276100E+06
  1.28488750E+05  1.39096610E+07  2.01473656E+05  3.90781120E+07  5.39623312E+05
  2.75428600E+06 -7.81878672E+04  3.05750950E+06 -8.48147031E+04  3.71012750E+06
 -9.94141875E+04  5.01580800E+06 -1.29804719E+05  8.06842750E+06 -2.05230547E+05
  2.19410360E+07 -5.74580688E+05  5.54996500E+06  7.78283125E+04  6.02181850E+06
  8.43440859E+04  7.06171300E+06  9.86663281E+04  9.22758500E+06  1.28329852E+05
  1.46068000E+07  2.01019812E+05  4.09408160E+07  5.35814000E+05  2.48338200E+06
 -7.82186172E+04  2.76362775E+06 -8.48579609E+04  3.36561725E+06 -9.94887109E+04
  4.56588050E+06 -1.29960781E+05  7.35669800E+06 -2.05686516E+05  1.99436000E+07
 -5.78643750E+05  5.81951200E+06  7.77945781E+04  6.31391500E+06  8.42976953E+04
  7.40336900E+06  9.85884922E+04  9.67185600E+06  1.28170672E+05  1.53023670E+07
  2.00566266E+05  4.27903680E+07  5.32029375E+05  2.21237200E+06 -7.82490781E+04
  2.46959675E+06 -8.49009297E+04  3.02084975E+06 -9.95629297E+04  4.11541350E+06
 -1.30116570E+05  6.64338900E+06 -2.06142734E+05  1.79320440E+07 -5.82733500E+05
  6.08894100E+06  7.77605547E+04  6.60584950E+06  8.42510234E+04  7.74475400E+06
  9.85103516E+04  1.01155770E+07  1.28011227E+05  1.59963640E+07  2.00112984E+05
  4.46268520E+07  5.28269188E+05  1.94125700E+06 -7.82791484E+04  2.17541725E+06
 -8.49434844E+04  2.67582575E+06 -9.96367031E+04  3.66440750E+06 -1.30271883E+05
  5.92849900E+06 -2.06598969E+05  1.59062750E+07 -5.86849188E+05  6.35825200E+06
  7.77261641E+04  6.89762250E+06  8.42039453E+04  8.08586800E+06  9.84317656E+04
  1.05587430E+07  1.27851336E+05  1.66887910E+07  1.99659703E+05  4.64503520E+07
  5.24532625E+05  1.67003812E+06 -7.83091484E+04  1.88109088E+06 -8.49859688E+04
  2.33054625E+06 -9.97104297E+04  3.21286325E+06 -1.30427281E+05  5.21202800E+06
 -2.07056062E+05  1.38661980E+07 -5.90993625E+05  6.62744400E+06  7.76916953E+04
  7.18923150E+06  8.41568125E+04  8.42671000E+06  9.83531562E+04  1.10013570E+07
  1.27691516E+05  1.73796480E+07  1.99207266E+05  4.82609520E+07  5.20821688E+05
  1.39871575E+06 -7.83387656E+04  1.58661788E+06 -8.50280469E+04  1.98501212E+06
 -9.97837188E+04  2.76078150E+06 -1.30582203E+05  4.49397350E+06 -2.07513125E+05
  1.18117210E+07 -5.95164500E+05  6.89651550E+06  7.76568594E+04  7.48067750E+06
  8.41092812E+04  8.76727800E+06  9.82741172E+04  1.14434160E+07  1.27531258E+05
  1.80689400E+07  1.98754812E+05  5.00587360E+07  5.17134000E+05  1.12729150E+06
 -7.83680859E+04  1.29199975E+06 -8.50698203E+04  1.63922475E+06 -9.98566875E+04
  2.30816350E+06 -1.30736844E+05  3.77433475E+06 -2.07970484E+05  9.74274700E+06
 -5.99362750E+05  7.16546600E+06  7.76217344E+04  7.77195750E+06  8.40614531E+04
  9.10757200E+06  9.81947656E+04  1.18849190E+07  1.27370727E+05  1.87566640E+07
  1.98302641E+05  5.18437880E+07  5.13470094E+05  8.55766125E+05 -7.83971172E+04
  9.97237250E+05 -8.51112969E+04  1.29318512E+06 -9.99293359E+04  1.85501038E+06
 -1.30891195E+05  3.05311125E+06 -2.08428125E+05  7.65918150E+06 -6.03588688E+05
  7.43429450E+06  7.75863438E+04  8.06307200E+06  8.40133516E+04  9.44759100E+06
  9.81151172E+04  1.23258660E+07  1.27209922E+05  1.94428200E+07  1.97850734E+05
  5.36161880E+07  5.09829812E+05  5.84140688E+05 -7.84258594E+04  7.02331625E+05
 -8.51524766E+04  9.46894312E+05 -1.00001680E+05  1.40132288E+06 -1.31045273E+05
  2.33030200E+06 -2.08886031E+05  5.56092900E+06 -6.07842438E+05  7.70300000E+06
  7.75506797E+04  8.35401900E+06  8.39649609E+04  9.78733400E+06  9.80351797E+04
  1.27662540E+07  1.27048852E+05  2.01274140E+07  1.97399125E+05  5.53760200E+07
  5.06213062E+05  3.12416125E+05 -7.84543203E+04  4.07283969E+05 -8.51933438E+04
  6.00353562E+05 -1.00073695E+05  9.47102375E+05 -1.31199047E+05  1.60590588E+06
 -2.09344234E+05  3.44789300E+06 -6.12124188E+05  7.97158100E+06  7.75147422E+04
  8.64479800E+06  8.39162891E+04  1.01267990E+07  9.79549375E+04  1.32060860E+07
  1.26887508E+05  2.08104420E+07  1.96947766E+05  5.71233600E+07  5.02619562E+05
  1.23263648E+05 -2.81258398E+04  1.98541688E+05 -3.24222422E+04  3.49394156E+05
 -4.13324336E+04  6.11658000E+05 -5.78549336E+04  1.07418212E+06 -9.06187344E+04
  2.05354250E+06 -1.78203031E+05  8.00703000E+06 -6.17609453E+04  8.64859600E+06
 -8.63841641E+04  1.00457860E+07 -1.48943609E+05  1.28828580E+07 -3.15034375E+05
  1.95146640E+07 -9.25635812E+05  4.43732840E+07 -7.17050200E+06  4.86109375E+04
 -1.61038838E+04  1.11412273E+05 -1.91190488E+04  2.36496781E+05 -2.53168105E+04
  4.51341406E+05 -3.66221836E+04  8.21077625E+05 -5.83997227E+04  1.55836362E+06
 -1.13548359E+05  7.75289450E+06 -8.27210312E+04  8.31030000E+06 -1.06536297E+05
  9.49657600E+06 -1.65451203E+05  1.17877050E+07 -3.14205781E+05  1.65136330E+07
 -8.06437562E+05  2.55174700E+07 -4.02216875E+06  5.82795654E+03 -9.23262305E+03
  5.96503164E+04 -1.14633838E+04  1.66356188E+05 -1.60085098E+04  3.47941375E+05
 -2.41623047E+04  6.54526500E+05 -3.93961172E+04  1.23636088E+06 -7.56733594E+04
  7.44570700E+06 -9.33400859E+04  7.92300850E+06 -1.15701094E+05  8.91337800E+06
 -1.69771500E+05  1.07208700E+07 -3.00246156E+05  1.39237010E+07 -6.90151062E+05
  1.49234840E+07 -2.26493825E+06 -1.86644160E+04 -5.26779053E+03  2.83557305E+04
 -7.00020996E+03  1.21256500E+05 -1.05018652E+04  2.78261250E+05 -1.66877324E+04
  5.39568688E+05 -2.79109375E+04  1.01678238E+06 -5.29875664E+04  7.11304550E+06
 -9.79683047E+04  7.51585300E+06 -1.18588523E+05  8.32796950E+06 -1.67407922E+05
  9.71441900E+06 -2.80196906E+05  1.17199020E+07 -5.84254812E+05  8.94302900E+06
 -1.28301412E+06 -3.25470957E+04 -2.95231812E+03  9.08195605E+03 -4.35368066E+03
  9.11224688E+04 -7.16722510E+03  2.29066969E+05 -1.20726240E+04  4.56230719E+05
 -2.07458750E+04  8.59350625E+05 -3.89920273E+04  6.77096350E+06 -9.90889766E+04
  7.10550200E+06 -1.17879812E+05  7.75761200E+06 -1.61465625E+05  8.78213200E+06
 -2.57889953E+05  9.86074700E+06 -4.91354062E+05  5.54246900E+06 -7.33356875E+05
 -4.01936250E+04 -1.58025879E+03 -2.99649268E+03 -2.75053613E+03  7.01699922E+04
 -5.08759766E+03  1.92724922E+05 -9.11943262E+03  3.92966375E+05 -1.60985186E+04
  7.40898938E+05 -3.00308457E+04  6.42890550E+06 -9.81345391E+04  6.70150200E+06
 -1.15114719E+05  7.21136950E+06 -1.53702672E+05  7.92790350E+06 -2.35371594E+05
  8.30044600E+06 -4.11619719E+05  3.58768900E+06 -4.24846562E+05 -4.41172227E+04
 -7.53655334E+02 -1.06663398E+04 -1.75434216E+03  5.50345195E+04 -3.74450635E+03
  1.64763500E+05 -7.14989551E+03  3.42989719E+05 -1.29473936E+04  6.47905562E+05
 -2.40374609E+04  6.09248050E+06 -9.59429141E+04  6.30928850E+06 -1.11187695E+05
  6.69365700E+06 -1.45117797E+05  7.15043000E+06 -2.13696688E+05  6.99484200E+06
 -3.44095656E+05  2.44577600E+06 -2.50980984E+05 -4.57799375E+04 -2.46933167E+02
 -1.55606514E+04 -1.11727173E+03  4.37235547E+04 -2.84275098E+03  1.42507922E+05
 -5.77683984E+03  3.02221969E+05 -1.07088633E+04  5.72317312E+05 -1.98355234E+04
  5.76503700E+06 -9.30130547E+04  5.93189450E+06 -1.06625633E+05  6.20624600E+06
 -1.36279172E+05  6.44579700E+06 -1.93371312E+05  5.90399100E+06 -2.87385219E+05
  1.76314762E+06 -1.52392719E+05 -4.60461133E+04  6.87139816E+01 -1.86550625E+04
 -6.97424500E+02  3.50290117E+04 -2.21263672E+03  1.24313906E+05 -4.77685693E+03
  2.68138719E+05 -9.04563574E+03  5.09206594E+05 -1.67487227E+04  5.44856300E+06
 -8.96491250E+04  5.57092600E+06 -1.01744734E+05  5.74940050E+06 -1.27510148E+05
  5.80891100E+06 -1.74601188E+05  4.99301300E+06 -2.40001891E+05  1.34195900E+06
 -9.59743047E+04 -4.54371992E+04  2.67644836E+02 -2.05468262E+04 -4.12557770E+02
  2.81964062E+04 -1.75524146E+03  1.09135750E+05 -4.01900024E+03  2.39120156E+05
 -7.75958252E+03  4.55454062E+05 -1.43826006E+04  5.14420750E+06 -8.60415078E+04
  5.22712750E+06 -9.67384062E+04  5.32253500E+06 -1.18993008E+05  5.23427450E+06
 -1.57429250E+05  4.23207550E+06 -2.00535000E+05  1.07124062E+06 -6.32494336E+04
 -4.42754961E+04  3.93392609E+02 -2.16123887E+04 -2.14248566E+02  2.27377891E+04
 -1.41184058E+03  9.62817734E+04 -3.42491284E+03  2.14082750E+05 -6.73175098E+03
  4.09004000E+05 -1.25025674E+04  4.85258800E+06 -8.23124453E+04  4.90070700E+06
 -9.17269766E+04  4.92458450E+06 -1.10827594E+05  4.71641200E+06 -1.41811938E+05
  3.59599400E+06 -1.67719000E+05  8.88526500E+05 -4.38963516E+04 -4.27657461E+04
  4.71924408E+02 -2.20969902E+04 -7.33799286E+01  1.83251211E+04 -1.14672046E+03
  8.52745781E+04 -2.94644824E+03  1.92269062E+05 -5.88871680E+03  3.68440156E+05
 -1.09655215E+04  4.57397550E+06 -7.85431484E+04  4.59154050E+06 -8.67870938E+04
  4.55423150E+06 -1.03065906E+05  4.25007650E+06 -1.27663430E+05  3.06368025E+06
 -1.40455812E+05  7.58464188E+05 -3.21402441E+04 -4.10418164E+04  5.19116333E+02
 -2.21660293E+04  2.80357704E+01  1.47289092E+04 -9.37493347E+02  7.57704766E+04
 -2.55301367E+03  1.73126047E+05 -5.18355420E+03  3.32742156E+05 -9.68129395E+03
  4.30840650E+06 -7.47891484E+04  4.29928750E+06 -8.19683047E+04  4.21002850E+06
 -9.57314531E+04  3.83035800E+06 -1.14879195E+05  2.61756275E+06 -1.17810367E+05
  6.60885688E+05 -2.47427129E+04 -3.91937227E+04  5.44932495E+02 -2.19349004E+04
  1.01452614E+02  1.17824355E+04 -7.69629517E+02  6.75122188E+04 -2.22440942E+03
  1.56233672E+05 -4.58503271E+03  3.01143406E+05 -8.59078906E+03  4.05575900E+06
 -7.10885312E+04  4.02347075E+06 -7.73021016E+04  3.89048425E+06 -8.88296328E+04
  3.45272300E+06 -1.03347898E+05  2.24305000E+06 -9.89947969E+04  5.84150250E+05
 -1.98813223E+04 -3.72835234E+04  5.55843933E+02 -2.14866348E+04  1.54431229E+02
  9.36045117E+03 -6.33326172E+02  6.03006641E+04 -1.94675964E+03  1.41262125E+05
 -4.07151978E+03  2.73046781E+05 -7.65371680E+03  3.81579725E+06 -6.74686562E+04
  3.76352250E+06 -7.28090391E+04  3.59410425E+06 -8.23559766E+04  3.11302200E+06
 -9.29603125E+04  1.92804825E+06 -8.33519453E+04  5.21426094E+05 -1.65255137E+04
 -3.53548438E+04  5.56204041E+02 -2.08825078E+04  1.92158066E+02  7.36623584E+03
 -5.21687439E+02  5.39774805E+04 -1.71009070E+03  1.27945523E+05 -3.62731030E+03
  2.47973406E+05 -6.84124121E+03  3.58820725E+06 -6.39483359E+04  3.51882075E+06
 -6.85011641E+04  3.31942425E+06 -7.62987812E+04  2.80747675E+06 -8.36112031E+04
  1.66254350E+06 -7.03348203E+04  4.68609500E+05 -1.40879639E+04 -3.34387031E+04
  5.49020874E+02 -2.01686504E+04  2.18302551E+02  5.72345068E+03 -4.29708710E+02
  4.84140977E+04 -1.50701440E+03  1.16065047E+05 -3.24065723E+03  2.25530219E+05
 -6.13206592E+03  3.37261900E+06 -6.05412031E+04  3.28871025E+06 -6.43855547E+04
  3.06502700E+06 -7.06429766E+04  2.53266075E+06 -7.52027578E+04  1.43824875E+06
 -5.94907930E+04  4.23158594E+05 -1.22304482E+04 -3.15573066E+04  5.36449402E+02
 -1.93803008E+04  2.35553726E+02  4.37082715E+03 -3.53613007E+02  4.35044258E+04
 -1.33183325E+03  1.05437797E+05 -2.90240283E+03  2.05389078E+05 -5.50973682E+03
  3.16862450E+06 -5.72560781E+04  3.07251950E+06 -6.04647305E+04  2.82955275E+06
 -6.53705039E+04  2.28547625E+06 -6.76438047E+04  1.24830588E+06 -5.04450430E+04
  3.83436969E+05 -1.07550625E+04 -2.97264434E+04  5.20073669E+02 -1.85445938E+04
  2.45937729E+02  3.25860352E+03 -2.90484070E+02  3.91598906E+04 -1.18006335E+03
  9.59091797E+04 -2.60527539E+03  1.87272453E+05 -4.96128076E+03  2.97578925E+06
 -5.40991016E+04  2.86957325E+06 -5.67388711E+04  2.61170575E+06 -6.04626641E+04
  2.06312575E+06 -6.08513594E+04  1.08703825E+06 -4.28884180E+04  3.48342656E+05
 -9.54365332E+03 -2.79571523E+04  5.01071411E+02 -1.76825176E+04  2.51005463E+02
  2.34600610E+03 -2.38016739E+02  3.53058906E+04 -1.04808191E+03  8.73473438E+04
 -2.34333496E+03  1.70943312E+05 -4.47614062E+03  2.79366375E+06 -5.10731953E+04
  2.67919925E+06 -5.32052695E+04  2.41025750E+06 -5.58993438E+04  1.86308912E+06
 -5.47489258E+04  9.49744250E+05 -3.65651484E+04  3.17097031E+05 -8.52348828E+03
 -2.62569062E+04  4.80339508E+02 -1.68103008E+04  2.51970627E+02  1.59941260E+03
 -1.94364807E+02  3.18791445E+04 -9.32941467E+02  7.96391172E+04 -2.11170850E+03
  1.56197766E+05 -4.04567920E+03  2.62179025E+06 -4.81800938E+04  2.50073800E+06
 -4.98604062E+04  2.22404800E+06 -5.16611562E+04  1.68309700E+06 -4.92677656E+04
  8.32528062E+05 -3.12646758E+04  2.89123438E+05 -7.64837500E+03 -2.46304609E+04
  4.58561890E+02 -1.59404385E+04  2.49788208E+02  9.90974548E+02 -1.58027069E+02
  2.88256855E+04 -8.32192383E+02  7.26867578E+04 -1.90630298E+03  1.42859328E+05
 -3.66264014E+03  2.45970925E+06 -4.54195312E+04  2.33354425E+06 -4.66990820E+04
  2.05198575E+06 -4.77284414E+04  1.52110750E+06 -4.43451094E+04  7.32157688E+05
 -2.68128926E+04  2.63975969E+05 -6.88758838E+03 -2.30804922E+04  4.36263000E+02
 -1.50824688E+04  2.45216843E+02  4.97550323E+02 -1.27776184E+02  2.60992949E+04
 -7.43797485E+02  6.64055703E+04 -1.72368457E+03  1.30774555E+05 -3.32093896E+03
  2.30696300E+06 -4.27902617E+04  2.17699200E+06 -4.37154883E+04  1.89304500E+06
 -4.40822070E+04  1.37528562E+06 -3.99243945E+04  6.45949938E+05 -2.30661758E+04
  2.41297703E+05 -6.21979980E+03 -2.16080820E+04  4.13841187E+02 -1.42435830E+04
  2.38860596E+02  9.98661880E+01 -1.02598404E+02  2.36602402E+04 -6.66037048E+02
  6.07218125E+04 -1.56092407E+03  1.19809500E+05 -3.01537598E+03  2.16310100E+06
 -4.02897578E+04  2.03047725E+06 -4.09028398E+04  1.74626625E+06 -4.07037305E+04
  1.24398325E+06 -3.59542344E+04  5.71674688E+05 -1.99057246E+04  2.20794688E+05
 -5.62946680E+03 -2.02130977E+04  3.91605652E+02 -1.34290918E+04  2.31203781E+02
 -2.18157501E+02 -8.16572113E+01  2.14742520E+04 -5.97468323E+02  5.55711133E+04
 -1.41554260E+03  1.09846812E+05 -2.74154346E+03  2.02768162E+06 -3.79153320E+04
  1.89341900E+06 -3.82545312E+04  1.61075225E+06 -3.75755859E+04  1.12572038E+06
 -3.23888105E+04  5.07475906E+05 -1.72336387E+04  2.02219797E+05 -5.10488477E+03
 -1.88944785E+04  3.69783600E+02 -1.26428115E+04  2.22630157E+02 -4.69958618E+02
 -6.42592468E+01  1.95116641E+04 -5.36866638E+02  5.08970469E+04 -1.28541162E+03
  1.00783289E+05 -2.49564771E+03  1.90027412E+06 -3.56634570E+04  1.76526050E+06
 -3.57634102E+04  1.48566550E+06 -3.46808320E+04  1.01916781E+06 -2.91865898E+04
  4.51806938E+05 -1.49688145E+04  1.85361844E+05 -4.63681104E+03 -1.76504824E+04
  3.48546448E+02 -1.18873633E+04  2.13448563E+02 -6.66770508E+02 -4.98211479E+01
  1.77467539E+04 -4.83179871E+02  4.66500586E+04 -1.16868713E+03  9.25280234E+04
 -2.27439502E+03  1.78046125E+06 -3.35300039E+04  1.64547000E+06 -3.34220078E+04
  1.37022588E+06 -3.20031836E+04  9.23133812E+05 -2.63100645E+04  4.03376844E+05
 -1.30440723E+04  1.70038484E+05 -4.21775830E+03 -1.64788574E+04  3.28018555E+02
 -1.11644141E+04  2.03902679E+02 -8.17988953E+02 -3.78624458E+01  1.61571406E+04
 -4.35521881E+02  4.27864883E+04 -1.06379773E+03  8.50006328E+04 -2.07496875E+03
  1.66783938E+06 -3.15110293E+04  1.53354112E+06 -3.12233008E+04  1.26370750E+06
 -2.95276621E+04  8.36548938E+05 -2.37258730E+04  3.61106719E+05 -1.14039443E+04
  1.56090859E+05 -3.84159058E+03 -1.53769863E+04  3.08284454E+02 -1.04748818E+04
  1.94183685E+02 -9.31484070E+02 -2.79801559E+01  1.47232969E+04 -3.93128754E+02
  3.92677734E+04 -9.69374023E+02  7.81298672E+04 -1.89491040E+03  1.56201938E+06
 -2.96020762E+04  1.42899225E+06 -2.91600254E+04  1.16543550E+06 -2.72398477E+04
  7.58453562E+05 -2.14038262E+04  3.24092938E+05 -1.00023398E+04  1.43379688E+05
 -3.50311255E+03 -1.43420146E+04  2.89401428E+02 -9.81909375E+03  1.84442886E+02
 -1.01384521E+03 -1.98358326E+01  1.34281465E+04 -3.55345154E+02  3.60597617E+04
 -8.84229736E+02  7.18524297E+04 -1.73207922E+03  1.46262812E+06 -2.77987246E+04
  1.33136638E+06 -2.72251738E+04  1.07478312E+06 -2.51263047E+04  6.87987438E+05
 -1.93169180E+04  2.91577469E+05 -8.80105762E+03  1.31782172E+05 -3.19792676E+03
 -1.33709346E+04  2.71401337E+02 -9.19691504E+03  1.74796326E+02 -1.07058887E+03
 -1.31468315E+01  1.22567275E+04 -3.21605347E+02  3.31321445E+04 -8.07326843E+02
  6.61119531E+04 -1.58460046E+03  1.36930775E+06 -2.60962656E+04  1.24023062E+06
 -2.54116777E+04  9.91169000E+05 -2.31742227E+04  6.24378812E+05 -1.74407656E+04
  2.62923125E+05 -7.76829346E+03  1.21189789E+05 -2.92222363E+03 -1.24606523E+04
  2.54300034E+02 -8.60785547E+03  1.65334259E+02 -1.10633521E+03 -7.67695665E+00
  1.11958916E+04 -2.91425354E+02  3.04579609E+04 -7.37768433E+02  6.08581562E+04
 -1.45084644E+03  1.28171625E+06 -2.44903457E+04  1.15517638E+06 -2.37130215E+04
  9.14054438E+05 -2.13719219E+04  5.66935938E+05 -1.57537344E+04  2.37593188E+05
 -6.87770117E+03  1.11506141E+05 -2.67275684E+03 -1.16080518E+04  2.38098404E+02
 -8.05115430E+03  1.56123383E+02 -1.12495325E+03 -3.22752690E+00  1.02340527E+04
 -2.64383911E+02  2.80131680E+04 -6.74765564E+02  5.60460117E+04 -1.32938123E+03
  1.19952738E+06 -2.29764512E+04  1.07581688E+06 -2.21227305E+04  8.42939812E+05
 -1.97083125E+04  5.15038031E+05 -1.42363086E+04  2.15134422E+05 -6.10728027E+03
  1.02645391E+05 -2.44667700E+03 -1.08100332E+04  2.22785355E+02 -7.52585254E+03
  1.47213165E+02 -1.12967932E+03  3.69061619E-01  9.36098926E+03 -2.40114044E+02
  2.57762910E+04 -6.17620728E+02  5.16352266E+04 -1.21893005E+03  1.12242988E+06
 -2.15500176E+04  1.00178788E+06 -2.06344434E+04  7.77363188E+05 -1.81729473E+04
  4.68128500E+05 -1.28709189E+04  1.95163312E+05 -5.43865381E+03  9.45309688E+04
 -2.24148486E+03 -1.00635430E+04  2.08343567E+02 -7.03084277E+03  1.38638779E+02
 -1.12321948E+03  3.25203824E+00  8.56765820E+03 -2.18301285E+02  2.37281016E+04
 -5.65730774E+02  4.75895820E+04 -1.11838892E+03  1.05012825E+06 -2.02068574E+04
  9.32746188E+05 -1.92423457E+04  7.16896875E+05 -1.67563340E+04  4.25708188E+05
 -1.16419932E+04  1.77354531E+05 -4.85654004E+03  8.70943281E+04 -2.05501392E+03
 -9.36560840E+03  1.94748367E+02 -6.56491943E+03  1.30423553E+02 -1.10783582E+03
  5.53919315E+00  7.84603760E+03 -1.98668655E+02  2.18513496E+04 -5.18557373E+02
  4.38765000E+04 -1.02676819E+03  9.82341438E+05 -1.89427031E+04  8.68368625E+05
 -1.79406875E+04  6.61145250E+05 -1.54494766E+04  3.87329156E+05 -1.05354678E+04
  1.61431250E+05 -4.34810791E+03  8.02740156E+04 -1.88534521E+03 -8.71334277E+03
  1.81971207E+02 -6.12681006E+03  1.22582016E+02 -1.08541467E+03  7.33022642E+00
  7.18900342E+03 -1.80974762E+02  2.01305352E+04 -4.75625183E+02  4.04666406E+04
 -9.43189514E+02  9.18802938E+05 -1.77534668E+04  8.08351312E+05 -1.67240391E+04
  6.09742625E+05 -1.42440596E+04  3.52589562E+05 -9.53877637E+03  1.47157375E+05
 -3.90261597E+03  7.40148281E+04 -1.73079004E+03 -8.10396631E+03  1.69980728E+02
 -5.71520557E+03  1.15121582E+02 -1.05752661E+03  8.70837879E+00  6.59021436E+03
 -1.65008484E+02  1.85517090E+04 -4.36514618E+02  3.73335117E+04 -8.66874756E+02
  8.59259875E+05 -1.66351914E+04  7.52408875E+05 -1.55872354E+04  5.62351312E+05
 -1.31323584E+04  3.21128812E+05 -8.64066113E+03  1.34330938E+05 -3.51104102E+03
  6.82670391E+04 -1.58984937E+03 -7.53481152E+03  1.58743622E+02 -5.32878223E+03
  1.08043823E+02 -1.02547705E+03  9.74341488E+00  6.04400879E+03 -1.50586121E+02
  1.71022871E+04 -4.00855804E+02  3.44531602E+04 -7.97138306E+02  8.03473250E+05
 -1.55841377E+04  7.00273125E+05 -1.45254238E+04  5.18659031E+05 -1.21072578E+04
  2.92623125E+05 -7.83106787E+03  1.22778703E+05 -3.16580322E+03  6.29858398E+04
 -1.46119897E+03 -7.00333105E+03  1.48223633E+02 -4.96621973E+03  1.01344582E+02
 -9.90349548E+02  1.04945593E+01  5.54533154E+03 -1.37543030E+02  1.57709072E+04
 -3.68311615E+02  3.18039160E+04 -7.33348206E+02  7.51216750E+05 -1.45964482E+04
  6.51692875E+05 -1.35337764E+04  4.78377688E+05 -1.11619668E+04  2.66781969E+05
 -7.10087256E+03  1.12351602E+05 -2.86046387E+03  5.81307539E+04 -1.34364563E+03
 -6.50709668E+03  1.38388031E+02 -4.62621436E+03  9.50190811E+01 -9.53038269E+02
  1.10117598E+01  5.08965381E+03 -1.25738014E+02  1.45472891E+04 -3.38592529E+02
  2.93661348E+04 -6.74962891E+02  7.02276750E+05 -1.36688164E+04  6.06432250E+05
 -1.26080781E+04  4.41241406E+05 -1.02904863E+04  2.43344391E+05 -6.44208350E+03
  1.02920992E+05 -2.58965137E+03  5.36651758E+04 -1.23615308E+03 -6.04380176E+03
  1.29200943E+02 -4.30748779E+03  8.90575943E+01 -9.14279785E+02  1.13365736E+01
  4.67291016E+03 -1.15044846E+02  1.34221133E+04 -3.11434387E+02  2.71219727E+04
 -6.21483582E+02  6.56451062E+05 -1.27978203E+04  5.64270250E+05 -1.17441084E+04
  4.07004531E+05 -9.48707324E+03  2.22075891E+05 -5.84742236E+03  9.43754453E+04
 -2.34876904E+03  4.95559141E+04 -1.13777637E+03 -5.61125684E+03  1.20628601E+02
 -4.00879639E+03  8.34499741E+01 -8.74677002E+02  1.15045834E+01  4.29144580E+03
 -1.05351753E+02  1.23869238E+04 -2.86601685E+02  2.50552227E+04 -5.72464661E+02
  6.13549125E+05 -1.19802588E+04  5.24999938E+05 -1.09379434E+04  3.75440531E+05
 -8.74645508E+03  2.02765750E+05 -5.31039600E+03  8.66182031E+04 -2.13392236E+03
  4.57728789E+04 -1.04767432E+03 -5.20739062E+03  1.12637726E+02 -3.72893481E+03
  7.81841278E+01 -8.34720215E+02  1.15455084E+01  3.94197119E+03 -9.65602341E+01
  1.14340361E+04 -2.63884827E+02  2.31511348E+04 -5.27506104E+02  5.73391188E+05
 -1.12130801E+04  4.88427500E+05 -1.01858818E+04  3.46340438E+05 -8.06376416E+03
  1.85224594E+05 -4.82518945E+03  7.95649922E+04 -1.94179675E+03  4.22887305E+04
 -9.65093018E+02 -4.83024561E+03  1.05196136E+02 -3.46674097E+03  7.32474060E+01
 -7.94804871E+02  1.14844513E+01  3.62151685E+03 -8.85832291E+01  1.05564512E+04
 -2.43096146E+02  2.13962832E+04 -4.86247101E+02  5.35807812E+05 -1.04933779E+04
  4.54371625E+05 -9.48444141E+03  3.19511469E+05 -7.43449609E+03  1.69282062E+05
 -4.38658936E+03  7.31420938E+04 -1.76956104E+03  3.90786172E+04 -8.89355164E+02
 -4.47797168E+03  9.82730408E+01 -3.22109692E+03  6.86267090E+01 -7.55247253E+02
  1.13422441E+01  3.32739673E+03 -8.13439636E+01  9.74778320E+03 -2.24069397E+02
  1.97784160E+04 -4.48366180E+02  5.00639250E+05 -9.81843164E+03  4.22662625E+05
 -8.83037891E+03  2.94775844E+05 -6.85451904E+03  1.54784969E+05 -3.98994067E+03
  6.72849453E+04 -1.61479712E+03  3.61198984E+04 -8.19853088E+02 -4.14882666E+03
  9.18381500E+01 -2.99093262E+03  6.43079300E+01 -7.16296326E+02  1.11368694E+01
  3.05717896E+03 -7.47725067E+01  9.00219824E+03 -2.06651199E+02  1.82863613E+04
 -4.13562653E+02  4.67735281E+05 -9.18549902E+03  3.93142000E+05 -8.22050391E+03
  2.71969656E+05 -6.31990527E+03  1.41595438E+05 -3.63100513E+03  6.19367305E+04
 -1.47540356E+03  3.33919609E+04 -7.56028931E+02 -3.84116553E+03  8.58647690E+01
 -2.77522363E+03  6.02788849E+01 -6.78143677E+02  1.08836966E+01  2.80865601E+03
 -6.88089294E+01  8.31435449E+03 -1.90710678E+02  1.69099180E+04 -3.81576630E+02
  4.36954438E+05 -8.59221875E+03  3.65661500E+05 -7.65203076E+03  2.50941844E+05
 -5.82719482E+03  1.29589367E+05 -3.30607739E+03  5.70473555E+04 -1.34960754E+03
  3.08759844E+04 -6.97396362E+02 -3.55343677E+03  8.03258667E+01 -2.57298975E+03
  5.65259209E+01 -6.40932617E+02  1.05951996E+01  2.57981787E+03 -6.33990059E+01
  7.67934766E+03 -1.76128220E+02  1.56397480E+04 -3.52166595E+02  4.08163625E+05
 -8.03619385E+03  3.40082562E+05 -7.12220459E+03  2.31553094E+05 -5.37308301E+03
  1.18654922E+05 -3.01177100E+03  5.25724805E+04 -1.23585278E+03  2.85547871E+04
 -6.43502380E+02 -3.28417871E+03  7.51966171E+01 -2.38329614E+03  5.30365753E+01
 -6.04766052E+02  1.02823076E+01  2.36883154E+03 -5.84945641E+01  7.09265723E+03
 -1.62798218E+02  1.44673135E+04 -3.25114288E+02  3.81237656E+05 -7.51519531E+03
  3.16275750E+05 -6.62847461E+03  2.13674953E+05 -4.95454932E+03  1.08691359E+05
 -2.74506250E+03  4.84727734E+04 -1.13279663E+03  2.64126660E+04 -5.93941589E+02
 -3.03201294E+03  7.04537582E+01 -2.20525122E+03  4.97986374E+01 -5.69712341E+02
  9.95410442E+00  2.17402100E+03 -5.40531731E+01  6.55010986E+03 -1.50627945E+02
  1.33847959E+04 -3.00222687E+02  3.56058812E+05 -7.02711523E+03  2.94120219E+05
 -6.16845068E+03  1.97189109E+05 -4.56880615E+03  9.96078516E+04 -2.50323901E+03
  4.47132344E+04 -1.03927222E+03  2.44352617E+04 -5.48345642E+02 -2.79563940E+03
  6.60755768E+01 -2.03800391E+03  4.68006821E+01 -5.35810364E+02  9.61860180E+00
  1.99384949E+03 -5.00369301E+01  6.04783105E+03 -1.39536621E+02  1.23850234E+04
 -2.77312805E+02  3.32516625E+05 -6.56996289E+03  2.73503156E+05 -5.73989014E+03
  1.81986453E+05 -4.21328125E+03  9.13224922E+04 -2.28386475E+03  4.12626562E+04
 -9.54262085E+02  2.26094258E+04 -5.06380493E+02 -2.57382983E+03  6.20422516E+01
 -1.88074170E+03  4.40321007E+01 -5.03073029E+02  9.28275681E+00  1.82690259E+03
 -4.64125710E+01  5.58220557E+03 -1.29455338E+02  1.14614141E+04 -2.56224060E+02
  3.10507219E+05 -6.14188184E+03  2.54319156E+05 -5.34071680E+03  1.67966469E+05
 -3.88562109E+03  8.37613750E+04 -2.08475977E+03  3.80931094E+04 -8.76879822E+02
  2.09231113E+04 -4.67744385E+02 -2.36542261E+03  5.83345108E+01 -1.73268799E+03
  4.14824677E+01 -4.71491028E+02  8.95255280E+00  1.67187634E+03 -4.31499557E+01
  5.14984180E+03 -1.20324280E+02  1.06079209E+04 -2.36807480E+02  2.89933031E+05
 -5.74102002E+03  2.36470016E+05 -4.96889844E+03  1.55036516E+05 -3.58359033E+03
  7.68577656E+04 -1.90393286E+03  3.51795703E+04 -8.06333923E+02  1.93652832E+04
 -4.32155853E+02 -2.16931909E+03  5.49362183E+01 -1.59309961E+03  3.91432228E+01
 -4.41034912E+02  8.63361168E+00  1.52756262E+03 -4.02236099E+01  4.74752979E+03
 -1.12098122E+02  9.81897852E+03 -2.18936371E+02  2.70702625E+05 -5.36578174E+03
  2.19864062E+05 -4.62266455E+03  1.43111297E+05 -3.30522388E+03  7.05514453E+04
 -1.73964355E+03  3.24995508E+04 -7.41948914E+02  1.79258105E+04 -3.99369354E+02
 -1.98447424E+03  5.18316803E+01 -1.46126257E+03  3.70059891E+01 -4.11656891E+02
  8.33092403E+00  1.39283740E+03 -3.76104660E+01  4.37220117E+03 -1.04740616E+02
  9.08943457E+03 -2.02496109E+02  2.52730078E+05 -5.01456348E+03  2.04415734E+05
 -4.30027051E+03  1.32112109E+05 -3.04864697E+03  6.47879219E+04 -1.59029468E+03
  3.00327910E+04 -6.83114807E+02  1.65954023E+04 -3.69154236E+02 -1.80989514E+03
  4.90072327E+01 -1.33648950E+03  3.50637589E+01 -3.83291931E+02  8.04953575E+00
  1.26665161E+03 -3.52902946E+01  4.02089087E+03 -9.82277985E+01  8.41450391E+03
 -1.87390854E+02  2.35934734E+05 -4.68587793E+03  1.90045250E+05 -4.00010840E+03
  1.21966469E+05 -2.81214795E+03  5.95179648E+04 -1.45445715E+03  2.77610039E+04
 -6.29295837E+02  1.53655088E+04 -3.41302521E+02 -1.64463281E+03  4.64508362E+01
 -1.21811548E+03  3.33106003E+01 -3.55857666E+02  7.79446983E+00  1.14802124E+03
 -3.32454491E+01  3.69069727E+03 -9.25482025E+01  7.78969629E+03 -1.73548065E+02
  2.20240969E+05 -4.37832520E+03  1.76678234E+05 -3.72067432E+03  1.12607617E+05
 -2.59414893E+03  5.46970352E+04 -1.33084521E+03  2.56676602E+04 -5.80016357E+02
  1.42282793E+04 -3.15624542E+02 -1.48777710E+03  4.41520805E+01 -1.10549426E+03
  3.17417107E+01 -3.29254028E+02  7.57087183E+00  1.03602026E+03 -3.14604607E+01
  3.37873438E+03 -8.77040405E+01  7.21071826E+03 -1.60928070E+02  2.05577906E+05
 -4.09058789E+03  1.64245359E+05 -3.46056250E+03  1.03974000E+05 -2.39319678E+03
  5.02848242E+04 -1.21830200E+03  2.37377812E+04 -5.34853760E+02  1.31764873E+04
 -2.91947479E+02 -1.33845020E+03  4.21027946E+01 -9.97992920E+02  3.03542233E+01
 -3.03361633E+02  7.38491535E+00  9.29772949E+02 -2.99213619E+01  3.08208252E+03
 -8.37121811E+01  6.67333398E+03 -1.49540924E+02  1.91879062E+05 -3.82144263E+03
  1.52681938E+05 -3.21847388E+03  9.60089141E+04 -2.20796143E+03  4.62448086E+04
 -1.11578979E+03  2.19577656E+04 -4.93433594E+02  1.22034756E+04 -2.70116302E+02
 -1.19580042E+03  4.02961884E+01 -8.94986877E+02  2.91464005E+01 -2.78038544E+02
  7.24350119E+00  8.28450439E+02 -2.86150074E+01  2.79773950E+03 -8.06044464E+01
  6.17314697E+03 -1.39477386E+02  1.79082141E+05 -3.56967676E+03  1.41927781E+05
 -2.99314307E+03  8.86601250E+04 -2.03718250E+03  4.25439297E+04 -1.02235675E+03
  2.03152500E+04 -4.55414154E+02  1.13031055E+04 -2.49986130E+02 -1.05899329E+03
  3.87292442E+01 -7.95851624E+02  2.81198063E+01 -2.53115326E+02  7.15577078E+00
  7.31267883E+02 -2.75288868E+01  2.52255933E+03 -7.84318924E+01  5.70521826E+03
 -1.30971924E+02  1.67128750E+05 -3.33424438E+03  1.31926766E+05 -2.78346729E+03
  8.18794844E+04 -1.87975293E+03  3.91521914E+04 -9.37172424E+02  1.87989746E+04
 -4.20502716E+02  1.04696992E+04 -2.31434799E+02 -9.27200134E+02  3.74017296E+01
 -6.99953003E+02  2.72788429E+01 -2.28386292E+02  7.13373518E+00  6.37486816E+02
 -2.66485901E+01  2.25318945E+03 -7.72628555E+01  5.26341553E+03 -1.24503082E+02
  1.55964172E+05 -3.11410132E+03  1.22626531E+05 -2.58836646E+03  7.56226172E+04
 -1.73461890E+03  3.60423750E+04 -8.59471802E+02  1.73986445E+04 -3.88431152E+02
  9.69798438E+03 -2.14351089E+02 -7.99584839E+02  3.63184357E+01 -6.06633362E+02
  2.66329346E+01 -2.03596252E+02  7.19439316E+00  5.46424011E+02 -2.59559574E+01
  1.98600793E+03 -7.71844711E+01  4.83926367E+03 -1.20986015E+02  1.45537094E+05
 -2.90828369E+03  1.13978352E+05 -2.40684717E+03  6.98486094E+04 -1.60082043E+03
  3.31897500E+04 -7.88572205E+02  1.61048389E+04 -3.58965118E+02  8.98304199E+03
 -1.98644073E+02 -6.75283081E+02  3.54915314E+01 -5.15190186E+02  2.61991787E+01
 -1.78418137E+02  7.36293983E+00  4.57471771E+02 -2.54245625E+01  1.71706140E+03
 -7.83002548E+01  4.41990283E+03 -1.22112953E+02  1.35799500E+05 -2.71588989E+03
  1.05936789E+05 -2.23798633E+03  6.45197344E+04 -1.47747815E+03  3.05718379E+04
 -7.23863159E+02  1.49088896E+04 -3.31901733E+02  8.32022559E+03 -1.84247345E+02
 -5.53369812E+02  3.49447327E+01 -4.24842346E+02  2.60068741E+01 -1.52415833E+02
  7.67839289E+00  3.70138397E+02 -2.50123730E+01  1.44201794E+03 -8.07234802E+01
  3.98443433E+03 -1.30967010E+02  1.26706336E+05 -2.53607886E+03  9.84595078E+04
 -2.08092920E+03  5.96011953E+04 -1.36378894E+03  2.81681582E+04 -6.64802979E+02
  1.38027783E+04 -3.07072388E+02  7.70506543E+03 -1.71129211E+02 -4.32806732E+02
  3.47214699E+01 -3.34673828E+02  2.61064491E+01 -1.24980026E+02  8.20388222E+00
  2.84123230E+02 -2.46480331E+01  1.15615784E+03 -8.45609131E+01  3.49738599E+03
 -1.53122513E+02  1.18215383E+05 -2.36808032E+03  9.15069609E+04 -1.93489624E+03
  5.50608164E+04 -1.25903137E+03  2.59599707E+04 -6.10921875E+02  1.27789961E+04
 -2.84351990E+02  7.13310791E+03 -1.59313904E+02 -3.12354462E+02  3.48972855E+01
 -2.43539062E+02  2.65832005E+01 -9.52182236E+01  9.04364681E+00  1.99455887E+02
 -2.42071266E+01  8.54449280E+02 -8.98783875E+01  2.89699390E+03 -1.98619293E+02
  1.10287023E+05 -2.21115161E+03  8.50422812E+04 -1.79915027E+03  5.08688320E+04
 -1.16254407E+03  2.39300586E+04 -5.61816467E+02  1.18303818E+04 -2.63668976E+02
  6.59967920E+03 -1.48914597E+02 -1.90420853E+02  3.56057243E+01 -1.49898804E+02
  2.75849724E+01 -6.17623482E+01  1.03748598E+01  1.16744469E+02 -2.34707375E+01
  5.31784851E+02 -9.66389771E+01  2.07417578E+03 -2.85519043E+02  1.02883984E+05
 -2.06468457E+03  7.90309062E+04 -1.67308459E+03  4.69975469E+04 -1.07378955E+03
  2.20624219E+04 -5.17191650E+02  1.09498691E+04 -2.45047867E+02  6.09945947E+03
 -1.40204681E+02 -6.47945862E+01  3.70801353E+01 -5.15315094E+01  2.93681145E+01
 -2.24293575E+01  1.25031328E+01  3.76232224E+01 -2.20487556E+01  1.83535980E+02
 -1.04575180E+02  8.34790710E+02 -4.46271698E+02  9.59710312E+04 -1.92812622E+03
  7.34402578E+04 -1.55616443E+03  4.34209883E+04 -9.92327087E+02  2.03418926E+04
 -4.76869110E+02  1.01300811E+04 -2.28654144E+02  5.62575342E+03 -1.33730820E+02
->       2       0       2    2800                                 <-   00000002
  1.67908832E+08  5.27661800E+06 -7.15948480E+07  1.75414188E+06  1.84134592E+08
  4.15310675E+06 -6.58815560E+07  1.55297000E+06  1.97038528E+08  3.33979100E+06
 -6.07854800E+07  1.39538375E+06  2.07520784E+08  2.74196225E+06 -5.61779280E+07
  1.26924400E+06  2.16208224E+08  2.29464050E+06 -5.19654680E+07  1.16609675E+06
  2.23540064E+08  1.95316900E+06 -4.80793400E+07  1.08002025E+06  2.29826400E+08
  1.68677725E+06 -4.44680480E+07  1.00683419E+06  2.35288240E+08  1.47420075E+06
 -4.10923800E+07  9.43557062E+05  2.40084864E+08  1.30068875E+06 -3.79219520E+07
  8.88042125E+05  2.44332768E+08  1.15595988E+06 -3.49327240E+07  8.38717750E+05
  2.48118416E+08  1.03280906E+06 -3.21053580E+07  7.94419938E+05  2.51507248E+08
  9.26146125E+05 -2.94240460E+07  7.54265188E+05  2.54549760E+08  8.32354125E+05
 -2.68756580E+07  7.17573312E+05  2.57285776E+08  7.48833250E+05 -2.44491760E+07
  6.83806375E+05  2.59747488E+08  6.73701375E+05 -2.21352420E+07  6.52531812E+05
  2.61961376E+08  6.05583438E+05 -1.99258460E+07  6.23391625E+05  2.63950000E+08
  5.43470188E+05 -1.78141400E+07  5.96081062E+05  2.65732752E+08  4.86621219E+05
 -1.57942620E+07  5.70340625E+05  2.67326864E+08  4.34502375E+05 -1.38611700E+07
  5.45935750E+05  2.68748096E+08  3.86750312E+05 -1.20106100E+07  5.22655906E+05
  2.70011136E+08  3.43148031E+05 -1.02390360E+07  5.00300812E+05  2.71130176E+08
  3.03626875E+05 -8.54357400E+06  4.78679844E+05  2.72119552E+08  2.68277875E+05
 -6.92201950E+06  4.57599781E+05  2.72994016E+08  2.37386219E+05 -5.37283600E+06
  4.36859312E+05  2.73769952E+08  2.11488906E+05 -3.89522950E+06  4.16240656E+05
  2.74466016E+08  1.91462531E+05 -2.48918700E+06  3.95489156E+05  2.75104736E+08
  1.78663938E+05 -1.15569850E+06  3.74300219E+05  2.75714496E+08  1.75132219E+05
  1.03099500E+05  3.52293031E+05  2.76332224E+08  1.83890234E+05  1.28354850E+06
  3.28966531E+05  2.77007744E+08  2.09388594E+05  2.37995900E+06  3.03649875E+05
  2.49831792E+08 -1.96994400E+07  1.33425540E+07  2.52424850E+06  1.83947792E+08
 -1.46842360E+07  1.17845790E+07 -4.02608188E+05  1.41072704E+08 -9.75320900E+06
  9.53106100E+06 -5.04311625E+05  1.12817784E+08 -6.60549350E+06  7.88351100E+06
 -3.82189469E+05  9.33738880E+07 -4.67626300E+06  6.70439750E+06 -2.84044688E+05
  7.93152080E+07 -3.47382000E+06  5.82533100E+06 -2.18647562E+05  6.86542560E+07
 -2.69800350E+06  5.13912950E+06 -1.75150609E+05  6.02265880E+07 -2.17523475E+06
  4.58174900E+06 -1.45151703E+05  5.33363360E+07 -1.80589675E+06  4.11467700E+06
 -1.23468641E+05  4.75559960E+07 -1.53248825E+06  3.71414925E+06 -1.07037586E+05
  4.26137040E+07 -1.32138950E+06  3.36496950E+06 -9.40483047E+04  3.83292720E+07
 -1.15256925E+06  3.05698450E+06 -8.34205469E+04  3.45778120E+07 -1.01377638E+06
  2.78308300E+06 -7.44926953E+04  3.12688160E+07 -8.97257750E+05  2.53804400E+06
 -6.68451250E+04  2.83338960E+07 -7.97921625E+05  2.31786175E+06 -6.02034258E+04
  2.57195280E+07 -7.12265000E+05  2.11934975E+06 -5.43756914E+04  2.33825820E+07
 -6.37781938E+05  1.93989850E+06 -4.92266094E+04  2.12875480E+07 -5.72596000E+05
  1.77732312E+06 -4.46508008E+04  1.94046800E+07 -5.15261531E+05  1.62976175E+06
 -4.05688125E+04  1.77087520E+07 -4.64621781E+05  1.49561125E+06 -3.69138320E+04
  1.61781820E+07 -4.19742938E+05  1.37347912E+06 -3.36327500E+04  1.47943450E+07
 -3.79847812E+05  1.26214450E+06 -3.06804863E+04  1.35411050E+07 -3.44287812E+05
  1.16053375E+06 -2.80181016E+04  1.24044000E+07 -3.12511688E+05  1.06769862E+06
 -2.56124336E+04  1.13719330E+07 -2.84054156E+05  9.82797062E+05 -2.34355664E+04
  1.04329110E+07 -2.58514250E+05  9.05080500E+05 -2.14622891E+04  9.57783300E+06
 -2.35546156E+05  8.33880875E+05 -1.96707363E+04  8.79830800E+06 -2.14853969E+05
  7.68601625E+05 -1.80422070E+04  8.08690700E+06 -1.96179156E+05  7.08706375E+05
 -1.65601094E+04  7.43703750E+06 -1.79297891E+05  6.53714500E+05 -1.52092793E+04
  6.84283050E+06 -1.64013469E+05  6.03193312E+05 -1.39772510E+04  6.29905650E+06
 -1.50155703E+05  5.56752312E+05 -1.28520303E+04  5.80103800E+06 -1.37574625E+05
  5.14038875E+05 -1.18235850E+04  5.34458450E+06 -1.26137312E+05  4.74734312E+05
 -1.08826289E+04  4.92594050E+06 -1.15728305E+05  4.38549469E+05 -1.00211348E+04
  4.54172450E+06 -1.06244367E+05  4.05222125E+05 -9.23174512E+03  4.18889300E+06
 -9.75943828E+04  3.74514125E+05 -8.50786133E+03  3.86470025E+06 -8.96973906E+04
  3.46208688E+05 -7.84369043E+03  3.56666350E+06 -8.24816328E+04  3.20108594E+05
 -7.23390283E+03  3.29253950E+06 -7.58818203E+04  2.96033688E+05 -6.67359375E+03
  3.04029275E+06 -6.98416406E+04  2.73820062E+05 -6.15860449E+03  2.80807675E+06
 -6.43092812E+04  2.53317750E+05 -5.68499707E+03  2.59421300E+06 -5.92384766E+04
  2.34389375E+05 -5.24926465E+03  2.39717600E+06 -5.45877617E+04  2.16909672E+05
 -4.84814648E+03  2.21557725E+06 -5.03198359E+04  2.00763719E+05 -4.47874121E+03
  2.04814925E+06 -4.64012109E+04  1.85846156E+05 -4.13842041E+03  1.89373612E+06
 -4.28008789E+04  1.72060594E+05 -3.82479883E+03  1.75128375E+06 -3.94918945E+04
  1.59318438E+05 -3.53564258E+03  1.61982700E+06 -3.64492266E+04  1.47538281E+05
 -3.26894482E+03  1.49848388E+06 -3.36503516E+04  1.36645547E+05 -3.02287524E+03
  1.38644612E+06 -3.10748105E+04  1.26571570E+05 -2.79581543E+03  1.28297400E+06
 -2.87040781E+04  1.17253250E+05 -2.58612476E+03  1.18738888E+06 -2.65215508E+04
  1.08632523E+05 -2.39244287E+03  1.09906825E+06 -2.45117148E+04  1.00656086E+05
 -2.21343872E+03  1.01744038E+06 -2.26611875E+04  9.32747344E+04 -2.04793835E+03
  9.41980500E+05 -2.09576250E+04  8.64432578E+04 -1.89472607E+03  8.72204875E+05
 -1.93901582E+04  8.01200078E+04 -1.75278503E+03  8.07668812E+05 -1.79492441E+04
  7.42666406E+04 -1.62106360E+03  7.47962562E+05 -1.66268848E+04  6.88478750E+04
 -1.49848535E+03  6.92706438E+05 -1.54168027E+04  6.38312578E+04 -1.38404639E+03
  6.41550000E+05 -1.43144678E+04  5.91870352E+04 -1.27653906E+03  5.94165875E+05
 -1.33184707E+04  5.48879414E+04 -1.17463623E+03  5.50246500E+05 -1.24310645E+04
  5.09092656E+04 -1.07651025E+03  5.09497562E+05 -1.16611094E+04  4.72289570E+04
 -9.79324341E+02  4.71629750E+05 -1.10299883E+04  4.38283984E+04 -8.77472046E+02
  4.36340031E+05 -1.05878486E+04  4.06950156E+04 -7.56963135E+02  4.03271625E+05
 -1.04672793E+04  3.78338359E+04 -5.71940247E+02  3.71871781E+05 -1.11113643E+04
  3.53363203E+04 -1.20861740E+02  3.40603688E+05 -1.45577012E+04  3.39000078E+04
  1.78790417E+03  3.00913688E+05 -3.36912656E+04  3.94400156E+04  1.41507334E+04
  1.31621096E+08 -4.69954961E+04  1.32119744E+08 -3.56939727E+04  1.32838000E+08
 -1.33648330E+04  1.33416600E+08  2.39367754E+04  1.33206792E+08  8.34359375E+04
  1.31080200E+08  1.79138125E+05  2.94928325E+06  1.69207562E+06  3.21065650E+06
  1.84065138E+06  3.78558625E+06  2.16672675E+06  4.97819350E+06  2.83986675E+06
  7.91195550E+06  4.47681800E+06  2.17013880E+07  1.17903550E+07  1.31444368E+08
 -5.49172734E+04  1.31981048E+08 -4.42494648E+04  1.32774488E+08 -2.31529238E+04
  1.33478736E+08  1.21215078E+04  1.33469328E+08  6.83905312E+04  1.31664216E+08
  1.58518906E+05  8.70044700E+06  1.62859638E+06  9.45280900E+06  1.76363762E+06
  1.10978990E+07  2.05584675E+06  1.44673570E+07  2.64098275E+06  2.25105020E+07
  3.96221900E+06  5.57551920E+07  8.10512750E+06  1.31241376E+08 -6.21801367E+04
  1.31813984E+08 -5.21000625E+04  1.32678512E+08 -3.21425859E+04  1.33501696E+08
  1.27381384E+03  1.33682112E+08  5.46433125E+04  1.32181200E+08  1.40291141E+05
  1.42343080E+07  1.56665225E+06  1.54322590E+07  1.68901138E+06  1.80345640E+07
  1.94985638E+06  2.32908900E+07  2.45545825E+06  3.54319680E+07  3.50736650E+06
  7.91966720E+07  5.58866500E+06  1.31014200E+08 -6.88976719E+04  1.31620752E+08
 -5.93716016E+04  1.32552536E+08 -4.04858047E+04  1.33488440E+08 -8.81068848E+03
  1.33849032E+08  4.18709883E+04  1.32638112E+08  1.23743156E+05  1.95565080E+07
  1.50641450E+06  2.11575440E+07  1.61690925E+06  2.46125480E+07  1.84875412E+06
  3.14939080E+07  2.28260800E+06  4.68713600E+07  3.10546375E+06  9.53889120E+07
  3.86889550E+06  1.30764584E+08 -7.51438750E+04  1.31403216E+08 -6.61461797E+04
  1.32398648E+08 -4.82822539E+04  1.33441376E+08 -1.82666504E+04  1.33973072E+08
  2.98575664E+04  1.33039872E+08  1.08380234E+05  2.46731280E+07  1.44797138E+06
  2.66375100E+07  1.54738125E+06  3.08486500E+07  1.75244900E+06  3.91190400E+07
  2.12168875E+06  5.70012920E+07  2.75038375E+06  1.06624432E+08  2.69221475E+06
  1.30494080E+08 -8.09641562E+04  1.31163000E+08 -7.24742891E+04  1.32218592E+08
 -5.55933984E+04  1.33362512E+08 -2.71777480E+04  1.34056600E+08  1.84656250E+04
  1.33389968E+08  9.38674922E+04  2.95904640E+07  1.39136000E+06  3.18810860E+07
  1.48042438E+06  3.67592440E+07  1.66079738E+06  4.62063040E+07  1.97194300E+06
  6.59742840E+07  2.43664400E+06  1.14466016E+08  1.88576712E+06  1.30204104E+08
 -8.63853203E+04  1.30901584E+08 -7.83858984E+04  1.32014000E+08 -6.24559922E+04
  1.33253656E+08 -3.55946211E+04  1.34101616E+08  7.60914990E+03  1.33690904E+08
  7.99673516E+04  3.43148680E+07  1.33657975E+06  3.68971160E+07  1.41599825E+06
  4.23601600E+07  1.57362200E+06  5.27930960E+07  1.83262075E+06  7.39249200E+07
  2.15935750E+06  1.19979088E+08  1.33173275E+06  1.29896032E+08 -9.14197734E+04
  1.30620384E+08 -8.38949609E+04  1.31786376E+08 -6.88873594E+04  1.33116448E+08
 -4.35416484E+04  1.34109880E+08 -2.75680518E+03  1.33944528E+08  6.65256406E+04
  3.88526480E+07  1.28360488E+06  4.16942560E+07  1.35403700E+06  4.76665600E+07
  1.49072512E+06  5.89142640E+07  1.70299175E+06  8.09718000E+07  1.91418075E+06
  1.23890040E+08  9.49795812E+05  1.29571168E+08 -9.60715703E+04  1.30320800E+08
 -8.90061797E+04  1.31537224E+08 -7.48934922E+04  1.32952520E+08 -5.10275234E+04
  1.34083056E+08 -1.26515215E+04  1.34152200E+08  5.34280703E+04  4.32099840E+07
  1.23239625E+06  4.62809160E+07  1.29446288E+06  5.26929160E+07  1.41190388E+06
  6.46021600E+07  1.58236188E+06  8.72193760E+07  1.69727100E+06  1.26694152E+08
  6.85216375E+05  1.29230872E+08 -1.00336844E+05  1.30004200E+08 -9.37153906E+04
  1.31268000E+08 -8.04695703E+04  1.32763464E+08 -5.80461094E+04  1.34022784E+08
 -2.20702441E+04  1.34315008E+08  4.06073633E+04  4.73929160E+07  1.18290275E+06
  5.06652120E+07  1.23718762E+06  5.74529800E+07  1.33695062E+06  6.98868080E+07
  1.47007112E+06  9.27595360E+07  1.50522775E+06  1.28729200E+08  5.00672625E+05
  1.28876472E+08 -1.04207898E+05  1.29672000E+08 -9.80140469E+04  1.30980216E+08
 -8.56050469E+04  1.32550920E+08 -6.45828633E+04  1.33930728E+08 -3.09928145E+04
  1.34433808E+08  2.80171523E+04  5.14072960E+07  1.13507125E+06  5.48549560E+07
  1.18212250E+06  6.19598160E+07  1.26566488E+06  7.47960320E+07  1.36550362E+06
  9.76731360E+07  1.33505525E+06  1.30225576E+08  3.70726906E+05  1.28509368E+08
 -1.07673031E+05  1.29325624E+08 -1.01889164E+05  1.30675440E+08 -9.02839453E+04
  1.32316600E+08 -7.06153203E+04  1.33808672E+08 -3.93851328E+04  1.34509344E+08
  1.56298037E+04  5.52587680E+07  1.08883975E+06  5.88576360E+07  1.12917162E+06
  6.62257680E+07  1.19784538E+06  7.93555440E+07  1.26807750E+06  1.02031248E+08
  1.18410700E+06  1.31340440E+08  2.78038188E+05  1.28130976E+08 -1.10717008E+05
  1.28966592E+08 -1.05323625E+05  1.30355264E+08 -9.44848828E+04  1.32062304E+08
 -7.61127734E+04  1.33658536E+08 -4.71964961E+04  1.34542336E+08  3.44952759E+03
  5.89527800E+07  1.04415000E+06  6.26804200E+07  1.07824450E+06  7.02625120E+07
  1.13330312E+06  8.35891520E+07  1.17725512E+06  1.05896368E+08  1.05005600E+06
  1.32181064E+08  2.10774875E+05  1.27742800E+08 -1.13323172E+05  1.28596456E+08
 -1.08298680E+05  1.30021408E+08 -9.81841797E+04  1.31789928E+08 -8.10405625E+04
  1.33482416E+08 -5.43668867E+04  1.34533504E+08 -8.51030176E+03  6.24945600E+07
  1.00093950E+06  6.63301640E+07  1.02924781E+06  7.40810880E+07  1.07185250E+06
  8.75188480E+07  1.09253300E+06  1.09323384E+08  9.30851812E+05  1.32820664E+08
  1.60877562E+05  1.27346376E+08 -1.15472922E+05  1.28216840E+08 -1.10793242E+05
  1.29675640E+08 -1.01354930E+05  1.31501536E+08 -8.53585391E+04  1.33282688E+08
 -6.08230977E+04  1.34483680E+08 -2.02115352E+04  6.58891320E+07  9.59148875E+05
  6.98133840E+07  9.82093938E+05  7.76918960E+07  1.01331950E+06  9.11649440E+07
  1.01344638E+06  1.12360552E+08  8.24693562E+05  1.33309272E+08  1.22848219E+05
  1.26943328E+08 -1.17145828E+05  1.27829440E+08 -1.12784094E+05  1.29319848E+08
 -1.03967234E+05  1.31199312E+08 -8.90212109E+04  1.33061952E+08 -6.64780859E+04
  1.34393856E+08 -3.15833516E+04  6.91413040E+07  9.18719125E+05  7.31363360E+07
  9.36696375E+05  8.11047520E+07  9.57537562E+05  9.45462160E+07  9.39564000E+05
  1.15050256E+08  7.29996688E+05  1.33681096E+08  9.29362891E+04  1.26535344E+08
 -1.18319039E+05  1.27436056E+08 -1.14245125E+05  1.28956016E+08 -1.05987289E+05
  1.30885592E+08 -9.19765312E+04  1.32823160E+08 -7.12281641E+04  1.34265376E+08
 -4.25069062E+04  7.22557120E+07  8.79591625E+05  7.63049440E+07  8.92971125E+05
  8.43289040E+07  9.04347500E+05  9.76799840E+07  8.70484938E+05  1.17429728E+08
  6.45366125E+05  1.33959520E+08  6.85768750E+04  1.26124192E+08 -1.18970648E+05
  1.27038560E+08 -1.15151062E+05  1.28586264E+08 -1.07381688E+05  1.30562952E+08
 -9.41711953E+04  1.32569640E+08 -7.49599844E+04  1.34100040E+08 -5.28230703E+04
  7.52367360E+07  8.41712062E+05  7.93248640E+07  8.50839625E+05  8.73730800E+07
  8.53601188E+05  1.00582240E+08  8.05842188E+05  1.19531696E+08  5.69581938E+05
  1.34160600E+08  4.80344062E+04  1.25711728E+08 -1.19075336E+05  1.26638944E+08
 -1.15472766E+05  1.28212824E+08 -1.08111859E+05  1.30234112E+08 -9.55433672E+04
  1.32305152E+08 -7.75377344E+04  1.33900400E+08 -6.22735742E+04  7.80886320E+07
  8.05024625E+05  8.22014800E+07  8.10223562E+05  9.02454800E+07  8.05155375E+05
  1.03267744E+08  7.45292375E+05  1.21384880E+08  5.01567094E+05  1.34295328E+08
  3.01122891E+04  1.25299880E+08 -1.18607320E+05  1.26239256E+08 -1.15180258E+05
  1.27838056E+08 -1.08137508E+05  1.29902032E+08 -9.60265469E+04  1.32033960E+08
 -7.88069375E+04  1.33670032E+08 -7.04802344E+04  8.08154320E+07  7.69480188E+05
  8.49399280E+07  7.71052500E+05  9.29538560E+07  7.58879250E+05  1.05750136E+08
  6.88522500E+05  1.23014528E+08  4.40378469E+05  1.34371280E+08  1.39940801E+04
  1.24890680E+08 -1.17539211E+05  1.25841688E+08 -1.14241586E+05  1.27464480E+08
 -1.07415547E+05  1.29569928E+08 -9.55486016E+04  1.31760872E+08 -7.85920469E+04
  1.33414152E+08 -7.68891719E+04  8.34210080E+07  7.35025438E+05  8.75450720E+07
  7.33253062E+05  9.55055040E+07  7.14643500E+05  1.08041992E+08  6.35238750E+05
  1.24442832E+08  3.85185656E+05  1.34393728E+08 -8.72749451E+02  1.24486272E+08
 -1.15843016E+05  1.25448552E+08 -1.12623914E+05  1.27094776E+08 -1.05900781E+05
  1.29241256E+08 -9.40317734E+04  1.31491400E+08 -7.66932266E+04  1.33140328E+08
 -8.06858594E+04  8.59090400E+07  7.01613750E+05  9.00215520E+07  6.96759875E+05
  9.79072800E+07  6.72330500E+05  1.10154912E+08  5.85173625E+05  1.25689256E+08
  3.35262125E+05  1.34366240E+08 -1.48658115E+04  1.24088864E+08 -1.13488820E+05
  1.25062240E+08 -1.10291977E+05  1.26731760E+08 -1.03544453E+05  1.28919752E+08
 -9.13907812E+04  1.31231736E+08 -7.28812109E+04  1.32859528E+08 -8.06678594E+04
  8.82830800E+07  6.69198562E+05  9.23738000E+07  6.61508750E+05  1.00165640E+08
  6.31827750E+05  1.12099624E+08  5.38078875E+05  1.26770928E+08  2.89968125E+05
  1.34291424E+08 -2.82471152E+04  1.23700792E+08 -1.10445938E+05  1.24685296E+08
 -1.07209391E+05  1.26378432E+08 -1.00295562E+05  1.28609480E+08 -8.75342344E+04
  1.30988968E+08 -6.68963750E+04  1.32587840E+08 -7.50739141E+04  9.05464800E+07
  6.37734875E+05  9.46059840E+07  6.27438500E+05  1.02286672E+08  5.93029250E+05
  1.13886000E+08  4.93725281E+05  1.27702904E+08  2.48743422E+05  1.34171048E+08
 -4.11902266E+04  1.23324504E+08 -1.06683516E+05  1.24320384E+08 -1.03339172E+05
  1.26037976E+08 -9.61012734E+04  1.28314816E+08 -8.23644375E+04  1.30771112E+08
 -5.84447617E+04  1.32348768E+08 -6.13208008E+04  9.27024960E+07  6.07183812E+05
  9.67221200E+07  5.94494438E+05  1.04276120E+08  5.55838750E+05  1.15523176E+08
  4.51905281E+05  1.28498416E+08  2.11098531E+05  1.34006416E+08 -5.38114609E+04
  1.22962536E+08 -1.02168703E+05  1.23970288E+08 -9.86419141E+04  1.25713776E+08
 -9.09050078E+04  1.28040480E+08 -7.57752812E+04  1.30587280E+08 -4.71914727E+04
  1.32176720E+08 -3.56144922E+04  9.47541840E+07  5.77502688E+05  9.87260000E+07
  5.62619625E+05  1.06139384E+08  5.20161062E+05  1.17019592E+08  4.12423312E+05
  1.29169072E+08  1.76602578E+05  1.33798504E+08 -6.61882422E+04  1.22617560E+08
 -9.68685156E+04  1.23637968E+08 -9.30775938E+04  1.25409392E+08 -8.46481328E+04
  1.27791600E+08 -6.76532266E+04  1.30447832E+08 -3.27566777E+04  1.32122128E+08
  7.61601318E+03  9.67045040E+07  5.48654438E+05  1.00621240E+08  5.31763625E+05
  1.07881552E+08  4.85910031E+05  1.18383024E+08  3.75102219E+05  1.29725144E+08
  1.44879109E+05  1.33548072E+08 -7.83718047E+04  1.22292352E+08 -9.07512656E+04
  1.23326480E+08 -8.66071562E+04  1.25128608E+08 -7.72719453E+04  1.27573680E+08
 -5.78798789E+04  1.30364504E+08 -1.47152246E+04  1.32258952E+08  7.65313203E+04
  9.85562960E+07  5.20605031E+05  1.02411288E+08  5.01879844E+05  1.09507424E+08
  4.53006656E+05  1.19620688E+08  3.39781938E+05  1.30175656E+08  1.15604172E+05
  1.33255744E+08 -9.03793359E+04  1.21989800E+08 -8.37845703E+04  1.23039032E+08
 -7.91903906E+04  1.24875408E+08 -6.87148984E+04  1.27392648E+08 -4.63278008E+04
  1.30350600E+08  7.41621875E+03  1.32695592E+08  1.83120625E+05  1.00312248E+08
  4.93321531E+05  1.04099440E+08  4.72923719E+05  1.11021544E+08  4.21376438E+05
  1.20739248E+08  3.06314656E+05  1.30528576E+08  8.84931250E+04  1.32922096E+08
 -1.02222359E+05  1.21712888E+08 -7.59395312E+04  1.22778968E+08 -7.07903594E+04
  1.24653976E+08 -5.89178711E+04  1.27254904E+08 -3.28668008E+04  1.30421224E+08
  3.41759844E+04  1.33591056E+08  3.44960000E+05  1.01974976E+08  4.66776062E+05
  1.05688824E+08  4.44856906E+05  1.12428200E+08  3.90953812E+05  1.21744888E+08
  2.74570281E+05  1.30790976E+08  6.33062461E+04  1.32547736E+08 -1.13882164E+05
  1.02777456E+08 -1.00207490E+07  1.03676696E+08 -1.01168830E+07  1.05262688E+08
 -1.02868660E+07  1.07478656E+08 -1.05249090E+07  1.10236544E+08 -1.08207740E+07
  1.13411544E+08 -1.11568310E+07  1.18587800E+08  6.73443375E+05  1.19353024E+08
 -6.90716938E+05  1.20329896E+08 -3.16611150E+06  1.20755792E+08 -6.52409750E+06
  1.19626824E+08 -9.67179300E+06  1.16807672E+08 -1.09817740E+07  7.53024240E+07
 -6.20373850E+06  7.59340400E+07 -6.26311350E+06  7.70455440E+07 -6.36830050E+06
  7.85934800E+07 -6.51622400E+06  8.05122080E+07 -6.70169950E+06  8.27120000E+07
 -6.91648000E+06  9.31392960E+07 -7.01990450E+06  9.23457120E+07 -6.93601650E+06
  9.09827680E+07 -6.76952700E+06  8.92188000E+07 -6.60209800E+06  8.72470240E+07
 -6.65612500E+06  8.50546080E+07 -6.78756400E+06  5.79698120E+07 -4.00166000E+06
  5.84375120E+07 -4.03864700E+06  5.92586320E+07 -4.10410725E+06  6.03980440E+07
 -4.19604650E+06  6.18038080E+07 -4.31122000E+06  6.34066840E+07 -4.44470050E+06
  7.14397040E+07 -5.08430400E+06  7.08230720E+07 -5.01804600E+06  6.97677440E+07
 -4.89205450E+06  6.83682800E+07 -4.70067000E+06  6.67713280E+07 -4.49217700E+06
  6.51023920E+07 -4.33966800E+06  4.65472240E+07 -2.70505600E+06  4.69113880E+07
 -2.72895975E+06  4.75493800E+07 -2.77118600E+06  4.84318200E+07 -2.83033000E+06
  4.95158960E+07 -2.90417225E+06  5.07456520E+07 -2.98945800E+06  5.68502040E+07
 -3.43768650E+06  5.63919520E+07 -3.40042625E+06  5.56083560E+07 -3.33430125E+06
  5.45620720E+07 -3.23526075E+06  5.33378480E+07 -3.09341900E+06  5.20392800E+07
 -2.90856425E+06  3.86426080E+07 -1.92251575E+06  3.89384280E+07 -1.93871588E+06
  3.94558120E+07 -1.96727025E+06  4.01695440E+07 -2.00713012E+06  4.10432960E+07
 -2.05668175E+06  4.20302560E+07 -2.11363225E+06  4.68626120E+07 -2.41128125E+06
  4.65050440E+07 -2.38795025E+06  4.58928720E+07 -2.34792175E+06  4.50739400E+07
 -2.29189500E+06  4.41076440E+07 -2.20982600E+06  4.30642560E+07 -2.05489225E+06
  3.28911860E+07 -1.43494262E+06  3.31395620E+07 -1.44650750E+06  3.35734040E+07
 -1.46684400E+06  3.41706920E+07 -1.49513200E+06  3.48999480E+07 -1.53013638E+06
  3.57210000E+07 -1.57015188E+06  3.96963440E+07 -1.77567162E+06  3.94051360E+07
 -1.75991450E+06  3.89056640E+07 -1.73309350E+06  3.82361040E+07 -1.69692788E+06
  3.74437320E+07 -1.64740512E+06  3.65789880E+07 -1.52975950E+06  2.85051520E+07
 -1.11898650E+06  2.87188200E+07 -1.12767388E+06  2.90916920E+07 -1.14291712E+06
  2.96042980E+07 -1.16404950E+06  3.02289480E+07 -1.19008525E+06  3.09305700E+07
 -1.21969500E+06  3.42997960E+07 -1.36904975E+06  3.40547760E+07 -1.35777188E+06
  3.36338480E+07 -1.33856350E+06  3.30684020E+07 -1.31295062E+06  3.23980040E+07
 -1.28020250E+06  3.16627020E+07 -1.19352150E+06  2.50223560E+07 -9.04807938E+05
  2.52093660E+07 -9.11637000E+05  2.55355020E+07 -9.23597375E+05  2.59834020E+07
 -9.40131000E+05  2.65284560E+07 -9.60424062E+05  2.71396500E+07 -9.83399750E+05
  3.00576620E+07 -1.09743850E+06  2.98465420E+07 -1.08893838E+06  2.94834140E+07
 -1.07442575E+06  2.89947920E+07 -1.05508500E+06  2.84145740E+07 -1.03139694E+06
  2.77770060E+07 -9.67749562E+05  2.21656420E+07 -7.52558688E+05  2.23313000E+07
 -7.58130938E+05  2.26200700E+07 -7.67875750E+05  2.30163660E+07 -7.81315875E+05
  2.34981700E+07 -7.97762062E+05  2.40378020E+07 -8.16316062E+05  2.66038560E+07
 -9.07199188E+05  2.64188600E+07 -9.00497500E+05  2.61003920E+07 -8.89028000E+05
  2.56713220E+07 -8.73706375E+05  2.51611640E+07 -8.55328750E+05  2.46004280E+07
 -8.08179500E+05  1.97639000E+07 -6.39243750E+05  1.99118820E+07 -6.43923000E+05
  2.01697520E+07 -6.52096875E+05  2.05234700E+07 -6.63351062E+05  2.09532200E+07
 -6.77091125E+05  2.14341560E+07 -6.92550875E+05  2.37147800E+07 -7.67509500E+05
  2.35507620E+07 -7.62027938E+05  2.32682340E+07 -7.52628688E+05  2.28872440E+07
 -7.40040438E+05  2.24337940E+07 -7.25062750E+05  2.19356060E+07 -6.89610125E+05
  1.77076400E+07 -5.51388188E+05  1.78406160E+07 -5.55401500E+05  1.80722860E+07
 -5.62406375E+05  1.83899480E+07 -5.72038938E+05  1.87757060E+07 -5.83779750E+05
  1.92071620E+07 -5.96964625E+05  2.12491980E+07 -6.60414062E+05  2.11025860E+07
 -6.55802688E+05  2.08499280E+07 -6.47884062E+05  2.05089920E+07 -6.37255625E+05
  2.01029160E+07 -6.24637875E+05  1.96570820E+07 -5.97498750E+05  1.59238000E+07
 -4.80926375E+05  1.60438050E+07 -4.84421156E+05  1.62528400E+07 -4.90517469E+05
  1.65393910E+07 -4.98893156E+05  1.68872460E+07 -5.09089938E+05  1.72761460E+07
 -5.20525375E+05  1.91142260E+07 -5.75258625E+05  1.89824120E+07 -5.71298562E+05
  1.87551820E+07 -5.64490438E+05  1.84484080E+07 -5.55337875E+05  1.80828240E+07
 -5.44470188E+05  1.76817540E+07 -5.23292469E+05  1.43613910E+07 -4.22897156E+05
  1.44700370E+07 -4.25973531E+05  1.46592630E+07 -4.31337844E+05  1.49186040E+07
 -4.38703031E+05  1.52333470E+07 -4.47662156E+05  1.55851090E+07 -4.57699938E+05
  1.72460020E+07 -5.05558062E+05  1.71269940E+07 -5.02106188E+05  1.69217880E+07
 -4.96167531E+05  1.66446460E+07 -4.88173500E+05  1.63142470E+07 -4.78672969E+05
  1.59520430E+07 -4.61823500E+05  1.29832120E+07 -3.74139844E+05  1.30818200E+07
 -3.76869062E+05  1.32535430E+07 -3.81626562E+05  1.34888600E+07 -3.88155594E+05
  1.37743840E+07 -3.96092688E+05  1.40934110E+07 -4.04979375E+05  1.55985830E+07
 -4.47231719E+05  1.54907980E+07 -4.44190906E+05  1.53049090E+07 -4.38956156E+05
  1.50537800E+07 -4.31903875E+05  1.47543140E+07 -4.23513906E+05  1.44262370E+07
 -4.09853312E+05  1.17610040E+07 -3.32561469E+05  1.18506800E+07 -3.34996594E+05
  1.20068350E+07 -3.39240500E+05  1.22207900E+07 -3.45062688E+05  1.24803490E+07
 -3.52137312E+05  1.27703030E+07 -3.60054406E+05  1.41374870E+07 -3.97620156E+05
  1.40396280E+07 -3.94921000E+05  1.38708280E+07 -3.90272281E+05  1.36427360E+07
 -3.84004938E+05  1.33706920E+07 -3.76542500E+05  1.30728250E+07 -3.65269219E+05
  1.06725510E+07 -2.96715062E+05  1.07542400E+07 -2.98897156E+05  1.08964770E+07
 -3.02699375E+05  1.10913390E+07 -3.07914219E+05  1.13277030E+07 -3.14248594E+05
  1.15916980E+07 -3.21334438E+05  1.28358670E+07 -3.54905750E+05  1.27468430E+07
 -3.52496375E+05  1.25932640E+07 -3.48345469E+05  1.23856990E+07 -3.42745906E+05
  1.21381080E+07 -3.36074031E+05  1.18671490E+07 -3.26619219E+05  9.69989800E+06
 -2.65555312E+05  9.77441700E+06 -2.67517312E+05  9.90416200E+06 -2.70935531E+05
  1.00818940E+07 -2.75622688E+05  1.02974490E+07 -2.81314594E+05  1.05381700E+07
 -2.87679875E+05  1.16721740E+07 -3.17801906E+05  1.15910550E+07 -3.15642000E+05
  1.14510960E+07 -3.11919938E+05  1.12619070E+07 -3.06896625E+05  1.10362240E+07
 -3.00907719E+05  1.07893400E+07 -2.92862062E+05  8.82822700E+06 -2.38299391E+05
  8.89629200E+06 -2.40068328E+05  9.01479100E+06 -2.43149828E+05  9.17710300E+06
 -2.47374484E+05  9.37393600E+06 -2.52503500E+05  9.59371900E+06 -2.58237828E+05
  1.06287180E+07 -2.85349000E+05  1.05546970E+07 -2.83406375E+05  1.04269700E+07
 -2.80057812E+05  1.02542950E+07 -2.75536906E+05  1.00483050E+07 -2.70144812E+05
  9.82304200E+06 -2.63211344E+05  8.04510900E+06 -2.14339109E+05  8.10734700E+06
 -2.15937672E+05  8.21569550E+06 -2.18722109E+05  8.36409450E+06 -2.22538938E+05
  8.54403600E+06 -2.27171922E+05  8.74493200E+06 -2.32350641E+05  9.69070400E+06
 -2.56815797E+05  9.62307500E+06 -2.55063750E+05  9.50636800E+06 -2.52043234E+05
  9.34857400E+06 -2.47963844E+05  9.16033900E+06 -2.43096375E+05  8.95454700E+06
 -2.37055734E+05  7.33999900E+06 -1.93189375E+05  7.39696650E+06 -1.94636844E+05
  7.49613450E+06 -1.97157859E+05  7.63194950E+06 -2.00613125E+05  7.79661750E+06
 -2.04806531E+05  7.98044300E+06 -2.09492984E+05  8.84560400E+06 -2.31617906E+05
  8.78374700E+06 -2.30034266E+05  8.67699300E+06 -2.27303391E+05  8.53264100E+06
 -2.23614047E+05  8.36044850E+06 -2.19211125E+05  8.17223700E+06 -2.13899766E+05
  6.70386500E+06 -1.74456594E+05  6.75605500E+06 -1.75769516E+05  6.84690450E+06
 -1.78056062E+05  6.97131800E+06 -1.81189578E+05  7.12215000E+06 -1.84991891E+05
  7.29051200E+06 -1.89240500E+05  8.08270300E+06 -2.09287500E+05  8.02606800E+06
 -2.07853078E+05  7.92832000E+06 -2.05379250E+05  7.79613800E+06 -2.02036234E+05
  7.63847000E+06 -1.98046016E+05  7.46616550E+06 -1.93339469E+05  6.12891800E+06
 -1.57813000E+05  6.17677200E+06 -1.59005812E+05  6.26007000E+06 -1.61082984E+05
  6.37413500E+06 -1.63929266E+05  6.51241050E+06 -1.67382578E+05  6.66674300E+06
 -1.71240672E+05  7.39276050E+06 -1.89435828E+05  7.34085950E+06 -1.88134406E+05
  7.25127700E+06 -1.85889484E+05  7.13013100E+06 -1.82855281E+05  6.98563700E+06
 -1.79233000E+05  6.82775150E+06 -1.75035266E+05  5.60840750E+06 -1.42986078E+05
  5.65231950E+06 -1.44071297E+05  5.72875200E+06 -1.45960969E+05  5.83341100E+06
 -1.48550094E+05  5.96027450E+06 -1.51690984E+05  6.10185900E+06 -1.55199516E+05
  6.76776800E+06 -1.71738828E+05  6.72016650E+06 -1.70556141E+05  6.63799950E+06
 -1.68515875E+05  6.52687800E+06 -1.65757656E+05  6.39435200E+06 -1.62464531E+05
  6.24955850E+06 -1.58700609E+05  5.13645300E+06 -1.29743914E+05  5.17677600E+06
 -1.30732508E+05  5.24695950E+06 -1.32453859E+05  5.34305650E+06 -1.34812094E+05
  5.45953450E+06 -1.37672578E+05  5.58951700E+06 -1.40867359E+05  6.20075100E+06
 -1.55922141E+05  6.15705850E+06 -1.54845859E+05  6.08163600E+06 -1.52988938E+05
  5.97963300E+06 -1.50478062E+05  5.85799500E+06 -1.47480266E+05  5.72510700E+06
 -1.44090375E+05  4.70791350E+06 -1.17890195E+05  4.74496500E+06 -1.18791859E+05
  4.80945250E+06 -1.20361750E+05  4.89774600E+06 -1.22512328E+05  5.00475900E+06
 -1.25120609E+05  5.12417150E+06 -1.28033406E+05  5.68560500E+06 -1.41754844E+05
  5.64547200E+06 -1.40774094E+05  5.57619250E+06 -1.39081781E+05  5.48249550E+06
 -1.36793141E+05  5.37077450E+06 -1.34060703E+05  5.24872700E+06 -1.30996312E+05
  4.31827800E+06 -1.07256641E+05  4.35234400E+06 -1.08079938E+05  4.41163350E+06
 -1.09513320E+05  4.49280700E+06 -1.11476719E+05  4.59118450E+06 -1.13857773E+05
  4.70095400E+06 -1.16516531E+05  5.21697250E+06 -1.29037000E+05  5.18008550E+06
 -1.28142273E+05  5.11640700E+06 -1.26598164E+05  5.03028500E+06 -1.24509781E+05
  4.92760850E+06 -1.22016391E+05  4.81544500E+06 -1.19237906E+05  3.96357725E+06
 -9.76982031E+04  3.99491575E+06 -9.84506953E+04  4.04945725E+06 -9.97607500E+04
  4.12412700E+06 -1.01555109E+05  4.21461800E+06 -1.03730961E+05  4.31558100E+06
 -1.06160305E+05  4.79013700E+06 -1.17596977E+05  4.75621250E+06 -1.16779844E+05
  4.69764750E+06 -1.15369477E+05  4.61844200E+06 -1.13461688E+05  4.52402300E+06
 -1.11184086E+05  4.42088150E+06 -1.08658492E+05  3.64030775E+06 -8.90905234E+04
  3.66915225E+06 -8.97789609E+04  3.71935225E+06 -9.09774453E+04  3.78807550E+06
 -9.26188594E+04  3.87135575E+06 -9.46090703E+04  3.96426875E+06 -9.68309141E+04
  4.40093150E+06 -1.07288164E+05  4.36971500E+06 -1.06541094E+05  4.31582250E+06
 -1.05251562E+05  4.24293850E+06 -1.03506977E+05  4.15606600E+06 -1.01424453E+05
  4.06116800E+06 -9.91238125E+04  3.34536825E+06 -8.13248828E+04  3.37193025E+06
 -8.19552812E+04  3.41815625E+06 -8.30526641E+04  3.48143750E+06 -8.45555391E+04
  3.55811950E+06 -8.63776406E+04  3.64366625E+06 -8.84116406E+04  4.04566525E+06
 -9.79823281E+04  4.01692475E+06 -9.72986016E+04  3.96730700E+06 -9.61184297E+04
  3.90020625E+06 -9.45217109E+04  3.82023700E+06 -9.26157734E+04  3.73287875E+06
 -9.05162422E+04  3.07600800E+06 -7.43080938E+04  3.10047875E+06 -7.48858047E+04
  3.14306475E+06 -7.58914219E+04  3.20136150E+06 -7.72685391E+04  3.27200000E+06
 -7.89380234E+04  3.35080125E+06 -8.08014688E+04  3.72106200E+06 -8.95678047E+04
  3.69458850E+06 -8.89416094E+04  3.64888475E+06 -8.78605703E+04  3.58707900E+06
 -8.63978828E+04  3.51343025E+06 -8.46522188E+04  3.43297475E+06 -8.27333984E+04
  2.82977925E+06 -6.79569609E+04  2.85233300E+06 -6.84867812E+04  2.89158200E+06
 -6.94090078E+04  2.94530900E+06 -7.06718672E+04  3.01040850E+06 -7.22027344E+04
  3.08302675E+06 -7.39113516E+04  3.42420450E+06 -8.19478125E+04  3.39980850E+06
 -8.13738359E+04  3.35769100E+06 -8.03827891E+04  3.30073825E+06 -7.90417969E+04
  3.23288050E+06 -7.74415234E+04  3.15874900E+06 -7.56854453E+04  2.60450150E+06
 -6.22007500E+04  2.62529675E+06 -6.26869961E+04  2.66148475E+06 -6.35333555E+04
  2.71102000E+06 -6.46922578E+04  2.77103775E+06 -6.60970156E+04  2.83798525E+06
 -6.76647656E+04  3.15249225E+06 -7.50371719E+04  3.13000150E+06 -7.45105859E+04
  3.09117275E+06 -7.36014297E+04  3.03867050E+06 -7.23711797E+04  2.97612350E+06
 -7.09032500E+04  2.90779100E+06 -6.92943906E+04  2.39822550E+06 -5.69765430E+04
  2.41740625E+06 -5.74230898E+04  2.45078400E+06 -5.82003203E+04  2.49647100E+06
 -5.92645156E+04  2.55182475E+06 -6.05544141E+04  2.61356700E+06 -6.19938789E+04
  2.90359875E+06 -6.87617734E+04  2.88285600E+06 -6.82784062E+04  2.84704575E+06
 -6.74437734E+04  2.79862775E+06 -6.63142656E+04  2.74095425E+06 -6.49668125E+04
  2.67794275E+06 -6.34913594E+04  2.20920675E+06 -5.22287812E+04  2.22690425E+06
 -5.26391172E+04  2.25770025E+06 -5.33532930E+04  2.29985300E+06 -5.43311211E+04
  2.35092250E+06 -5.55162578E+04  2.40788400E+06 -5.68387266E+04  2.67544000E+06
 -6.30556016E+04  2.65630250E+06 -6.26115703E+04  2.62326425E+06 -6.18448164E+04
  2.57859750E+06 -6.08072383E+04  2.52539825E+06 -5.95695820E+04  2.46727300E+06
 -5.82153086E+04  2.03587988E+06 -4.79091328E+04  2.05221400E+06 -4.82864062E+04
  2.08063738E+06 -4.89430234E+04  2.11954125E+06 -4.98420000E+04  2.16667375E+06
 -5.09315117E+04  2.21924200E+06 -5.21472148E+04  2.46614550E+06 -5.78613516E+04
  2.44848325E+06 -5.74532227E+04  2.41799200E+06 -5.67484297E+04  2.37677225E+06
 -5.57946914E+04  2.32768425E+06 -5.46572148E+04  2.27404825E+06 -5.34131992E+04
  1.87683825E+06 -4.39744844E+04  1.89191850E+06 -4.43215430E+04  1.91815975E+06
 -4.49255508E+04  1.95407612E+06 -4.57524766E+04  1.99758800E+06 -4.67546211E+04
  2.04611638E+06 -4.78727812E+04  2.27403325E+06 -5.31277188E+04  2.25772675E+06
 -5.27523672E+04  2.22957750E+06 -5.21041836E+04  2.19152675E+06 -5.12270312E+04
  2.14621850E+06 -5.01810586E+04  2.09670925E+06 -4.90375430E+04  1.73081512E+06
 -4.03868516E+04  1.74474188E+06 -4.07062695E+04  1.76897550E+06 -4.12621602E+04
  1.80214300E+06 -4.20231836E+04  1.84232388E+06 -4.29454023E+04  1.88713588E+06
 -4.39743516E+04  2.09758675E+06 -4.88093750E+04  2.08252800E+06 -4.84640273E+04
  2.05653325E+06 -4.78675859E+04  2.02139800E+06 -4.70604727E+04  1.97956588E+06
 -4.60981602E+04  1.93385250E+06 -4.50463945E+04  1.59666850E+06 -3.71123203E+04
  1.60953325E+06 -3.74064258E+04  1.63191850E+06 -3.79182695E+04  1.66255588E+06
 -3.86189570E+04  1.69967062E+06 -3.94680352E+04  1.74106188E+06 -4.04153633E+04
  1.93543862E+06 -4.48663008E+04  1.92152800E+06 -4.45483359E+04  1.89751625E+06
 -4.39992070E+04  1.86506425E+06 -4.32561797E+04  1.82643112E+06 -4.23704297E+04
  1.78421100E+06 -4.14024883E+04  1.47336638E+06 -3.41209805E+04  1.48525300E+06
 -3.43919062E+04  1.50593625E+06 -3.48633906E+04  1.53424350E+06 -3.55088164E+04
  1.56853450E+06 -3.62908984E+04  1.60677588E+06 -3.71635078E+04  1.78635212E+06
 -4.12625664E+04  1.77349900E+06 -4.09697422E+04  1.75131300E+06 -4.04639844E+04
  1.72133188E+06 -3.97796641E+04  1.68564375E+06 -3.89640039E+04  1.64664012E+06
 -3.80727812E+04  1.35997588E+06 -3.13856934E+04  1.37096150E+06 -3.16353613E+04
  1.39007625E+06 -3.20698438E+04  1.41623675E+06 -3.26645957E+04  1.44792650E+06
 -3.33852578E+04  1.48326600E+06 -3.41893633E+04  1.64920912E+06 -3.79658477E+04
  1.63732988E+06 -3.76960039E+04  1.61682612E+06 -3.72300156E+04  1.58912100E+06
 -3.65994961E+04  1.55614550E+06 -3.58480938E+04  1.52010438E+06 -3.50271562E+04
  1.25565162E+06 -2.88829082E+04  1.26580638E+06 -2.91130703E+04  1.28347575E+06
 -2.95136074E+04  1.30765762E+06 -3.00618770E+04  1.33695012E+06 -3.07261855E+04
  1.36961512E+06 -3.14674785E+04  1.52299500E+06 -3.49481250E+04  1.51201338E+06
 -3.46994062E+04  1.49305988E+06 -3.42698477E+04  1.46745238E+06 -3.36886797E+04
  1.43697638E+06 -3.29961914E+04  1.40366488E+06 -3.22396484E+04  1.15962600E+06
 -2.65910605E+04  1.16901488E+06 -2.68033164E+04  1.18535162E+06 -2.71726816E+04
  1.20770912E+06 -2.76782695E+04  1.23479125E+06 -2.82908398E+04  1.26499075E+06
 -2.89745176E+04  1.40678900E+06 -3.21836582E+04  1.39663500E+06 -3.19543125E+04
  1.37911075E+06 -3.15581992E+04  1.35543675E+06 -3.10223164E+04  1.32726475E+06
 -3.03838848E+04  1.29646950E+06 -2.96864043E+04  1.07120225E+06 -2.44907930E+04
  1.07988488E+06 -2.46866016E+04  1.09499225E+06 -2.50273359E+04  1.11566725E+06
 -2.54937285E+04  1.14071075E+06 -2.60587910E+04  1.16863650E+06 -2.66896484E+04
  1.29975425E+06 -2.96494180E+04  1.29036350E+06 -2.94378535E+04  1.27415762E+06
 -2.90724570E+04  1.25226675E+06 -2.85781758E+04  1.22621912E+06 -2.79893828E+04
  1.19774450E+06 -2.73461152E+04  9.89747375E+05 -2.25649219E+04  9.97778250E+05
 -2.27456113E+04  1.01175150E+06 -2.30600352E+04  1.03087412E+06 -2.34904043E+04
  1.05403688E+06 -2.40118086E+04  1.07986475E+06 -2.45942109E+04  1.20113000E+06
 -2.73247031E+04  1.19244338E+06 -2.71294766E+04  1.17745350E+06 -2.67923203E+04
  1.15720788E+06 -2.63362578E+04  1.13311975E+06 -2.57930801E+04  1.10678562E+06
 -2.51996348E+04  9.14684438E+05 -2.07979141E+04  9.22113812E+05 -2.09647031E+04
  9.35040375E+05 -2.12549297E+04  9.52730375E+05 -2.16521719E+04  9.74157375E+05
 -2.21334316E+04  9.98049375E+05 -2.26714102E+04  1.11022288E+06 -2.51909629E+04
  1.10218612E+06 -2.50107656E+04  1.08831875E+06 -2.46995547E+04  1.06959112E+06
 -2.42786484E+04  1.04731100E+06 -2.37773965E+04  1.02295206E+06 -2.32297422E+04
  8.45487875E+05 -1.91758496E+04  8.52361875E+05 -1.93298438E+04  8.64322188E+05
 -1.95978105E+04  8.80689625E+05 -1.99645703E+04  9.00514375E+05 -2.04088848E+04
  9.22619375E+05 -2.09061777E+04  1.02640069E+06 -2.32315312E+04  1.01896388E+06
 -2.30651562E+04  1.00613262E+06 -2.27778164E+04  9.88806375E+05 -2.23892344E+04
  9.68194938E+05 -2.19265391E+04  9.45659000E+05 -2.14209902E+04  7.81678188E+05
 -1.76857090E+04  7.88039438E+05 -1.78279297E+04  7.99107438E+05 -1.80754023E+04
  8.14253625E+05 -1.84141113E+04  8.32598938E+05 -1.88244355E+04  8.53053812E+05
 -1.92845879E+04  9.49086688E+05 -2.14310078E+04  9.42203938E+05 -2.12773457E+04
  9.30329375E+05 -2.10119922E+04  9.14297000E+05 -2.06531602E+04  8.95226062E+05
 -2.02259277E+04  8.74373312E+05 -1.97591016E+04  7.22818125E+05 -1.63163789E+04
  7.28705750E+05 -1.64477598E+04  7.38949625E+05 -1.66763652E+04  7.52967812E+05
 -1.69892441E+04  7.69946688E+05 -1.73682676E+04  7.88877500E+05 -1.77946328E+04
  8.77754438E+05 -1.97758691E+04  8.71383312E+05 -1.96339219E+04  8.60392500E+05
 -1.93887988E+04  8.45555125E+05 -1.90573457E+04  8.27906750E+05 -1.86627832E+04
  8.08608500E+05 -1.82316211E+04  6.68507562E+05 -1.50574277E+04  6.73957562E+05
 -1.51788184E+04  6.83440062E+05 -1.53900420E+04  6.96416188E+05 -1.56791270E+04
  7.12132688E+05 -1.60293174E+04  7.29655562E+05 -1.64251426E+04  8.11922125E+05
 -1.82536328E+04  8.06023812E+05 -1.81224688E+04  7.95849375E+05 -1.78959824E+04
  7.82115875E+05 -1.75897695E+04  7.65781562E+05 -1.72252832E+04  7.47919125E+05
 -1.68269707E+04  6.18380562E+05 -1.38994873E+04  6.23426312E+05 -1.40116719E+04
  6.32205188E+05 -1.42068750E+04  6.44218438E+05 -1.44740273E+04  6.58768500E+05
 -1.47976377E+04  6.74990250E+05 -1.51661533E+04  7.51149125E+05 -1.68530625E+04
  7.45687750E+05 -1.67318477E+04  7.36267812E+05 -1.65225293E+04  7.23554188E+05
 -1.62395547E+04  7.08433875E+05 -1.59027832E+04  6.91898062E+05 -1.55347344E+04
  5.72102375E+05 -1.28339336E+04  5.76774375E+05 -1.29376338E+04  5.84903000E+05
 -1.31180693E+04  5.96026188E+05 -1.33650059E+04  6.09498250E+05 -1.36641250E+04
  6.24517438E+05 -1.40087197E+04  6.95031875E+05 -1.55639863E+04  6.89974375E+05
 -1.54519238E+04  6.81251688E+05 -1.52584229E+04  6.69480750E+05 -1.49968867E+04
  6.55482188E+05 -1.46856387E+04  6.40172438E+05 -1.43454648E+04  5.29366500E+05
 -1.18531396E+04  5.33693000E+05 -1.19490117E+04  5.41220500E+05 -1.21158262E+04
  5.51521000E+05 -1.23441211E+04  5.63996438E+05 -1.26206494E+04  5.77903812E+05
 -1.29449385E+04  6.43200938E+05 -1.43769453E+04  6.38516750E+05 -1.42733340E+04
  6.30438812E+05 -1.40944502E+04  6.19539188E+05 -1.38526738E+04  6.06577438E+05
 -1.35649814E+04  5.92400938E+05 -1.32505400E+04  4.89891594E+05 -1.09501104E+04
  4.93898656E+05 -1.10387607E+04  5.00870281E+05 -1.11930098E+04  5.10410156E+05
 -1.14041045E+04  5.21964188E+05 -1.16597881E+04  5.34843438E+05 -1.19678818E+04
  5.95317312E+05 -1.32836846E+04  5.90978312E+05 -1.31878779E+04  5.83496375E+05
 -1.30224482E+04  5.73402312E+05 -1.27989023E+04  5.61399125E+05 -1.25329316E+04
  5.48270312E+05 -1.22422168E+04  4.53419688E+05 -1.01183066E+04  4.57131344E+05
 -1.02002910E+04  4.63589000E+05 -1.03429404E+04  4.72425500E+05 -1.05381533E+04
  4.83127500E+05 -1.07745898E+04  4.95055531E+05 -1.10714072E+04  5.51069812E+05
 -1.22763525E+04  5.47050125E+05 -1.21877246E+04  5.40119500E+05 -1.20347275E+04
  5.30770250E+05 -1.18280000E+04  5.19653281E+05 -1.15820615E+04  5.07493188E+05
 -1.13132373E+04  4.19714125E+05 -9.35199414E+03  4.23152594E+05 -9.42782520E+03
  4.29134844E+05 -9.55976660E+03  4.37320781E+05 -9.74032520E+03  4.47234750E+05
 -9.95900195E+03  4.58282531E+05 -1.02507246E+04  5.10173031E+05 -1.13480625E+04
  5.06448719E+05 -1.12660752E+04  5.00027906E+05 -1.11245508E+04  4.91367531E+05
 -1.09333545E+04  4.81070125E+05 -1.07059102E+04  4.69805875E+05 -1.04572910E+04
  3.88557344E+05 -8.64594336E+03  3.91743062E+05 -8.71609082E+03  3.97285625E+05
 -8.83813965E+03  4.04869750E+05 -9.00515625E+03  4.14054844E+05 -9.20741895E+03
  4.24287688E+05 -9.50205469E+03  4.72364531E+05 -1.04923301E+04  4.68913438E+05
 -1.04164883E+04  4.62964344E+05 -1.02855674E+04  4.54941188E+05 -1.01087148E+04
  4.45401688E+05 -9.89835742E+03  4.34966125E+05 -9.66842285E+03  3.59749031E+05
 -7.99529346E+03  3.62700969E+05 -8.06018750E+03  3.67836719E+05 -8.17309521E+03
  3.74864188E+05 -8.32759570E+03  3.83375000E+05 -8.51469141E+03  3.92852750E+05
 -8.82303125E+03  4.37402969E+05 -9.70347168E+03  4.34204656E+05 -9.63329688E+03
  4.28691906E+05 -9.51216699E+03  4.21258188E+05 -9.34855762E+03  4.12419812E+05
 -9.15397559E+03  4.02750750E+05 -8.94129688E+03  3.33104969E+05 -7.39566943E+03
  3.35840562E+05 -7.45570557E+03  3.40599969E+05 -7.56016064E+03  3.47112406E+05
 -7.70308936E+03  3.54999375E+05 -7.87618359E+03  3.63776875E+05 -8.21306836E+03
  4.05066062E+05 -8.97615723E+03  4.02101719E+05 -8.91121387E+03  3.96992688E+05
 -8.79912500E+03  3.90104312E+05 -8.64776758E+03  3.81914500E+05 -8.46777148E+03
  3.72954594E+05 -8.27105273E+03  3.08455156E+05 -6.84320996E+03  3.10990688E+05
 -6.89875049E+03  3.15401906E+05 -6.99538135E+03  3.21437844E+05 -7.12759570E+03
  3.28747594E+05 -7.28778955E+03  3.36874844E+05 -7.67389697E+03  3.75149250E+05
 -8.30554590E+03  3.72401375E+05 -8.24544531E+03  3.67666000E+05 -8.14174023E+03
  3.61282125E+05 -8.00170850E+03  3.53692344E+05 -7.83521240E+03  3.45388500E+05
 -7.65329004E+03  2.85642438E+05 -6.33438525E+03  2.87992781E+05 -6.38576123E+03
  2.92081875E+05 -6.47514355E+03  2.97676938E+05 -6.59742822E+03  3.04452656E+05
 -6.74588428E+03  3.11974844E+05 -7.21035498E+03  3.47463438E+05 -7.68744873E+03
  3.44915875E+05 -7.63183740E+03  3.40526219E+05 -7.53587500E+03  3.34609156E+05
 -7.40633154E+03  3.27574500E+05 -7.25232715E+03  3.19877656E+05 -7.08411914E+03
  2.64521031E+05 -5.86608447E+03  2.66700156E+05 -5.91359375E+03  2.70491188E+05
 -5.99624512E+03  2.75678469E+05 -6.10930859E+03  2.81959875E+05 -6.24751611E+03
  2.88917562E+05 -6.83149561E+03  3.21833781E+05 -7.11787939E+03  3.19471656E+05
 -7.06643115E+03  3.15401906E+05 -6.97764893E+03  3.09916719E+05 -6.85783203E+03
  3.03395594E+05 -6.71542529E+03  2.96260281E+05 -6.55997754E+03  2.44954938E+05
 -5.43582764E+03  2.46975672E+05 -5.47973535E+03  2.50491172E+05 -5.55611719E+03
  2.55301266E+05 -5.66060547E+03  2.61124938E+05 -5.79121240E+03  2.67553812E+05
 -6.55259131E+03  2.98097906E+05 -6.59367041E+03  2.95907344E+05 -6.54606885E+03
  2.92133531E+05 -6.46397021E+03  2.87047844E+05 -6.35318066E+03  2.81001719E+05
 -6.22155371E+03  2.74385781E+05 -6.07801953E+03  2.26815719E+05 -5.04167676E+03
  2.28690094E+05 -5.08221191E+03  2.31950906E+05 -5.15272168E+03  2.36412344E+05
 -5.24928418E+03  2.41811172E+05 -5.37846582E+03  2.47742453E+05 -6.39745312E+03
  2.76103844E+05 -6.11204102E+03  2.74071906E+05 -6.06804590E+03  2.70571844E+05
 -5.99215381E+03  2.65855562E+05 -5.88979248E+03  2.60248562E+05 -5.76823877E+03
  2.54112797E+05 -5.63590576E+03  2.09980031E+05 -4.68258594E+03  2.11719297E+05
 -4.71993262E+03  2.14745016E+05 -4.78491943E+03  2.18884266E+05 -4.87462500E+03
  2.23885719E+05 -5.01884717E+03  2.29347609E+05 -6.40237695E+03  2.55707641E+05
 -5.67111816E+03  2.53822375E+05 -5.63048828E+03  2.50575281E+05 -5.56042920E+03
  2.46200281E+05 -5.46597266E+03  2.40999000E+05 -5.35390039E+03  2.35306766E+05
 -5.23221631E+03  1.94325562E+05 -4.35894580E+03  1.95940422E+05 -4.39326318E+03
  1.98749391E+05 -4.45324219E+03  2.02590141E+05 -4.53980713E+03  2.07211562E+05
 -4.74443555E+03  2.12234375E+05 -6.62178955E+03  2.36770281E+05 -5.27013330E+03
  2.35020406E+05 -5.23269580E+03  2.32006781E+05 -5.16816162E+03  2.27946719E+05
 -5.08121973E+03  2.23119641E+05 -4.97820752E+03  2.17836453E+05 -4.86686963E+03
  1.79724000E+05 -4.07398853E+03  1.81224453E+05 -4.10578760E+03  1.83833109E+05
 -4.16336914E+03  1.87391672E+05 -4.26442334E+03  1.91628562E+05 -4.65165576E+03
  1.96262125E+05 -7.13672949E+03  2.19152406E+05 -4.91025098E+03  2.17527172E+05
 -4.87588525E+03  2.14728500E+05 -4.81669824E+03  2.10958234E+05 -4.73706494E+03
  2.06475375E+05 -4.64294971E+03  2.01568172E+05 -4.54205322E+03  1.66021562E+05
 -3.84510986E+03  1.67415266E+05 -3.87891089E+03  1.69831156E+05 -3.95284839E+03
  1.73096203E+05 -4.15136279E+03  1.76905766E+05 -5.02389062E+03  1.81273469E+05
 -8.06813672E+03  2.02706047E+05 -4.59567676E+03  2.01195047E+05 -4.56441357E+03
  1.98593266E+05 -4.51063281E+03  1.95088250E+05 -4.43846387E+03  1.90920172E+05
 -4.35362402E+03  1.86356453E+05 -4.26415479E+03  1.52908125E+05 -3.83858228E+03
  1.54189047E+05 -3.91081616E+03  1.56377000E+05 -4.11970557E+03  1.59257094E+05
 -4.75202344E+03  1.62610922E+05 -6.69333008E+03  1.67074031E+05 -9.59997070E+03
  1.87261000E+05 -4.33566895E+03  1.85853672E+05 -4.30783887E+03  1.83430391E+05
 -4.26013770E+03  1.80165531E+05 -4.19657275E+03  1.76281828E+05 -4.12292871E+03
  1.72027359E+05 -4.04853687E+03  1.38447844E+05 -6.07943555E+03  1.39620141E+05
 -6.38828076E+03  1.41550859E+05 -7.22631689E+03  1.44124609E+05 -9.08804492E+03
  1.47727859E+05 -1.21296221E+04  1.53385109E+05 -1.20347803E+04  1.72602094E+05
 -4.14628760E+03  1.71286547E+05 -4.12353320E+03  1.69020875E+05 -4.08511182E+03
  1.65967031E+05 -4.03548633E+03  1.62331328E+05 -3.98177441E+03  1.58342781E+05
 -3.93794043E+03  1.00888672E+05 -3.61096719E+04  1.04201188E+05 -3.61125625E+04
  1.10203398E+05 -3.57160195E+04  1.18813484E+05 -3.39870820E+04  1.29398195E+05
 -2.88806152E+04  1.39659656E+05 -1.60384482E+04  1.58446828E+05 -4.02969214E+03
  1.57204016E+05 -4.02214868E+03  1.55061328E+05 -4.01290332E+03  1.52167281E+05
 -4.01043750E+03  1.48708875E+05 -4.03067310E+03  1.44888344E+05 -4.10966895E+03
->       1      12       2     100                                 <-   
EDEP-CUTOFF                                                                     
  1.92483180E+07  2.05440740E+07  2.16963480E+07  2.27328260E+07  2.36736120E+07
  2.45335120E+07  2.53236600E+07  2.60525920E+07  2.67269760E+07  2.73521660E+07
  2.79325460E+07  2.84717840E+07  2.89730320E+07  2.94390260E+07  2.98721960E+07
  3.02747360E+07  3.06486680E+07  3.09958560E+07  3.13180780E+07  3.16170380E+07
  3.18944260E+07  3.21519420E+07  3.23913660E+07  3.26146000E+07  3.28238020E+07
  3.30215060E+07  3.32107880E+07  3.33955640E+07  3.35810000E+07  3.37740280E+07
  3.19585360E+07  2.38529980E+07  1.83020260E+07  1.46251420E+07  1.20964000E+07
  1.02703100E+07  8.88715600E+06  7.79477050E+06  6.90228250E+06  6.15392400E+06
  5.51426700E+06  4.95986400E+06  4.47448350E+06  4.04637525E+06  3.66667225E+06
  3.32844075E+06  3.02609575E+06  2.75504200E+06  2.51143050E+06  2.29199975E+06
  2.09395700E+06  1.91489438E+06  1.75272550E+06  1.60563112E+06  1.47202138E+06
  1.35050025E+06  1.23983950E+06  1.13895362E+06  1.04688175E+06  9.62771188E+05
  8.85862938E+05  8.15480500E+05  7.51018812E+05  6.91935938E+05  6.37745688E+05
  5.88010938E+05  5.42337875E+05  5.00371062E+05  4.61789594E+05  4.26303000E+05
  3.93647875E+05  3.63585438E+05  3.35898406E+05  3.10389406E+05  2.86878719E+05
  2.65202344E+05  2.45210703E+05  2.26767344E+05  2.09747406E+05  1.94036703E+05
  1.79530625E+05  1.66133438E+05  1.53757297E+05  1.42321641E+05  1.31752500E+05
  1.21981883E+05  1.12947234E+05  1.04590977E+05  9.68600625E+04  8.97054219E+04
  8.30816094E+04  7.69463203E+04  7.12597734E+04  6.59839609E+04  6.10814570E+04
  5.65131680E+04  5.22328867E+04  4.81678906E+04  4.41099023E+04  3.88742227E+04
->       1      12       1      40                                 <-   
STATE-VECTOR                                                                    
         2      2800         1         0         0         0         0         3
         3         1         4       100         0         0         0         0
         0         0         0         0         0         0         0         0
         0         0         0         0         0         0         0         0
         0         0         0         0         0         0         0         0
->       1      12       2       5                                 <-   
EPS-CONVERGE                                                                    
  4.99999987E-05  4.99999987E-05  9.99999975E-06  0.00000000E+00  0.00000000E+00
->       1      12       1     100                                 <-   
KEYFLX                                                                          
         1         5         9        13        17        21        25        29
        33        37        41        45        49        53        57        61
        65        69        73        77        81        85        89        93
        97       101       105       109       113       117       121       125
       129       133       137       141       145       149       153       157
       161       165       169       173       177       181       185       189
       193       197       201       205       209       213       217       221
       225       229       233       237       241       245       249       253
       257       261       265       269       273       277       281       285
       289       293       297       301       305       309       313       317
       321       325       329       333       337       341       345       349
       353       357       361       365       369       373       377       381
       385       389       393       397
->       1      12       3       1                                 <-   
OPTION                                                                          
         4
B0  
->      -1       0       0       0                                 <-   
