->       1      12       3       3                                 <-   
SIGNATURE                                                                       
         4         4         4
L_DEPOSITION
->       1      12       2     100                                 <-   
VOLUME                                                                          
  1.00000007E-02  1.00000007E-02  9.99999978E-03  1.00000016E-02  9.99999791E-03
  1.00000016E-02  9.99999791E-03  1.00000054E-02  9.99999791E-03  9.99999791E-03
  1.00000054E-02  9.99999791E-03  1.00000054E-02  9.99999046E-03  1.00000054E-02
  1.00000054E-02  9.99999046E-03  1.00000054E-02  1.00000054E-02  9.99999046E-03
  1.00000054E-02  1.00000054E-02  9.99999046E-03  1.00000054E-02  9.99999046E-03
  1.00000203E-02  9.99999046E-03  9.99999046E-03  1.00000203E-02  9.99999046E-03
  2.42857039E-02  2.42857337E-02  2.42857039E-02  2.42857039E-02  2.42857337E-02
  2.42857039E-02  2.42857039E-02  2.42857337E-02  2.42857039E-02  2.42857337E-02
  2.42856741E-02  2.42857337E-02  2.42857337E-02  2.42856741E-02  2.42857337E-02
  2.42857337E-02  2.42856741E-02  2.42857337E-02  2.42857337E-02  2.42856741E-02
  2.42857337E-02  2.42857337E-02  2.42856741E-02  2.42857337E-02  2.42857337E-02
  2.42856741E-02  2.42857337E-02  2.42857337E-02  2.42856741E-02  2.42857933E-02
  2.42856741E-02  2.42856741E-02  2.42857933E-02  2.42856741E-02  2.42856741E-02
  2.42857933E-02  2.42856741E-02  2.42856741E-02  2.42857933E-02  2.42856741E-02
  2.42856741E-02  2.42857933E-02  2.42856741E-02  2.42856741E-02  2.42857933E-02
  2.42856741E-02  2.42856741E-02  2.42857933E-02  2.42856741E-02  2.42856741E-02
  2.42857933E-02  2.42856741E-02  2.42856741E-02  2.42857933E-02  2.42856741E-02
  2.42856741E-02  2.42857933E-02  2.42856741E-02  2.42856741E-02  2.42857933E-02
  2.42856741E-02  2.42856741E-02  2.42857933E-02  2.42856741E-02  2.42856741E-02
  2.42857933E-02  2.42856741E-02  2.42856741E-02  2.42857933E-02  2.42856741E-02
->       1      12       4     200                                 <-   
EDEPOS                                                                          
  9.555608954943E+08  1.033293418295E+09  1.085225599112E+09  1.126315008118E+09
  1.160546454630E+09  1.189678206256E+09  1.214741517367E+09  1.236428856292E+09
  1.255235521390E+09  1.271531128617E+09  1.285594547251E+09  1.297637205787E+09
  1.307819547938E+09  1.316261783298E+09  1.323047324197E+09  1.328234117565E+09
  1.331852329361E+09  1.333905566702E+09  1.334374542480E+09  1.333216886510E+09
  1.330359908564E+09  1.325700018962E+09  1.319098613596E+09  1.310374950827E+09
  1.299301111548E+09  1.285584364012E+09  1.268864727827E+09  1.248698681465E+09
  1.224549334109E+09  1.195786213290E+09  1.142783799728E+09  1.083094419087E+09
  1.038812774225E+09  1.004320177792E+09  9.761623056031E+08  9.522437944159E+08
  9.312895253905E+08  9.125137329889E+08  8.954181676860E+08  8.796750834573E+08
  8.650551719663E+08  8.513930982129E+08  8.385577009470E+08  8.264430874509E+08
  8.149611262430E+08  8.040345423429E+08  7.935976546400E+08  7.835932384052E+08
  7.739696570389E+08  7.646838534599E+08  7.556966227380E+08  7.469741896237E+08
  7.384852466961E+08  7.302032341734E+08  7.221045499933E+08  7.141674438548E+08
  7.063731565697E+08  6.987028482962E+08  6.911421473021E+08  6.836758867807E+08
  6.762908135324E+08  6.689742194102E+08  6.617161904893E+08  6.545039366040E+08
  6.473287188273E+08  6.401813188518E+08  6.330516861005E+08  6.259315554746E+08
  6.188127509044E+08  6.116866477499E+08  6.045450398011E+08  5.973798083018E+08
  5.901832366089E+08  5.829470920461E+08  5.756627566648E+08  5.683221620976E+08
  5.609154252719E+08  5.534341699895E+08  5.458682113762E+08  5.382075852158E+08
  5.304404531755E+08  5.225543964968E+08  5.145366738988E+08  5.063713945901E+08
  4.980423063411E+08  4.895301685024E+08  4.808129904483E+08  4.718647518252E+08
  4.626557857233E+08  4.531486372345E+08  4.432991754665E+08  4.330514363316E+08
  4.223327679257E+08  4.110470070007E+08  3.990586000901E+08  3.861624444604E+08
  3.720156567784E+08  3.559545810439E+08  3.363281783613E+08  3.069741594578E+08
  9.555608954943E+08  1.033293418295E+09  1.085225599112E+09  1.126315008118E+09
  1.160546454630E+09  1.189678206256E+09  1.214741517367E+09  1.236428856292E+09
  1.255235521390E+09  1.271531128617E+09  1.285594547251E+09  1.297637205787E+09
  1.307819547938E+09  1.316261783298E+09  1.323047324197E+09  1.328234117565E+09
  1.331852329361E+09  1.333905566702E+09  1.334374542480E+09  1.333216886510E+09
  1.330359908564E+09  1.325700018962E+09  1.319098613596E+09  1.310374950827E+09
  1.299301111548E+09  1.285584364012E+09  1.268864727827E+09  1.248698681465E+09
  1.224549334109E+09  1.195786213290E+09  1.142783799728E+09  1.083094419087E+09
  1.038812774225E+09  1.004320177792E+09  9.761623056031E+08  9.522437944159E+08
  9.312895253905E+08  9.125137329889E+08  8.954181676860E+08  8.796750834573E+08
  8.650551719663E+08  8.513930982129E+08  8.385577009470E+08  8.264430874509E+08
  8.149611262430E+08  8.040345423429E+08  7.935976546400E+08  7.835932384052E+08
  7.739696570389E+08  7.646838534599E+08  7.556966227380E+08  7.469741896237E+08
  7.384852466961E+08  7.302032341734E+08  7.221045499933E+08  7.141674438548E+08
  7.063731565697E+08  6.987028482962E+08  6.911421473021E+08  6.836758867807E+08
  6.762908135324E+08  6.689742194102E+08  6.617161904893E+08  6.545039366040E+08
  6.473287188273E+08  6.401813188518E+08  6.330516861005E+08  6.259315554746E+08
  6.188127509044E+08  6.116866477499E+08  6.045450398011E+08  5.973798083018E+08
  5.901832366089E+08  5.829470920461E+08  5.756627566648E+08  5.683221620976E+08
  5.609154252719E+08  5.534341699895E+08  5.458682113762E+08  5.382075852158E+08
  5.304404531755E+08  5.225543964968E+08  5.145366738988E+08  5.063713945901E+08
  4.980423063411E+08  4.895301685024E+08  4.808129904483E+08  4.718647518252E+08
  4.626557857233E+08  4.531486372345E+08  4.432991754665E+08  4.330514363316E+08
  4.223327679257E+08  4.110470070007E+08  3.990586000901E+08  3.861624444604E+08
  3.720156567784E+08  3.559545810439E+08  3.363281783613E+08  3.069741594578E+08
->       1      12       4     100                                 <-   
EDEPOS_TOT                                                                      
  1.911121790989E+09  2.066586836591E+09  2.170451198225E+09  2.252630016236E+09
  2.321092909261E+09  2.379356412512E+09  2.429483034735E+09  2.472857712585E+09
  2.510471042779E+09  2.543062257235E+09  2.571189094501E+09  2.595274411573E+09
  2.615639095877E+09  2.632523566596E+09  2.646094648394E+09  2.656468235130E+09
  2.663704658723E+09  2.667811133405E+09  2.668749084959E+09  2.666433773021E+09
  2.660719817129E+09  2.651400037924E+09  2.638197227192E+09  2.620749901655E+09
  2.598602223096E+09  2.571168728025E+09  2.537729455654E+09  2.497397362930E+09
  2.449098668218E+09  2.391572426580E+09  2.285567599456E+09  2.166188838174E+09
  2.077625548450E+09  2.008640355585E+09  1.952324611206E+09  1.904487588832E+09
  1.862579050781E+09  1.825027465978E+09  1.790836335372E+09  1.759350166915E+09
  1.730110343933E+09  1.702786196426E+09  1.677115401894E+09  1.652886174902E+09
  1.629922252486E+09  1.608069084686E+09  1.587195309280E+09  1.567186476810E+09
  1.547939314078E+09  1.529367706920E+09  1.511393245476E+09  1.493948379247E+09
  1.476970493392E+09  1.460406468347E+09  1.444209099987E+09  1.428334887710E+09
  1.412746313139E+09  1.397405696592E+09  1.382284294604E+09  1.367351773561E+09
  1.352581627065E+09  1.337948438820E+09  1.323432380979E+09  1.309007873208E+09
  1.294657437655E+09  1.280362637704E+09  1.266103372201E+09  1.251863110949E+09
  1.237625501809E+09  1.223373295500E+09  1.209090079602E+09  1.194759616604E+09
  1.180366473218E+09  1.165894184092E+09  1.151325513330E+09  1.136644324195E+09
  1.121830850544E+09  1.106868339979E+09  1.091736422752E+09  1.076415170432E+09
  1.060880906351E+09  1.045108792994E+09  1.029073347798E+09  1.012742789180E+09
  9.960846126823E+08  9.790603370048E+08  9.616259808966E+08  9.437295036504E+08
  9.253115714467E+08  9.062972744690E+08  8.865983509329E+08  8.661028726632E+08
  8.446655358514E+08  8.220940140013E+08  7.981172001801E+08  7.723248889209E+08
  7.440313135567E+08  7.119091620878E+08  6.726563567226E+08  6.139483189157E+08
->       1      12       4     200                                 <-   
CDEPOS                                                                          
 -4.465330883942E+10 -4.870253735281E+10 -5.134098674756E+10 -5.340602004607E+10
 -5.511837949859E+10 -5.657291872698E+10 -5.782417846306E+10 -5.890778919940E+10
 -5.984944608557E+10 -6.066757745624E+10 -6.137640227513E+10 -6.198658573141E+10
 -6.250611686911E+10 -6.294110962532E+10 -6.329592764542E+10 -6.357377709637E+10
 -6.377575362130E+10 -6.390271131991E+10 -6.395403289238E+10 -6.392776656627E+10
 -6.382055456399E+10 -6.362794666731E+10 -6.334379160935E+10 -6.295967182580E+10
 -6.246550597175E+10 -6.184807306130E+10 -6.109141826132E+10 -6.017556458789E+10
 -5.907732027639E+10 -5.776919429300E+10 -5.535773398521E+10 -5.263113496178E+10
 -5.060372461050E+10 -4.902443960555E+10 -4.773655440394E+10 -4.664416715209E+10
 -4.568830867263E+10 -4.483247841958E+10 -4.405356387925E+10 -4.333611481578E+10
 -4.266990440289E+10 -4.204680083470E+10 -4.146091217365E+10 -4.090753800399E+10
 -4.038233195352E+10 -3.988202440052E+10 -3.940351255026E+10 -3.894405545622E+10
 -3.850145816298E+10 -3.807366978479E+10 -3.765878137779E+10 -3.725529972387E+10
 -3.686187521468E+10 -3.647710853419E+10 -3.609993236512E+10 -3.572958232908E+10
 -3.536480184690E+10 -3.500494218163E+10 -3.464929178836E+10 -3.429714243049E+10
 -3.394790973352E+10 -3.360092525341E+10 -3.325565913683E+10 -3.291172091284E+10
 -3.256843112120E+10 -3.222560771185E+10 -3.188256306851E+10 -3.153893595866E+10
 -3.119440466709E+10 -3.084846140423E+10 -3.050078384062E+10 -3.015101606197E+10
 -2.979855321967E+10 -2.944305145488E+10 -2.908423402709E+10 -2.872155680205E+10
 -2.835445181805E+10 -2.798268203475E+10 -2.760547890799E+10 -2.722249625066E+10
 -2.683299128140E+10 -2.643644996159E+10 -2.603198171576E+10 -2.561888887880E+10
 -2.519625477977E+10 -2.476308286291E+10 -2.431795908812E+10 -2.385967092079E+10
 -2.338661376146E+10 -2.289656512469E+10 -2.238726904881E+10 -2.185539861568E+10
 -2.129716025811E+10 -2.070699351517E+10 -2.007742993213E+10 -1.939680973542E+10
 -1.864594370433E+10 -1.778713814191E+10 -1.672655922365E+10 -1.510969992277E+10
 -4.465330883942E+10 -4.870253735281E+10 -5.134098674756E+10 -5.340602004607E+10
 -5.511837949859E+10 -5.657291872698E+10 -5.782417846306E+10 -5.890778919940E+10
 -5.984944608557E+10 -6.066757745624E+10 -6.137640227513E+10 -6.198658573141E+10
 -6.250611686911E+10 -6.294110962532E+10 -6.329592764542E+10 -6.357377709637E+10
 -6.377575362130E+10 -6.390271131991E+10 -6.395403289238E+10 -6.392776656627E+10
 -6.382055456399E+10 -6.362794666731E+10 -6.334379160935E+10 -6.295967182580E+10
 -6.246550597175E+10 -6.184807306130E+10 -6.109141826132E+10 -6.017556458789E+10
 -5.907732027639E+10 -5.776919429300E+10 -5.535773398521E+10 -5.263113496178E+10
 -5.060372461050E+10 -4.902443960555E+10 -4.773655440394E+10 -4.664416715209E+10
 -4.568830867263E+10 -4.483247841958E+10 -4.405356387925E+10 -4.333611481578E+10
 -4.266990440289E+10 -4.204680083470E+10 -4.146091217365E+10 -4.090753800399E+10
 -4.038233195352E+10 -3.988202440052E+10 -3.940351255026E+10 -3.894405545622E+10
 -3.850145816298E+10 -3.807366978479E+10 -3.765878137779E+10 -3.725529972387E+10
 -3.686187521468E+10 -3.647710853419E+10 -3.609993236512E+10 -3.572958232908E+10
 -3.536480184690E+10 -3.500494218163E+10 -3.464929178836E+10 -3.429714243049E+10
 -3.394790973352E+10 -3.360092525341E+10 -3.325565913683E+10 -3.291172091284E+10
 -3.256843112120E+10 -3.222560771185E+10 -3.188256306851E+10 -3.153893595866E+10
 -3.119440466709E+10 -3.084846140423E+10 -3.050078384062E+10 -3.015101606197E+10
 -2.979855321967E+10 -2.944305145488E+10 -2.908423402709E+10 -2.872155680205E+10
 -2.835445181805E+10 -2.798268203475E+10 -2.760547890799E+10 -2.722249625066E+10
 -2.683299128140E+10 -2.643644996159E+10 -2.603198171576E+10 -2.561888887880E+10
 -2.519625477977E+10 -2.476308286291E+10 -2.431795908812E+10 -2.385967092079E+10
 -2.338661376146E+10 -2.289656512469E+10 -2.238726904881E+10 -2.185539861568E+10
 -2.129716025811E+10 -2.070699351517E+10 -2.007742993213E+10 -1.939680973542E+10
 -1.864594370433E+10 -1.778713814191E+10 -1.672655922365E+10 -1.510969992277E+10
->       1      12       4     100                                 <-   
CDEPOS_TOT                                                                      
 -8.930661767883E+10 -9.740507470562E+10 -1.026819734951E+11 -1.068120400921E+11
 -1.102367589972E+11 -1.131458374540E+11 -1.156483569261E+11 -1.178155783988E+11
 -1.196988921711E+11 -1.213351549125E+11 -1.227528045503E+11 -1.239731714628E+11
 -1.250122337382E+11 -1.258822192506E+11 -1.265918552908E+11 -1.271475541927E+11
 -1.275515072426E+11 -1.278054226398E+11 -1.279080657848E+11 -1.278555331325E+11
 -1.276411091280E+11 -1.272558933346E+11 -1.266875832187E+11 -1.259193436516E+11
 -1.249310119435E+11 -1.236961461226E+11 -1.221828365226E+11 -1.203511291758E+11
 -1.181546405528E+11 -1.155383885860E+11 -1.107154679704E+11 -1.052622699236E+11
 -1.012074492210E+11 -9.804887921109E+10 -9.547310880788E+10 -9.328833430418E+10
 -9.137661734526E+10 -8.966495683917E+10 -8.810712775850E+10 -8.667222963157E+10
 -8.533980880578E+10 -8.409360166940E+10 -8.292182434730E+10 -8.181507600798E+10
 -8.076466390704E+10 -7.976404880105E+10 -7.880702510053E+10 -7.788811091244E+10
 -7.700291632595E+10 -7.614733956959E+10 -7.531756275558E+10 -7.451059944773E+10
 -7.372375042936E+10 -7.295421706838E+10 -7.219986473024E+10 -7.145916465816E+10
 -7.072960369380E+10 -7.000988436327E+10 -6.929858357672E+10 -6.859428486099E+10
 -6.789581946704E+10 -6.720185050683E+10 -6.651131827365E+10 -6.582344182569E+10
 -6.513686224241E+10 -6.445121542369E+10 -6.376512613702E+10 -6.307787191732E+10
 -6.238880933417E+10 -6.169692280846E+10 -6.100156768124E+10 -6.030203212394E+10
 -5.959710643934E+10 -5.888610290976E+10 -5.816846805418E+10 -5.744311360410E+10
 -5.670890363611E+10 -5.596536406951E+10 -5.521095781597E+10 -5.444499250131E+10
 -5.366598256280E+10 -5.287289992318E+10 -5.206396343152E+10 -5.123777775760E+10
 -5.039250955954E+10 -4.952616572583E+10 -4.863591817624E+10 -4.771934184159E+10
 -4.677322752292E+10 -4.579313024938E+10 -4.477453809763E+10 -4.371079723135E+10
 -4.259432051621E+10 -4.141398703035E+10 -4.015485986426E+10 -3.879361947084E+10
 -3.729188740866E+10 -3.557427628383E+10 -3.345311844729E+10 -3.021939984554E+10
->       1      12       4       1                                 <-   
FLUX-NORM                                                                       
  1.000000000000E+00
->       1      12       3       2                                 <-   
PARTICLE-NAM                                                                    
         4         4
B   B   
->       1      12       1      40                                 <-   
STATE-VECTOR                                                                    
       100         2         1         1         0         0         0         0
         0         0         0         0         0         0         0         0
         0         0         0         0         0         0         0         0
         0         0         0         0         0         0         0         0
         0         0         0         0         0         0         0         0
->      -1       0       0       0                                 <-   
