->       1      12       3       3                                 <-   
SIGNATURE                                                                       
         4         4         4
L_DEPOSITION
->       1      12       2     100                                 <-   
VOLUME                                                                          
  3.33333330E-04  3.33333330E-04  3.33333272E-04  3.33333388E-04  3.33333272E-04
  3.33333272E-04  3.33333388E-04  3.33333388E-04  3.33333388E-04  3.33333155E-04
  3.33333388E-04  3.33333155E-04  3.33333388E-04  3.33333388E-04  3.33333388E-04
  3.33333388E-04  3.33333388E-04  3.33333388E-04  3.33332922E-04  3.33333388E-04
  3.33333388E-04  3.33333388E-04  3.33333388E-04  3.33332922E-04  3.33333388E-04
  3.33333388E-04  3.33333388E-04  3.33333388E-04  3.33333388E-04  3.33333388E-04
  2.84285713E-02  2.84285732E-02  2.84285694E-02  2.84285694E-02  2.84285694E-02
  2.84285694E-02  2.84285843E-02  2.84285694E-02  2.84285545E-02  2.84285843E-02
  2.84285843E-02  2.84285545E-02  2.84285843E-02  2.84285545E-02  2.84285843E-02
  2.84285545E-02  2.84285843E-02  2.84285545E-02  2.84286141E-02  2.84285545E-02
  2.84285545E-02  2.84285545E-02  2.84286141E-02  2.84285545E-02  2.84285545E-02
  2.84286141E-02  2.84285545E-02  2.84285545E-02  2.84285545E-02  2.84286141E-02
  2.84285545E-02  2.84285545E-02  2.84286141E-02  2.84285545E-02  2.84285545E-02
  2.84285545E-02  2.84285545E-02  2.84285545E-02  2.84286737E-02  2.84285545E-02
  2.84285545E-02  2.84285545E-02  2.84285545E-02  2.84285545E-02  2.84285545E-02
  2.84286737E-02  2.84285545E-02  2.84285545E-02  2.84285545E-02  2.84285545E-02
  2.84285545E-02  2.84285545E-02  2.84286737E-02  2.84285545E-02  2.84285545E-02
  2.84285545E-02  2.84285545E-02  2.84285545E-02  2.84285545E-02  2.84286737E-02
  2.84285545E-02  2.84285545E-02  2.84285545E-02  2.84285545E-02  2.84285545E-02
  2.84285545E-02  2.84286737E-02  2.84285545E-02  2.84285545E-02  2.84285545E-02
->       1      12       4     200                                 <-   
EDEPOS                                                                          
  2.269330131472E+08  2.296894135984E+08  2.314055418310E+08  2.327715405074E+08
  2.339428337527E+08  2.349724123492E+08  2.358853490142E+08  2.366962411941E+08
  2.374127516708E+08  2.380410290460E+08  2.385852278385E+08  2.390474688013E+08
  2.394305024972E+08  2.397355467755E+08  2.399642038631E+08  2.401172091663E+08
  2.401958590910E+08  2.402005106841E+08  2.401315749197E+08  2.399899482969E+08
  2.397755384571E+08  2.394893723947E+08  2.391309143284E+08  2.387012013889E+08
  2.381997761529E+08  2.376272875280E+08  2.369837073678E+08  2.362690324068E+08
  2.354823818951E+08  2.346186574272E+08  2.020810498381E+08  1.603700634080E+08
  1.385674775503E+08  1.258226560763E+08  1.172596697213E+08  1.107762389952E+08
  1.054777783266E+08  1.009672676532E+08  9.704562433642E+07  9.359125126365E+07
  9.051726208342E+07  8.775674162654E+07  8.525658060171E+07  8.297434009064E+07
  8.087587826777E+07  7.893378679976E+07  7.712587538846E+07  7.543394310109E+07
  7.384305170472E+07  7.234090850820E+07  7.091698412222E+07  6.956259577416E+07
  6.827022472939E+07  6.703340776065E+07  6.584668983421E+07  6.470511405389E+07
  6.360434683639E+07  6.254068987994E+07  6.151074007806E+07  6.051146594448E+07
  5.954017992109E+07  5.859442437820E+07  5.767201335252E+07  5.677096771218E+07
  5.588942850185E+07  5.502567221549E+07  5.417825043169E+07  5.334575463788E+07
  5.252677181072E+07  5.172017921597E+07  5.092473530400E+07  5.013938354439E+07
  4.936307129150E+07  4.859486961689E+07  4.783373909712E+07  4.707879103099E+07
  4.632910646023E+07  4.558380263144E+07  4.484194461175E+07  4.410252361602E+07
  4.336473725971E+07  4.262751911245E+07  4.188991750671E+07  4.115060876498E+07
  4.040855368570E+07  3.966234082295E+07  3.891047977621E+07  3.815125050158E+07
  3.738258913077E+07  3.660210141451E+07  3.580690682666E+07  3.499327593724E+07
  3.415659107755E+07  3.329056349812E+07  3.238660703619E+07  3.143215665648E+07
  3.040734335417E+07  2.927545117759E+07  2.794804417268E+07  2.610596807335E+07
  2.269330131472E+08  2.296894135984E+08  2.314055418310E+08  2.327715405074E+08
  2.339428337527E+08  2.349724123492E+08  2.358853490142E+08  2.366962411941E+08
  2.374127516708E+08  2.380410290460E+08  2.385852278385E+08  2.390474688013E+08
  2.394305024972E+08  2.397355467755E+08  2.399642038631E+08  2.401172091663E+08
  2.401958590910E+08  2.402005106841E+08  2.401315749197E+08  2.399899482969E+08
  2.397755384571E+08  2.394893723947E+08  2.391309143284E+08  2.387012013889E+08
  2.381997761529E+08  2.376272875280E+08  2.369837073678E+08  2.362690324068E+08
  2.354823818951E+08  2.346186574272E+08  2.020810498381E+08  1.603700634080E+08
  1.385674775503E+08  1.258226560763E+08  1.172596697213E+08  1.107762389952E+08
  1.054777783266E+08  1.009672676532E+08  9.704562433642E+07  9.359125126365E+07
  9.051726208342E+07  8.775674162654E+07  8.525658060171E+07  8.297434009064E+07
  8.087587826777E+07  7.893378679976E+07  7.712587538846E+07  7.543394310109E+07
  7.384305170472E+07  7.234090850820E+07  7.091698412222E+07  6.956259577416E+07
  6.827022472939E+07  6.703340776065E+07  6.584668983421E+07  6.470511405389E+07
  6.360434683639E+07  6.254068987994E+07  6.151074007806E+07  6.051146594448E+07
  5.954017992109E+07  5.859442437820E+07  5.767201335252E+07  5.677096771218E+07
  5.588942850185E+07  5.502567221549E+07  5.417825043169E+07  5.334575463788E+07
  5.252677181072E+07  5.172017921597E+07  5.092473530400E+07  5.013938354439E+07
  4.936307129150E+07  4.859486961689E+07  4.783373909712E+07  4.707879103099E+07
  4.632910646023E+07  4.558380263144E+07  4.484194461175E+07  4.410252361602E+07
  4.336473725971E+07  4.262751911245E+07  4.188991750671E+07  4.115060876498E+07
  4.040855368570E+07  3.966234082295E+07  3.891047977621E+07  3.815125050158E+07
  3.738258913077E+07  3.660210141451E+07  3.580690682666E+07  3.499327593724E+07
  3.415659107755E+07  3.329056349812E+07  3.238660703619E+07  3.143215665648E+07
  3.040734335417E+07  2.927545117759E+07  2.794804417268E+07  2.610596807335E+07
->       1      12       4     100                                 <-   
EDEPOS_TOT                                                                      
  4.538660262944E+08  4.593788271968E+08  4.628110836619E+08  4.655430810149E+08
  4.678856675054E+08  4.699448246984E+08  4.717706980284E+08  4.733924823883E+08
  4.748255033415E+08  4.760820580920E+08  4.771704556769E+08  4.780949376026E+08
  4.788610049944E+08  4.794710935509E+08  4.799284077263E+08  4.802344183326E+08
  4.803917181821E+08  4.804010213682E+08  4.802631498393E+08  4.799798965938E+08
  4.795510769142E+08  4.789787447893E+08  4.782618286569E+08  4.774024027779E+08
  4.763995523059E+08  4.752545750560E+08  4.739674147357E+08  4.725380648136E+08
  4.709647637902E+08  4.692373148544E+08  4.041620996762E+08  3.207401268160E+08
  2.771349551006E+08  2.516453121526E+08  2.345193394425E+08  2.215524779903E+08
  2.109555566533E+08  2.019345353065E+08  1.940912486728E+08  1.871825025273E+08
  1.810345241668E+08  1.755134832531E+08  1.705131612034E+08  1.659486801813E+08
  1.617517565355E+08  1.578675735995E+08  1.542517507769E+08  1.508678862022E+08
  1.476861034094E+08  1.446818170164E+08  1.418339682444E+08  1.391251915483E+08
  1.365404494588E+08  1.340668155213E+08  1.316933796684E+08  1.294102281078E+08
  1.272086936728E+08  1.250813797599E+08  1.230214801561E+08  1.210229318890E+08
  1.190803598422E+08  1.171888487564E+08  1.153440267050E+08  1.135419354244E+08
  1.117788570037E+08  1.100513444310E+08  1.083565008634E+08  1.066915092758E+08
  1.050535436214E+08  1.034403584319E+08  1.018494706080E+08  1.002787670888E+08
  9.872614258300E+07  9.718973923377E+07  9.566747819425E+07  9.415758206198E+07
  9.265821292045E+07  9.116760526287E+07  8.968388922350E+07  8.820504723205E+07
  8.672947451942E+07  8.525503822491E+07  8.377983501341E+07  8.230121752996E+07
  8.081710737139E+07  7.932468164590E+07  7.782095955242E+07  7.630250100316E+07
  7.476517826154E+07  7.320420282901E+07  7.161381365333E+07  6.998655187447E+07
  6.831318215509E+07  6.658112699623E+07  6.477321407239E+07  6.286431331297E+07
  6.081468670833E+07  5.855090235518E+07  5.589608834536E+07  5.221193614670E+07
->       1      12       4     200                                 <-   
CDEPOS                                                                          
 -2.001258396434E+09 -2.054916584509E+09 -2.095636138391E+09 -2.127543213768E+09
 -2.153735086659E+09 -2.175945778275E+09 -2.195176890182E+09 -2.212060699915E+09
 -2.227002947466E+09 -2.240296010116E+09 -2.252146130844E+09 -2.262704522095E+09
 -2.272090502575E+09 -2.280397501214E+09 -2.287701750016E+09 -2.294051623976E+09
 -2.299508435581E+09 -2.304105372328E+09 -2.307876595776E+09 -2.310856496221E+09
 -2.313071433358E+09 -2.314537495618E+09 -2.315282807996E+09 -2.315323917459E+09
 -2.314681308094E+09 -2.313370308309E+09 -2.311425183628E+09 -2.308884371544E+09
 -2.305847247042E+09 -2.302637810068E+09 -2.095296009571E+09 -1.781415610011E+09
 -1.602727147508E+09 -1.497387763240E+09 -1.428580502136E+09 -1.378136317696E+09
 -1.337709945345E+09 -1.303551629052E+09 -1.273910706769E+09 -1.247821825357E+09
 -1.224642479098E+09 -1.203873660125E+09 -1.185103682981E+09 -1.168004020719E+09
 -1.152295858682E+09 -1.137753590682E+09 -1.124192243303E+09 -1.111456931839E+09
 -1.099425172348E+09 -1.087982646533E+09 -1.077049273202E+09 -1.066544694095E+09
 -1.056408302303E+09 -1.046579556603E+09 -1.037017058458E+09 -1.027674224870E+09
 -1.018517419324E+09 -1.009511403922E+09 -1.000627871004E+09 -9.918386405184E+08
 -9.831217399983E+08 -9.744520062031E+08 -9.658101469602E+08 -9.571782471945E+08
 -9.485369355267E+08 -9.398701565072E+08 -9.311625734432E+08 -9.223967390884E+08
 -9.135612949689E+08 -9.046395225060E+08 -8.956207734281E+08 -8.864888986547E+08
 -8.772303906403E+08 -8.678340634485E+08 -8.582831029990E+08 -8.485639610578E+08
 -8.386633224957E+08 -8.285627034281E+08 -8.182486369975E+08 -8.077008618852E+08
 -7.969012976787E+08 -7.858277835605E+08 -7.744571624447E+08 -7.627628753819E+08
 -7.507142853074E+08 -7.382793934959E+08 -7.254161295705E+08 -7.120783427501E+08
 -6.982093294833E+08 -6.837407251179E+08 -6.685881259513E+08 -6.526428199934E+08
 -6.357640159933E+08 -6.177594424800E+08 -5.983612701486E+08 -5.771608957413E+08
 -5.534897315852E+08 -5.260552372311E+08 -4.915882016737E+08 -4.373812599135E+08
 -2.001258396434E+09 -2.054916584509E+09 -2.095636138391E+09 -2.127543213768E+09
 -2.153735086659E+09 -2.175945778275E+09 -2.195176890182E+09 -2.212060699915E+09
 -2.227002947466E+09 -2.240296010116E+09 -2.252146130844E+09 -2.262704522095E+09
 -2.272090502575E+09 -2.280397501214E+09 -2.287701750016E+09 -2.294051623976E+09
 -2.299508435581E+09 -2.304105372328E+09 -2.307876595776E+09 -2.310856496221E+09
 -2.313071433358E+09 -2.314537495618E+09 -2.315282807996E+09 -2.315323917459E+09
 -2.314681308094E+09 -2.313370308309E+09 -2.311425183628E+09 -2.308884371544E+09
 -2.305847247042E+09 -2.302637810068E+09 -2.095296009571E+09 -1.781415610011E+09
 -1.602727147508E+09 -1.497387763240E+09 -1.428580502136E+09 -1.378136317696E+09
 -1.337709945345E+09 -1.303551629052E+09 -1.273910706769E+09 -1.247821825357E+09
 -1.224642479098E+09 -1.203873660125E+09 -1.185103682981E+09 -1.168004020719E+09
 -1.152295858682E+09 -1.137753590682E+09 -1.124192243303E+09 -1.111456931839E+09
 -1.099425172348E+09 -1.087982646533E+09 -1.077049273202E+09 -1.066544694095E+09
 -1.056408302303E+09 -1.046579556603E+09 -1.037017058458E+09 -1.027674224870E+09
 -1.018517419324E+09 -1.009511403922E+09 -1.000627871004E+09 -9.918386405184E+08
 -9.831217399983E+08 -9.744520062031E+08 -9.658101469602E+08 -9.571782471945E+08
 -9.485369355267E+08 -9.398701565072E+08 -9.311625734432E+08 -9.223967390884E+08
 -9.135612949689E+08 -9.046395225060E+08 -8.956207734281E+08 -8.864888986547E+08
 -8.772303906403E+08 -8.678340634485E+08 -8.582831029990E+08 -8.485639610578E+08
 -8.386633224957E+08 -8.285627034281E+08 -8.182486369975E+08 -8.077008618852E+08
 -7.969012976787E+08 -7.858277835605E+08 -7.744571624447E+08 -7.627628753819E+08
 -7.507142853074E+08 -7.382793934959E+08 -7.254161295705E+08 -7.120783427501E+08
 -6.982093294833E+08 -6.837407251179E+08 -6.685881259513E+08 -6.526428199934E+08
 -6.357640159933E+08 -6.177594424800E+08 -5.983612701486E+08 -5.771608957413E+08
 -5.534897315852E+08 -5.260552372311E+08 -4.915882016737E+08 -4.373812599135E+08
->       1      12       4     100                                 <-   
CDEPOS_TOT                                                                      
 -4.002516792868E+09 -4.109833169017E+09 -4.191272276782E+09 -4.255086427537E+09
 -4.307470173317E+09 -4.351891556550E+09 -4.390353780365E+09 -4.424121399830E+09
 -4.454005894932E+09 -4.480592020231E+09 -4.504292261689E+09 -4.525409044189E+09
 -4.544181005151E+09 -4.560795002427E+09 -4.575403500033E+09 -4.588103247951E+09
 -4.599016871162E+09 -4.608210744655E+09 -4.615753191552E+09 -4.621712992442E+09
 -4.626142866716E+09 -4.629074991235E+09 -4.630565615991E+09 -4.630647834918E+09
 -4.629362616188E+09 -4.626740616618E+09 -4.622850367256E+09 -4.617768743089E+09
 -4.611694494084E+09 -4.605275620137E+09 -4.190592019141E+09 -3.562831220023E+09
 -3.205454295015E+09 -2.994775526480E+09 -2.857161004272E+09 -2.756272635392E+09
 -2.675419890690E+09 -2.607103258103E+09 -2.547821413539E+09 -2.495643650714E+09
 -2.449284958196E+09 -2.407747320249E+09 -2.370207365963E+09 -2.336008041438E+09
 -2.304591717365E+09 -2.275507181364E+09 -2.248384486606E+09 -2.222913863679E+09
 -2.198850344696E+09 -2.175965293066E+09 -2.154098546403E+09 -2.133089388190E+09
 -2.112816604606E+09 -2.093159113205E+09 -2.074034116915E+09 -2.055348449740E+09
 -2.037034838647E+09 -2.019022807843E+09 -2.001255742009E+09 -1.983677281037E+09
 -1.966243479997E+09 -1.948904012406E+09 -1.931620293920E+09 -1.914356494389E+09
 -1.897073871053E+09 -1.879740313014E+09 -1.862325146886E+09 -1.844793478177E+09
 -1.827122589938E+09 -1.809279045012E+09 -1.791241546856E+09 -1.772977797309E+09
 -1.754460781281E+09 -1.735668126897E+09 -1.716566205998E+09 -1.697127922116E+09
 -1.677326644991E+09 -1.657125406856E+09 -1.636497273995E+09 -1.615401723770E+09
 -1.593802595357E+09 -1.571655567121E+09 -1.548914324889E+09 -1.525525750764E+09
 -1.501428570615E+09 -1.476558786992E+09 -1.450832259141E+09 -1.424156685500E+09
 -1.396418658967E+09 -1.367481450236E+09 -1.337176251903E+09 -1.305285639987E+09
 -1.271528031987E+09 -1.235518884960E+09 -1.196722540297E+09 -1.154321791483E+09
 -1.106979463170E+09 -1.052110474462E+09 -9.831764033474E+08 -8.747625198270E+08
->       1      12       4       1                                 <-   
FLUX-NORM                                                                       
  1.000000000000E+00
->       1      12       3       2                                 <-   
PARTICLE-NAM                                                                    
         4         4
B   B   
->       1      12       1      40                                 <-   
STATE-VECTOR                                                                    
       100         2         1         1         0         0         0         0
         0         0         0         0         0         0         0         0
         0         0         0         0         0         0         0         0
         0         0         0         0         0         0         0         0
         0         0         0         0         0         0         0         0
->      -1       0       0       0                                 <-   
