->       1      12       3       3                                 <-   
SIGNATURE                                                                       
         4         4         4
L_DEPOSITION
->       1      12       2     100                                 <-   
VOLUME                                                                          
  3.33333330E-04  3.33333330E-04  3.33333272E-04  3.33333388E-04  3.33333272E-04
  3.33333272E-04  3.33333388E-04  3.33333388E-04  3.33333388E-04  3.33333155E-04
  3.33333388E-04  3.33333155E-04  3.33333388E-04  3.33333388E-04  3.33333388E-04
  3.33333388E-04  3.33333388E-04  3.33333388E-04  3.33332922E-04  3.33333388E-04
  3.33333388E-04  3.33333388E-04  3.33333388E-04  3.33332922E-04  3.33333388E-04
  3.33333388E-04  3.33333388E-04  3.33333388E-04  3.33333388E-04  3.33333388E-04
  2.84285713E-02  2.84285732E-02  2.84285694E-02  2.84285694E-02  2.84285694E-02
  2.84285694E-02  2.84285843E-02  2.84285694E-02  2.84285545E-02  2.84285843E-02
  2.84285843E-02  2.84285545E-02  2.84285843E-02  2.84285545E-02  2.84285843E-02
  2.84285545E-02  2.84285843E-02  2.84285545E-02  2.84286141E-02  2.84285545E-02
  2.84285545E-02  2.84285545E-02  2.84286141E-02  2.84285545E-02  2.84285545E-02
  2.84286141E-02  2.84285545E-02  2.84285545E-02  2.84285545E-02  2.84286141E-02
  2.84285545E-02  2.84285545E-02  2.84286141E-02  2.84285545E-02  2.84285545E-02
  2.84285545E-02  2.84285545E-02  2.84285545E-02  2.84286737E-02  2.84285545E-02
  2.84285545E-02  2.84285545E-02  2.84285545E-02  2.84285545E-02  2.84285545E-02
  2.84286737E-02  2.84285545E-02  2.84285545E-02  2.84285545E-02  2.84285545E-02
  2.84285545E-02  2.84285545E-02  2.84286737E-02  2.84285545E-02  2.84285545E-02
  2.84285545E-02  2.84285545E-02  2.84285545E-02  2.84285545E-02  2.84286737E-02
  2.84285545E-02  2.84285545E-02  2.84285545E-02  2.84285545E-02  2.84285545E-02
  2.84285545E-02  2.84286737E-02  2.84285545E-02  2.84285545E-02  2.84285545E-02
->       1      12       4     200                                 <-   
EDEPOS                                                                          
  4.690614165289E+07  4.903327654115E+07  5.004202035464E+07  5.072578051011E+07
  5.125883081586E+07  5.170058391619E+07  5.207824634884E+07  5.240684914192E+07
  5.269544414427E+07  5.295011122565E+07  5.317509403901E+07  5.337324629792E+07
  5.354705787227E+07  5.369804744276E+07  5.382768878219E+07  5.393707842164E+07
  5.402699495474E+07  5.409828736574E+07  5.415145931458E+07  5.418709405548E+07
  5.420557056846E+07  5.420734331841E+07  5.419265746156E+07  5.416184367743E+07
  5.411521725535E+07  5.405285454656E+07  5.397509715267E+07  5.388167758935E+07
  5.377169905984E+07  5.363804026833E+07  4.812173358017E+07  4.021954299847E+07
  3.584000689427E+07  3.327043807958E+07  3.158540084924E+07  3.034347419631E+07
  2.934499680617E+07  2.850060867585E+07  2.776794251901E+07  2.712324097668E+07
  2.655045561981E+07  2.603713266196E+07  2.557319312884E+07  2.515043030267E+07
  2.476211242504E+07  2.440277636158E+07  2.406790331433E+07  2.375383194142E+07
  2.345746747409E+07  2.317628206813E+07  2.290814104650E+07  2.265123715186E+07
  2.240406059779E+07  2.216528409139E+07  2.193378867668E+07  2.170854072605E+07
  2.148869506854E+07  2.127346534152E+07  2.106212624486E+07  2.085406289079E+07
  2.064870692120E+07  2.044554491310E+07  2.024408523408E+07  2.004389898444E+07
  1.984458014662E+07  1.964573363542E+07  1.944703552570E+07  1.924810522775E+07
  1.904865845701E+07  1.884838483501E+07  1.864697258441E+07  1.844412843980E+07
  1.823957398270E+07  1.803303095634E+07  1.782419733229E+07  1.761278999872E+07
  1.739849402225E+07  1.718100571342E+07  1.695997781876E+07  1.673507220743E+07
  1.650591470867E+07  1.627207279240E+07  1.603311397993E+07  1.578849562152E+07
  1.553768590180E+07  1.527999955918E+07  1.501470083291E+07  1.474090525859E+07
  1.445753084914E+07  1.416331449978E+07  1.385665881322E+07  1.353554578995E+07
  1.319734875239E+07  1.283852915175E+07  1.245409751664E+07  1.203662761143E+07
  1.157395828003E+07  1.104289411994E+07  1.038546596436E+07  9.380297052722E+06
  4.690614165289E+07  4.903327654115E+07  5.004202035464E+07  5.072578051011E+07
  5.125883081586E+07  5.170058391619E+07  5.207824634884E+07  5.240684914192E+07
  5.269544414427E+07  5.295011122565E+07  5.317509403901E+07  5.337324629792E+07
  5.354705787227E+07  5.369804744276E+07  5.382768878219E+07  5.393707842164E+07
  5.402699495474E+07  5.409828736574E+07  5.415145931458E+07  5.418709405548E+07
  5.420557056846E+07  5.420734331841E+07  5.419265746156E+07  5.416184367743E+07
  5.411521725535E+07  5.405285454656E+07  5.397509715267E+07  5.388167758935E+07
  5.377169905984E+07  5.363804026833E+07  4.812173358017E+07  4.021954299847E+07
  3.584000689427E+07  3.327043807958E+07  3.158540084924E+07  3.034347419631E+07
  2.934499680617E+07  2.850060867585E+07  2.776794251901E+07  2.712324097668E+07
  2.655045561981E+07  2.603713266196E+07  2.557319312884E+07  2.515043030267E+07
  2.476211242504E+07  2.440277636158E+07  2.406790331433E+07  2.375383194142E+07
  2.345746747409E+07  2.317628206813E+07  2.290814104650E+07  2.265123715186E+07
  2.240406059779E+07  2.216528409139E+07  2.193378867668E+07  2.170854072605E+07
  2.148869506854E+07  2.127346534152E+07  2.106212624486E+07  2.085406289079E+07
  2.064870692120E+07  2.044554491310E+07  2.024408523408E+07  2.004389898444E+07
  1.984458014662E+07  1.964573363542E+07  1.944703552570E+07  1.924810522775E+07
  1.904865845701E+07  1.884838483501E+07  1.864697258441E+07  1.844412843980E+07
  1.823957398270E+07  1.803303095634E+07  1.782419733229E+07  1.761278999872E+07
  1.739849402225E+07  1.718100571342E+07  1.695997781876E+07  1.673507220743E+07
  1.650591470867E+07  1.627207279240E+07  1.603311397993E+07  1.578849562152E+07
  1.553768590180E+07  1.527999955918E+07  1.501470083291E+07  1.474090525859E+07
  1.445753084914E+07  1.416331449978E+07  1.385665881322E+07  1.353554578995E+07
  1.319734875239E+07  1.283852915175E+07  1.245409751664E+07  1.203662761143E+07
  1.157395828003E+07  1.104289411994E+07  1.038546596436E+07  9.380297052722E+06
->       1      12       4     100                                 <-   
EDEPOS_TOT                                                                      
  9.381228330579E+07  9.806655308230E+07  1.000840407093E+08  1.014515610202E+08
  1.025176616317E+08  1.034011678324E+08  1.041564926977E+08  1.048136982838E+08
  1.053908882885E+08  1.059002224513E+08  1.063501880780E+08  1.067464925958E+08
  1.070941157445E+08  1.073960948855E+08  1.076553775644E+08  1.078741568433E+08
  1.080539899095E+08  1.081965747315E+08  1.083029186292E+08  1.083741881110E+08
  1.084111411369E+08  1.084146866368E+08  1.083853149231E+08  1.083236873549E+08
  1.082304345107E+08  1.081057090931E+08  1.079501943053E+08  1.077633551787E+08
  1.075433981197E+08  1.072760805367E+08  9.624346716034E+07  8.043908599694E+07
  7.168001378854E+07  6.654087615916E+07  6.317080169849E+07  6.068694839263E+07
  5.868999361234E+07  5.700121735170E+07  5.553588503801E+07  5.424648195337E+07
  5.310091123961E+07  5.207426532392E+07  5.114638625769E+07  5.030086060534E+07
  4.952422485008E+07  4.880555272317E+07  4.813580662867E+07  4.750766388284E+07
  4.691493494819E+07  4.635256413627E+07  4.581628209299E+07  4.530247430371E+07
  4.480812119559E+07  4.433056818277E+07  4.386757735336E+07  4.341708145209E+07
  4.297739013708E+07  4.254693068303E+07  4.212425248973E+07  4.170812578158E+07
  4.129741384239E+07  4.089108982621E+07  4.048817046816E+07  4.008779796888E+07
  3.968916029325E+07  3.929146727084E+07  3.889407105140E+07  3.849621045550E+07
  3.809731691402E+07  3.769676967002E+07  3.729394516882E+07  3.688825687961E+07
  3.647914796540E+07  3.606606191268E+07  3.564839466458E+07  3.522557999744E+07
  3.479698804450E+07  3.436201142684E+07  3.391995563753E+07  3.347014441486E+07
  3.301182941734E+07  3.254414558481E+07  3.206622795987E+07  3.157699124305E+07
  3.107537180359E+07  3.055999911836E+07  3.002940166582E+07  2.948181051719E+07
  2.891506169827E+07  2.832662899955E+07  2.771331762645E+07  2.707109157991E+07
  2.639469750478E+07  2.567705830350E+07  2.490819503328E+07  2.407325522285E+07
  2.314791656006E+07  2.208578823988E+07  2.077093192872E+07  1.876059410544E+07
->       1      12       4     200                                 <-   
CDEPOS                                                                          
 -2.224368398823E+09 -2.258616399190E+09 -2.292879049947E+09 -2.321571369465E+09
 -2.345785559752E+09 -2.366653751119E+09 -2.384917296582E+09 -2.401080731432E+09
 -2.415472479073E+09 -2.428325798132E+09 -2.439799100086E+09 -2.450037934739E+09
 -2.459130346917E+09 -2.467153658102E+09 -2.474170844452E+09 -2.480236843458E+09
 -2.485386530113E+09 -2.489651966914E+09 -2.493081824147E+09 -2.495684965925E+09
 -2.497497340628E+09 -2.498527465459E+09 -2.498805715414E+09 -2.498344955637E+09
 -2.497167528182E+09 -2.495299840988E+09 -2.492770466403E+09 -2.489636216917E+09
 -2.486021967509E+09 -2.482449718095E+09 -2.247224573079E+09 -1.901531381584E+09
 -1.706689044241E+09 -1.592101076411E+09 -1.517217533474E+09 -1.462257187914E+09
 -1.418178813329E+09 -1.380938709852E+09 -1.348628258708E+09 -1.320196727167E+09
 -1.294939050193E+09 -1.272310344009E+09 -1.251863391361E+09 -1.233232170033E+09
 -1.216119930204E+09 -1.200278542410E+09 -1.185511019480E+09 -1.171648032934E+09
 -1.158548349853E+09 -1.146105686098E+09 -1.134218483054E+09 -1.122804747628E+09
 -1.111800309535E+09 -1.101139207115E+09 -1.090772587889E+09 -1.080655632708E+09
 -1.070749339810E+09 -1.061015675734E+09 -1.051426373553E+09 -1.041948715987E+09
 -1.032559709075E+09 -1.023231763834E+09 -1.013946858559E+09 -1.004679853312E+09
 -9.954174759483E+08 -9.861408171693E+08 -9.768247613820E+08 -9.674625548135E+08
 -9.580383610247E+08 -9.485309556237E+08 -9.389323670051E+08 -9.292247330957E+08
 -9.193937724798E+08 -9.094275957031E+08 -8.993100218516E+08 -8.890264887983E+08
 -8.785613060041E+08 -8.678985056978E+08 -8.570194439566E+08 -8.459069549409E+08
 -8.345421843683E+08 -8.229013533302E+08 -8.109607999108E+08 -7.986922434665E+08
 -7.860659947574E+08 -7.730468312419E+08 -7.595952855598E+08 -7.456609858221E+08
 -7.311865953112E+08 -7.161030508556E+08 -7.003236121467E+08 -6.837379640998E+08
 -6.661998933763E+08 -6.475192390592E+08 -6.274191668133E+08 -6.054881186049E+08
 -5.810509539992E+08 -5.528117857945E+08 -5.175170613030E+08 -4.626483553305E+08
 -2.224368398823E+09 -2.258616399190E+09 -2.292879049947E+09 -2.321571369465E+09
 -2.345785559752E+09 -2.366653751119E+09 -2.384917296582E+09 -2.401080731432E+09
 -2.415472479073E+09 -2.428325798132E+09 -2.439799100086E+09 -2.450037934739E+09
 -2.459130346917E+09 -2.467153658102E+09 -2.474170844452E+09 -2.480236843458E+09
 -2.485386530113E+09 -2.489651966914E+09 -2.493081824147E+09 -2.495684965925E+09
 -2.497497340628E+09 -2.498527465459E+09 -2.498805715414E+09 -2.498344955637E+09
 -2.497167528182E+09 -2.495299840988E+09 -2.492770466403E+09 -2.489636216917E+09
 -2.486021967509E+09 -2.482449718095E+09 -2.247224573079E+09 -1.901531381584E+09
 -1.706689044241E+09 -1.592101076411E+09 -1.517217533474E+09 -1.462257187914E+09
 -1.418178813329E+09 -1.380938709852E+09 -1.348628258708E+09 -1.320196727167E+09
 -1.294939050193E+09 -1.272310344009E+09 -1.251863391361E+09 -1.233232170033E+09
 -1.216119930204E+09 -1.200278542410E+09 -1.185511019480E+09 -1.171648032934E+09
 -1.158548349853E+09 -1.146105686098E+09 -1.134218483054E+09 -1.122804747628E+09
 -1.111800309535E+09 -1.101139207115E+09 -1.090772587889E+09 -1.080655632708E+09
 -1.070749339810E+09 -1.061015675734E+09 -1.051426373553E+09 -1.041948715987E+09
 -1.032559709075E+09 -1.023231763834E+09 -1.013946858559E+09 -1.004679853312E+09
 -9.954174759483E+08 -9.861408171693E+08 -9.768247613820E+08 -9.674625548135E+08
 -9.580383610247E+08 -9.485309556237E+08 -9.389323670051E+08 -9.292247330957E+08
 -9.193937724798E+08 -9.094275957031E+08 -8.993100218516E+08 -8.890264887983E+08
 -8.785613060041E+08 -8.678985056978E+08 -8.570194439566E+08 -8.459069549409E+08
 -8.345421843683E+08 -8.229013533302E+08 -8.109607999108E+08 -7.986922434665E+08
 -7.860659947574E+08 -7.730468312419E+08 -7.595952855598E+08 -7.456609858221E+08
 -7.311865953112E+08 -7.161030508556E+08 -7.003236121467E+08 -6.837379640998E+08
 -6.661998933763E+08 -6.475192390592E+08 -6.274191668133E+08 -6.054881186049E+08
 -5.810509539992E+08 -5.528117857945E+08 -5.175170613030E+08 -4.626483553305E+08
->       1      12       4     100                                 <-   
CDEPOS_TOT                                                                      
 -4.448736797647E+09 -4.517232798381E+09 -4.585758099893E+09 -4.643142738930E+09
 -4.691571119504E+09 -4.733307502239E+09 -4.769834593163E+09 -4.802161462864E+09
 -4.830944958146E+09 -4.856651596265E+09 -4.879598200172E+09 -4.900075869478E+09
 -4.918260693834E+09 -4.934307316204E+09 -4.948341688904E+09 -4.960473686915E+09
 -4.970773060227E+09 -4.979303933828E+09 -4.986163648294E+09 -4.991369931851E+09
 -4.994994681257E+09 -4.997054930919E+09 -4.997611430828E+09 -4.996689911274E+09
 -4.994335056365E+09 -4.990599681977E+09 -4.985540932806E+09 -4.979272433834E+09
 -4.972043935018E+09 -4.964899436190E+09 -4.494449146157E+09 -3.803062763169E+09
 -3.413378088483E+09 -3.184202152822E+09 -3.034435066948E+09 -2.924514375827E+09
 -2.836357626658E+09 -2.761877419705E+09 -2.697256517416E+09 -2.640393454333E+09
 -2.589878100387E+09 -2.544620688019E+09 -2.503726782722E+09 -2.466464340067E+09
 -2.432239860408E+09 -2.400557084821E+09 -2.371022038959E+09 -2.343296065869E+09
 -2.317096699707E+09 -2.292211372195E+09 -2.268436966108E+09 -2.245609495256E+09
 -2.223600619069E+09 -2.202278414230E+09 -2.181545175779E+09 -2.161311265416E+09
 -2.141498679619E+09 -2.122031351468E+09 -2.102852747106E+09 -2.083897431974E+09
 -2.065119418151E+09 -2.046463527667E+09 -2.027893717119E+09 -2.009359706623E+09
 -1.990834951897E+09 -1.972281634339E+09 -1.953649522764E+09 -1.934925109627E+09
 -1.916076722049E+09 -1.897061911247E+09 -1.877864734010E+09 -1.858449466191E+09
 -1.838787544960E+09 -1.818855191406E+09 -1.798620043703E+09 -1.778052977597E+09
 -1.757122612008E+09 -1.735797011396E+09 -1.714038887913E+09 -1.691813909882E+09
 -1.669084368737E+09 -1.645802706660E+09 -1.621921599822E+09 -1.597384486933E+09
 -1.572131989515E+09 -1.546093662484E+09 -1.519190571120E+09 -1.491321971644E+09
 -1.462373190622E+09 -1.432206101711E+09 -1.400647224293E+09 -1.367475928200E+09
 -1.332399786753E+09 -1.295038478118E+09 -1.254838333627E+09 -1.210976237210E+09
 -1.162101907998E+09 -1.105623571589E+09 -1.035034122606E+09 -9.252967106610E+08
->       1      12       4       1                                 <-   
FLUX-NORM                                                                       
  1.000000000000E+00
->       1      12       3       2                                 <-   
PARTICLE-NAM                                                                    
         4         4
B   B   
->       1      12       1      40                                 <-   
STATE-VECTOR                                                                    
       100         2         1         1         0         0         0         0
         0         0         0         0         0         0         0         0
         0         0         0         0         0         0         0         0
         0         0         0         0         0         0         0         0
         0         0         0         0         0         0         0         0
->      -1       0       0       0                                 <-   
