->       1      12       3       3                                 <-   
SIGNATURE                                                                       
         4         4         4
L_DEPOSITION
->       1      12       2     100                                 <-   
VOLUME                                                                          
  3.33333330E-04  3.33333330E-04  3.33333272E-04  3.33333388E-04  3.33333272E-04
  3.33333272E-04  3.33333388E-04  3.33333388E-04  3.33333388E-04  3.33333155E-04
  3.33333388E-04  3.33333155E-04  3.33333388E-04  3.33333388E-04  3.33333388E-04
  3.33333388E-04  3.33333388E-04  3.33333388E-04  3.33332922E-04  3.33333388E-04
  3.33333388E-04  3.33333388E-04  3.33333388E-04  3.33332922E-04  3.33333388E-04
  3.33333388E-04  3.33333388E-04  3.33333388E-04  3.33333388E-04  3.33333388E-04
  2.84285713E-02  2.84285732E-02  2.84285694E-02  2.84285694E-02  2.84285694E-02
  2.84285694E-02  2.84285843E-02  2.84285694E-02  2.84285545E-02  2.84285843E-02
  2.84285843E-02  2.84285545E-02  2.84285843E-02  2.84285545E-02  2.84285843E-02
  2.84285545E-02  2.84285843E-02  2.84285545E-02  2.84286141E-02  2.84285545E-02
  2.84285545E-02  2.84285545E-02  2.84286141E-02  2.84285545E-02  2.84285545E-02
  2.84286141E-02  2.84285545E-02  2.84285545E-02  2.84285545E-02  2.84286141E-02
  2.84285545E-02  2.84285545E-02  2.84286141E-02  2.84285545E-02  2.84285545E-02
  2.84285545E-02  2.84285545E-02  2.84285545E-02  2.84286737E-02  2.84285545E-02
  2.84285545E-02  2.84285545E-02  2.84285545E-02  2.84285545E-02  2.84285545E-02
  2.84286737E-02  2.84285545E-02  2.84285545E-02  2.84285545E-02  2.84285545E-02
  2.84285545E-02  2.84285545E-02  2.84286737E-02  2.84285545E-02  2.84285545E-02
  2.84285545E-02  2.84285545E-02  2.84285545E-02  2.84285545E-02  2.84286737E-02
  2.84285545E-02  2.84285545E-02  2.84285545E-02  2.84285545E-02  2.84285545E-02
  2.84285545E-02  2.84286737E-02  2.84285545E-02  2.84285545E-02  2.84285545E-02
->       1      12       4     200                                 <-   
EDEPOS                                                                          
  4.887145950780E+07  5.054715874450E+07  5.150597829577E+07  5.224089573392E+07
  5.286263479720E+07  5.340979505486E+07  5.390051069627E+07  5.434485046718E+07
  5.474907110405E+07  5.511746501152E+07  5.545228973879E+07  5.575591457157E+07
  5.602968417539E+07  5.627445366652E+07  5.649140284971E+07  5.668172117789E+07
  5.684607076033E+07  5.698447503452E+07  5.709710751417E+07  5.718474257982E+07
  5.724783631947E+07  5.728642029752E+07  5.730124451384E+07  5.729235384867E+07
  5.725990077062E+07  5.720400820166E+07  5.712489493338E+07  5.702298870008E+07
  5.689887543917E+07  5.675346335363E+07  4.986974143382E+07  4.023198749751E+07
  3.532455712406E+07  3.251757231678E+07  3.043616262316E+07  2.866747751176E+07
  2.711820094011E+07  2.574003949251E+07  2.450385752622E+07  2.336117909080E+07
  2.233464406697E+07  2.133405162247E+07  2.042118921974E+07  1.956114887294E+07
  1.871147517196E+07  1.789907109505E+07  1.714038810268E+07  1.640834721924E+07
  1.567692493951E+07  1.495096679917E+07  1.425022878854E+07  1.358231868686E+07
  1.293561781432E+07  1.229124332793E+07  1.163786197232E+07  1.097736196242E+07
  1.032071467579E+07  9.679685557423E+06  9.060247846358E+06  8.460531572847E+06
  7.872838613731E+06  7.287663328805E+06  6.697625223316E+06  6.099983131820E+06
  5.497319928211E+06  4.896755736527E+06  4.308280237642E+06  3.742837258726E+06
  3.210639905198E+06  2.719985009879E+06  2.276585778896E+06  1.883424741240E+06
  1.540957946963E+06  1.247549304483E+06  9.999972572502E+05  7.940764055905E+05
  6.250141905097E+05  4.878808744863E+05  3.778804754189E+05  2.905501196598E+05
  2.218759243865E+05  1.683472900921E+05  1.269642947873E+05  9.521349314816E+04
  7.102456975125E+04  5.271735144836E+04  3.894634287727E+04  2.864659494456E+04
  2.098412492662E+04  1.531196611833E+04  1.113259598450E+04  8.066419094584E+03
  5.825958033513E+03  4.195017293145E+03  3.011865344940E+03  2.155971485600E+03
  1.538059737417E+03  1.091797245844E+03  7.652739562891E+02  5.048643553230E+02
  4.887145950780E+07  5.054715874450E+07  5.150597829577E+07  5.224089573392E+07
  5.286263479720E+07  5.340979505486E+07  5.390051069627E+07  5.434485046718E+07
  5.474907110405E+07  5.511746501152E+07  5.545228973879E+07  5.575591457157E+07
  5.602968417539E+07  5.627445366652E+07  5.649140284971E+07  5.668172117789E+07
  5.684607076033E+07  5.698447503452E+07  5.709710751417E+07  5.718474257982E+07
  5.724783631947E+07  5.728642029752E+07  5.730124451384E+07  5.729235384867E+07
  5.725990077062E+07  5.720400820166E+07  5.712489493338E+07  5.702298870008E+07
  5.689887543917E+07  5.675346335363E+07  4.986974143382E+07  4.023198749751E+07
  3.532455712406E+07  3.251757231678E+07  3.043616262316E+07  2.866747751176E+07
  2.711820094011E+07  2.574003949251E+07  2.450385752622E+07  2.336117909080E+07
  2.233464406697E+07  2.133405162247E+07  2.042118921974E+07  1.956114887294E+07
  1.871147517196E+07  1.789907109505E+07  1.714038810268E+07  1.640834721924E+07
  1.567692493951E+07  1.495096679917E+07  1.425022878854E+07  1.358231868686E+07
  1.293561781432E+07  1.229124332793E+07  1.163786197232E+07  1.097736196242E+07
  1.032071467579E+07  9.679685557423E+06  9.060247846358E+06  8.460531572847E+06
  7.872838613731E+06  7.287663328805E+06  6.697625223316E+06  6.099983131820E+06
  5.497319928211E+06  4.896755736527E+06  4.308280237642E+06  3.742837258726E+06
  3.210639905198E+06  2.719985009879E+06  2.276585778896E+06  1.883424741240E+06
  1.540957946963E+06  1.247549304483E+06  9.999972572502E+05  7.940764055905E+05
  6.250141905097E+05  4.878808744863E+05  3.778804754189E+05  2.905501196598E+05
  2.218759243865E+05  1.683472900921E+05  1.269642947873E+05  9.521349314816E+04
  7.102456975125E+04  5.271735144836E+04  3.894634287727E+04  2.864659494456E+04
  2.098412492662E+04  1.531196611833E+04  1.113259598450E+04  8.066419094584E+03
  5.825958033513E+03  4.195017293145E+03  3.011865344940E+03  2.155971485600E+03
  1.538059737417E+03  1.091797245844E+03  7.652739562891E+02  5.048643553230E+02
->       1      12       4     200                                 <-   
DOSE_PART                                                                       
  2.349021187466E-02  2.429564167980E-02  2.475650546225E-02  2.510973699951E-02
  2.540858654487E-02  2.567158079050E-02  2.590743571121E-02  2.612100890190E-02
  2.631529871525E-02  2.649238681265E-02  2.665330277746E-02  2.679925964690E-02
  2.693082907643E-02  2.704847823733E-02  2.715275548709E-02  2.724423253969E-02
  2.732322763985E-02  2.738975205287E-02  2.744392751734E-02  2.748601122533E-02
  2.751633741302E-02  2.753488291320E-02  2.754200821547E-02  2.753777336147E-02
  2.752213622622E-02  2.749527130196E-02  2.745724528170E-02  2.740826375715E-02
  2.734860836082E-02  2.727871562309E-02  2.810557324280E-04  2.267392941527E-04
  1.990820413390E-04  1.832624441257E-04  1.715320411312E-04  1.615640904722E-04
  1.528326017457E-04  1.450656433800E-04  1.380988448596E-04  1.316587994970E-04
  1.258734592814E-04  1.202344521504E-04  1.150896213981E-04  1.102427265008E-04
  1.054540247469E-04  1.008755882473E-04  9.659970122831E-05  9.247416634735E-05
  8.835183128290E-05  8.426066150155E-05  8.031144208930E-05  7.654723421251E-05
  7.290240446266E-05  6.927099146159E-05  6.558866469464E-05  6.186608890315E-05
  5.816548571287E-05  5.455277368688E-05  5.106174651824E-05  4.768176545925E-05
  4.436974534145E-05  4.107181436050E-05  3.774639835363E-05  3.437828608274E-05
  3.098179668637E-05  2.759713690181E-05  2.428060657441E-05  2.109388292738E-05
  1.809444910683E-05  1.532929203076E-05  1.283038256131E-05  1.061460551127E-05
  8.684531087606E-06  7.030938605080E-06  5.635784730677E-06  4.475237190139E-06
  3.522455092544E-06  2.749599124282E-06  2.129658854508E-06  1.637482419080E-06
  1.250448376429E-06  9.487716891951E-07  7.155423959859E-07  5.366042226099E-07
  4.002802835757E-07  2.971044592176E-07  2.194938065200E-07  1.614464851818E-07
  1.182623352120E-07  8.629481967283E-08  6.274108654535E-08  4.546072625189E-08
  3.283393538210E-08  2.364227925049E-08  1.697427127805E-08  1.215062450444E-08
  8.668161009552E-09  6.153151123679E-09  4.312931106930E-09  2.845314628778E-09
  2.349021187466E-02  2.429564167980E-02  2.475650546225E-02  2.510973699951E-02
  2.540858654487E-02  2.567158079050E-02  2.590743571121E-02  2.612100890190E-02
  2.631529871525E-02  2.649238681265E-02  2.665330277746E-02  2.679925964690E-02
  2.693082907643E-02  2.704847823733E-02  2.715275548709E-02  2.724423253969E-02
  2.732322763985E-02  2.738975205287E-02  2.744392751734E-02  2.748601122533E-02
  2.751633741302E-02  2.753488291320E-02  2.754200821547E-02  2.753777336147E-02
  2.752213622622E-02  2.749527130196E-02  2.745724528170E-02  2.740826375715E-02
  2.734860836082E-02  2.727871562309E-02  2.810557324280E-04  2.267392941527E-04
  1.990820413390E-04  1.832624441257E-04  1.715320411312E-04  1.615640904722E-04
  1.528326017457E-04  1.450656433800E-04  1.380988448596E-04  1.316587994970E-04
  1.258734592814E-04  1.202344521504E-04  1.150896213981E-04  1.102427265008E-04
  1.054540247469E-04  1.008755882473E-04  9.659970122831E-05  9.247416634735E-05
  8.835183128290E-05  8.426066150155E-05  8.031144208930E-05  7.654723421251E-05
  7.290240446266E-05  6.927099146159E-05  6.558866469464E-05  6.186608890315E-05
  5.816548571287E-05  5.455277368688E-05  5.106174651824E-05  4.768176545925E-05
  4.436974534145E-05  4.107181436050E-05  3.774639835363E-05  3.437828608274E-05
  3.098179668637E-05  2.759713690181E-05  2.428060657441E-05  2.109388292738E-05
  1.809444910683E-05  1.532929203076E-05  1.283038256131E-05  1.061460551127E-05
  8.684531087606E-06  7.030938605080E-06  5.635784730677E-06  4.475237190139E-06
  3.522455092544E-06  2.749599124282E-06  2.129658854508E-06  1.637482419080E-06
  1.250448376429E-06  9.487716891951E-07  7.155423959859E-07  5.366042226099E-07
  4.002802835757E-07  2.971044592176E-07  2.194938065200E-07  1.614464851818E-07
  1.182623352120E-07  8.629481967283E-08  6.274108654535E-08  4.546072625189E-08
  3.283393538210E-08  2.364227925049E-08  1.697427127805E-08  1.215062450444E-08
  8.668161009552E-09  6.153151123679E-09  4.312931106930E-09  2.845314628778E-09
->       1      12       4     100                                 <-   
EDEPOS_TOT                                                                      
  9.774291901560E+07  1.010943174890E+08  1.030119565915E+08  1.044817914678E+08
  1.057252695944E+08  1.068195901097E+08  1.078010213925E+08  1.086897009344E+08
  1.094981422081E+08  1.102349300230E+08  1.109045794776E+08  1.115118291431E+08
  1.120593683508E+08  1.125489073330E+08  1.129828056994E+08  1.133634423558E+08
  1.136921415207E+08  1.139689500690E+08  1.141942150283E+08  1.143694851596E+08
  1.144956726389E+08  1.145728405950E+08  1.146024890277E+08  1.145847076973E+08
  1.145198015412E+08  1.144080164033E+08  1.142497898668E+08  1.140459774002E+08
  1.137977508783E+08  1.135069267073E+08  9.973948286764E+07  8.046397499502E+07
  7.064911424813E+07  6.503514463355E+07  6.087232524631E+07  5.733495502351E+07
  5.423640188022E+07  5.148007898501E+07  4.900771505245E+07  4.672235818160E+07
  4.466928813394E+07  4.266810324494E+07  4.084237843948E+07  3.912229774589E+07
  3.742295034391E+07  3.579814219011E+07  3.428077620536E+07  3.281669443848E+07
  3.135384987901E+07  2.990193359835E+07  2.850045757708E+07  2.716463737372E+07
  2.587123562863E+07  2.458248665586E+07  2.327572394465E+07  2.195472392485E+07
  2.064142935158E+07  1.935937111485E+07  1.812049569272E+07  1.692106314569E+07
  1.574567722746E+07  1.457532665761E+07  1.339525044663E+07  1.219996626364E+07
  1.099463985642E+07  9.793511473054E+06  8.616560475285E+06  7.485674517452E+06
  6.421279810397E+06  5.439970019759E+06  4.553171557792E+06  3.766849482480E+06
  3.081915893926E+06  2.495098608967E+06  1.999994514500E+06  1.588152811181E+06
  1.250028381019E+06  9.757617489726E+05  7.557609508378E+05  5.811002393197E+05
  4.437518487730E+05  3.366945801842E+05  2.539285895747E+05  1.904269862963E+05
  1.420491395025E+05  1.054347028967E+05  7.789268575454E+04  5.729318988913E+04
  4.196824985323E+04  3.062393223665E+04  2.226519196900E+04  1.613283818917E+04
  1.165191606703E+04  8.390034586290E+03  6.023730689881E+03  4.311942971200E+03
  3.076119474834E+03  2.183594491689E+03  1.530547912578E+03  1.009728710646E+03
->       1      12       4     100                                 <-   
DOSE_TOT                                                                        
  4.698042374931E-02  4.859128335959E-02  4.951301092451E-02  5.021947399903E-02
  5.081717308973E-02  5.134316158099E-02  5.181487142243E-02  5.224201780380E-02
  5.263059743050E-02  5.298477362529E-02  5.330660555491E-02  5.359851929381E-02
  5.386165815286E-02  5.409695647466E-02  5.430551097418E-02  5.448846507938E-02
  5.464645527970E-02  5.477950410574E-02  5.488785503468E-02  5.497202245067E-02
  5.503267482605E-02  5.506976582641E-02  5.508401643095E-02  5.507554672294E-02
  5.504427245243E-02  5.499054260392E-02  5.491449056340E-02  5.481652751430E-02
  5.469721672165E-02  5.455743124618E-02  5.621114648560E-04  4.534785883054E-04
  3.981640826781E-04  3.665248882514E-04  3.430640822623E-04  3.231281809443E-04
  3.056652034914E-04  2.901312867600E-04  2.761976897191E-04  2.633175989941E-04
  2.517469185628E-04  2.404689043008E-04  2.301792427962E-04  2.204854530017E-04
  2.109080494938E-04  2.017511764946E-04  1.931994024566E-04  1.849483326947E-04
  1.767036625658E-04  1.685213230031E-04  1.606228841786E-04  1.530944684250E-04
  1.458048089253E-04  1.385419829232E-04  1.311773293893E-04  1.237321778063E-04
  1.163309714257E-04  1.091055473738E-04  1.021234930365E-04  9.536353091850E-05
  8.873949068291E-05  8.214362872100E-05  7.549279670725E-05  6.875657216547E-05
  6.196359337274E-05  5.519427380363E-05  4.856121314882E-05  4.218776585476E-05
  3.618889821365E-05  3.065858406152E-05  2.566076512261E-05  2.122921102253E-05
  1.736906217521E-05  1.406187721016E-05  1.127156946135E-05  8.950474380278E-06
  7.044910185088E-06  5.499198248563E-06  4.259317709016E-06  3.274964838160E-06
  2.500896752859E-06  1.897543378390E-06  1.431084791972E-06  1.073208445220E-06
  8.005605671513E-07  5.942089184352E-07  4.389876130400E-07  3.228929703635E-07
  2.365246704241E-07  1.725896393457E-07  1.254821730907E-07  9.092145250378E-08
  6.566787076421E-08  4.728455850097E-08  3.394854255610E-08  2.430124900889E-08
  1.733632201910E-08  1.230630224736E-08  8.625862213859E-09  5.690629257556E-09
->       1      12       4     200                                 <-   
CDEPOS                                                                          
 -2.965536969262E+09 -3.051477595182E+09 -3.106149388173E+09 -3.149594108741E+09
 -3.186854840630E+09 -3.219860096747E+09 -3.249564592355E+09 -3.276523337936E+09
 -3.301092958909E+09 -3.323506026677E+09 -3.343917201889E+09 -3.362457297500E+09
 -3.379201321106E+09 -3.394198318648E+09 -3.407522066464E+09 -3.419248689541E+09
 -3.429416437875E+09 -3.438026436464E+09 -3.445087998038E+09 -3.450645184395E+09
 -3.454737183724E+09 -3.457366683293E+09 -3.458564058097E+09 -3.458347264388E+09
 -3.456710433401E+09 -3.453670308899E+09 -3.449244559625E+09 -3.443450435574E+09
 -3.436325811742E+09 -3.427914188121E+09 -3.023448174614E+09 -2.451804795280E+09
 -2.159463990548E+09 -1.992451014019E+09 -1.868711548059E+09 -1.763430415052E+09
 -1.671057391971E+09 -1.588756272157E+09 -1.514866890158E+09 -1.446368328167E+09
 -1.384937763096E+09 -1.324690073628E+09 -1.269841353047E+09 -1.218101186167E+09
 -1.166704947617E+09 -1.117507257043E+09 -1.071634086264E+09 -1.027295143133E+09
 -9.827737596651E+08 -9.384177435838E+08 -8.955682909848E+08 -8.547568596975E+08
 -8.152214485810E+08 -7.757089433766E+08 -7.354620149373E+08 -6.946045242678E+08
 -6.538708106728E+08 -6.140525357546E+08 -5.755600756945E+08 -5.382796335016E+08
 -5.017033835640E+08 -4.651965679000E+08 -4.282581606066E+08 -3.906896492525E+08
 -3.526454708659E+08 -3.145822974931E+08 -2.771520089185E+08 -2.410741457707E+08
 -2.070267699773E+08 -1.755651520682E+08 -1.470783361449E+08 -1.217772783962E+08
 -9.970712709009E+07 -8.077523769912E+07 -6.478533309663E+07 -5.147215582994E+07
 -4.053314154910E+07 -3.165373080770E+07 -2.452671526594E+07 -1.886534538157E+07
 -1.441114534145E+07 -1.093773184522E+07 -8.251337922433E+06 -6.189459629715E+06
 -4.618116437780E+06 -3.428487276070E+06 -2.533374385481E+06 -1.863721290461E+06
 -1.365417837938E+06 -9.964686184412E+05 -7.245685151378E+05 -5.250587781747E+05
 -3.792573851960E+05 -2.731115125044E+05 -1.961032223955E+05 -1.403929007867E+05
 -1.001722738880E+05 -7.112402153676E+04 -4.986718032842E+04 -3.290559694057E+04
 -2.965536969262E+09 -3.051477595182E+09 -3.106149388173E+09 -3.149594108741E+09
 -3.186854840630E+09 -3.219860096747E+09 -3.249564592355E+09 -3.276523337936E+09
 -3.301092958909E+09 -3.323506026677E+09 -3.343917201889E+09 -3.362457297500E+09
 -3.379201321106E+09 -3.394198318648E+09 -3.407522066464E+09 -3.419248689541E+09
 -3.429416437875E+09 -3.438026436464E+09 -3.445087998038E+09 -3.450645184395E+09
 -3.454737183724E+09 -3.457366683293E+09 -3.458564058097E+09 -3.458347264388E+09
 -3.456710433401E+09 -3.453670308899E+09 -3.449244559625E+09 -3.443450435574E+09
 -3.436325811742E+09 -3.427914188121E+09 -3.023448174614E+09 -2.451804795280E+09
 -2.159463990548E+09 -1.992451014019E+09 -1.868711548059E+09 -1.763430415052E+09
 -1.671057391971E+09 -1.588756272157E+09 -1.514866890158E+09 -1.446368328167E+09
 -1.384937763096E+09 -1.324690073628E+09 -1.269841353047E+09 -1.218101186167E+09
 -1.166704947617E+09 -1.117507257043E+09 -1.071634086264E+09 -1.027295143133E+09
 -9.827737596651E+08 -9.384177435838E+08 -8.955682909848E+08 -8.547568596975E+08
 -8.152214485810E+08 -7.757089433766E+08 -7.354620149373E+08 -6.946045242678E+08
 -6.538708106728E+08 -6.140525357546E+08 -5.755600756945E+08 -5.382796335016E+08
 -5.017033835640E+08 -4.651965679000E+08 -4.282581606066E+08 -3.906896492525E+08
 -3.526454708659E+08 -3.145822974931E+08 -2.771520089185E+08 -2.410741457707E+08
 -2.070267699773E+08 -1.755651520682E+08 -1.470783361449E+08 -1.217772783962E+08
 -9.970712709009E+07 -8.077523769912E+07 -6.478533309663E+07 -5.147215582994E+07
 -4.053314154910E+07 -3.165373080770E+07 -2.452671526594E+07 -1.886534538157E+07
 -1.441114534145E+07 -1.093773184522E+07 -8.251337922433E+06 -6.189459629715E+06
 -4.618116437780E+06 -3.428487276070E+06 -2.533374385481E+06 -1.863721290461E+06
 -1.365417837938E+06 -9.964686184412E+05 -7.245685151378E+05 -5.250587781747E+05
 -3.792573851960E+05 -2.731115125044E+05 -1.961032223955E+05 -1.403929007867E+05
 -1.001722738880E+05 -7.112402153676E+04 -4.986718032842E+04 -3.290559694057E+04
->       1      12       4     100                                 <-   
CDEPOS_TOT                                                                      
 -5.931073938523E+09 -6.102955190364E+09 -6.212298776345E+09 -6.299188217483E+09
 -6.373709681260E+09 -6.439720193494E+09 -6.499129184710E+09 -6.553046675872E+09
 -6.602185917817E+09 -6.647012053354E+09 -6.687834403779E+09 -6.724914594999E+09
 -6.758402642211E+09 -6.788396637295E+09 -6.815044132927E+09 -6.838497379083E+09
 -6.858832875750E+09 -6.876052872927E+09 -6.890175996077E+09 -6.901290368790E+09
 -6.909474367449E+09 -6.914733366587E+09 -6.917128116194E+09 -6.916694528776E+09
 -6.913420866802E+09 -6.907340617799E+09 -6.898489119250E+09 -6.886900871149E+09
 -6.872651623485E+09 -6.855828376242E+09 -6.046896349228E+09 -4.903609590560E+09
 -4.318927981096E+09 -3.984902028037E+09 -3.737423096119E+09 -3.526860830105E+09
 -3.342114783942E+09 -3.177512544313E+09 -3.029733780317E+09 -2.892736656334E+09
 -2.769875526192E+09 -2.649380147257E+09 -2.539682706094E+09 -2.436202372335E+09
 -2.333409895234E+09 -2.235014514086E+09 -2.143268172527E+09 -2.054590286266E+09
 -1.965547519330E+09 -1.876835487168E+09 -1.791136581970E+09 -1.709513719395E+09
 -1.630442897162E+09 -1.551417886753E+09 -1.470924029875E+09 -1.389209048536E+09
 -1.307741621346E+09 -1.228105071509E+09 -1.151120151389E+09 -1.076559267003E+09
 -1.003406767128E+09 -9.303931358001E+08 -8.565163212131E+08 -7.813792985050E+08
 -7.052909417317E+08 -6.291645949862E+08 -5.543040178370E+08 -4.821482915414E+08
 -4.140535399546E+08 -3.511303041363E+08 -2.941566722898E+08 -2.435545567924E+08
 -1.994142541802E+08 -1.615504753982E+08 -1.295706661933E+08 -1.029443116599E+08
 -8.106628309821E+07 -6.330746161539E+07 -4.905343053188E+07 -3.773069076315E+07
 -2.882229068290E+07 -2.187546369043E+07 -1.650267584487E+07 -1.237891925943E+07
 -9.236232875560E+06 -6.856974552139E+06 -5.066748770962E+06 -3.727442580922E+06
 -2.730835675875E+06 -1.992937236882E+06 -1.449137030276E+06 -1.050117556349E+06
 -7.585147703920E+05 -5.462230250088E+05 -3.922064447911E+05 -2.807858015733E+05
 -2.003445477761E+05 -1.422480430735E+05 -9.973436065684E+04 -6.581119388115E+04
->       1      12       4       1                                 <-   
FLUX-NORM                                                                       
  1.000000000000E+00
->       1      12       3       2                                 <-   
PARTICLE-NAM                                                                    
         4         4
B   B   
->       1      12       1      40                                 <-   
STATE-VECTOR                                                                    
       100         2         1         1         0         0         0         0
         0         0         0         0         0         0         0         0
         0         0         0         0         0         0         0         0
         0         0         0         0         0         0         0         0
         0         0         0         0         0         0         0         0
->      -1       0       0       0                                 <-   
