->       1      12       3       3                                 <-   
SIGNATURE                                                                       
         4         4         4
L_DEPOSITION
->       1      12       2     130                                 <-   
VOLUME                                                                          
  3.33333341E-03  3.33333341E-03  3.33333295E-03  3.33333388E-03  3.33333388E-03
  3.33333202E-03  3.33333388E-03  3.33333388E-03  3.33333388E-03  3.33333388E-03
  3.33333388E-03  3.33333015E-03  3.33333388E-03  3.33333388E-03  3.33333388E-03
  3.33333388E-03  3.33333388E-03  3.33333388E-03  3.33333015E-03  3.33333760E-03
  3.33333015E-03  3.33333760E-03  3.33333015E-03  3.33333015E-03  3.33333760E-03
  3.33333015E-03  3.33333760E-03  3.33333015E-03  3.33333760E-03  3.33333015E-03
  1.90000013E-02  1.89999938E-02  1.90000087E-02  1.89999938E-02  1.90000087E-02
  1.89999938E-02  1.89999938E-02  1.90000087E-02  1.89999938E-02  1.89999938E-02
  1.90000236E-02  1.89999938E-02  1.89999938E-02  1.89999938E-02  1.89999938E-02
  1.90000236E-02  1.89999938E-02  1.89999938E-02  1.89999938E-02  1.89999938E-02
  1.90000236E-02  1.89999938E-02  1.89999938E-02  1.89999938E-02  1.89999938E-02
  1.89999938E-02  1.89999938E-02  1.90000534E-02  1.89999938E-02  1.89999938E-02
  1.89999938E-02  1.89999938E-02  1.89999938E-02  1.89999938E-02  1.89999938E-02
  1.89999938E-02  1.89999938E-02  1.90000534E-02  1.89999938E-02  1.89999938E-02
  1.89999938E-02  1.89999938E-02  1.89999938E-02  1.89999938E-02  1.89999938E-02
  1.89999938E-02  1.90000534E-02  1.89999342E-02  1.90000534E-02  1.89999342E-02
  1.90000534E-02  1.90000534E-02  1.89999342E-02  1.90000534E-02  1.89999342E-02
  1.90000534E-02  1.89999342E-02  1.90000534E-02  1.89999342E-02  1.90000534E-02
  1.89999342E-02  1.90000534E-02  1.90000534E-02  1.89999342E-02  1.90000534E-02
  1.89999342E-02  1.90000534E-02  1.89999342E-02  1.90000534E-02  1.89999342E-02
  1.90000534E-02  1.90000534E-02  1.89999342E-02  1.90000534E-02  1.89999342E-02
  1.90000534E-02  1.89999342E-02  1.90000534E-02  1.89999342E-02  1.90000534E-02
  1.90000534E-02  1.89999342E-02  1.90000534E-02  1.89999342E-02  1.90000534E-02
  1.89999342E-02  1.90000534E-02  1.89999342E-02  1.90000534E-02  1.89999342E-02
  1.90000534E-02  1.90000534E-02  1.89999342E-02  1.90000534E-02  1.89999342E-02
  1.90000534E-02  1.89999342E-02  1.90000534E-02  1.89999342E-02  1.90000534E-02
->       1      12       4     260                                 <-   
EDEPOS                                                                          
  9.408099147189E+07  1.027857818861E+08  1.084218781460E+08  1.127224127734E+08
  1.162147215759E+08  1.191456095483E+08  1.216555394341E+08  1.238323859523E+08
  1.257333356407E+08  1.273973322429E+08  1.288516382546E+08  1.301157397130E+08
  1.312040128690E+08  1.321265970928E+08  1.328915875924E+08  1.335047968669E+08
  1.339698061656E+08  1.342890623633E+08  1.344633719843E+08  1.344918432737E+08
  1.343716750218E+08  1.340977094038E+08  1.336615462196E+08  1.330502018866E+08
  1.322439180294E+08  1.312131407596E+08  1.299140272652E+08  1.282813317136E+08
  1.262188007506E+08  1.235866553614E+08  1.152456108288E+08  1.070728573017E+08
  1.018584730842E+08  9.787442009011E+07  9.463096323658E+07  9.189012866401E+07
  8.951321999379E+07  8.741244680593E+07  8.552879764121E+07  8.382042208384E+07
  8.225639123507E+07  8.081348031333E+07  7.947332856031E+07  7.822130841499E+07
  7.704596592626E+07  7.593747803233E+07  7.488787311690E+07  7.389053726520E+07
  7.293974090236E+07  7.203064850050E+07  7.115907607374E+07  7.032139794285E+07
  6.951448320590E+07  6.873557505704E+07  6.798221296915E+07  6.725225220468E+07
  6.654375855247E+07  6.585505173478E+07  6.518452784586E+07  6.453087631681E+07
  6.389278400336E+07  6.326913906305E+07  6.265890860080E+07  6.206109261629E+07
  6.147492137241E+07  6.089955276364E+07  6.033424994763E+07  5.977829249972E+07
  5.923110485088E+07  5.869204546448E+07  5.816060450162E+07  5.763628196214E+07
  5.711853179322E+07  5.660699873159E+07  5.610114988234E+07  5.560062998220E+07
  5.510503589861E+07  5.461400164705E+07  5.412721956814E+07  5.364430749919E+07
  5.316487687838E+07  5.268874005883E+07  5.221550649813E+07  5.174493350118E+07
  5.127669074669E+07  5.081046902254E+07  5.034612502382E+07  4.988322820780E+07
  4.942164155886E+07  4.896099395794E+07  4.850106271269E+07  4.804155904231E+07
  4.758222809657E+07  4.712286715005E+07  4.666309581167E+07  4.620269620002E+07
  4.574138129719E+07  4.527879168443E+07  4.481469311248E+07  4.434878517403E+07
  4.388063981690E+07  4.341001942920E+07  4.293652041445E+07  4.245974907393E+07
  4.197926380967E+07  4.149473533906E+07  4.100558609538E+07  4.051134665582E+07
  4.001147081031E+07  3.950531000994E+07  3.899217658385E+07  3.847140955550E+07
  3.794206769342E+07  3.740327098775E+07  3.685383391015E+07  3.629256977259E+07
  3.571792262932E+07  3.512824666119E+07  3.452135033479E+07  3.389467002047E+07
  3.324497892245E+07  3.256823082467E+07  3.185891954891E+07  3.110963624033E+07
  3.030972668352E+07  2.944291395151E+07  2.848175653685E+07  2.737264181017E+07
  2.597880378931E+07  2.376164702585E+07  9.408099147189E+07  1.027857818861E+08
  1.084218781460E+08  1.127224127734E+08  1.162147215759E+08  1.191456095483E+08
  1.216555394341E+08  1.238323859523E+08  1.257333356407E+08  1.273973322429E+08
  1.288516382546E+08  1.301157397130E+08  1.312040128690E+08  1.321265970928E+08
  1.328915875924E+08  1.335047968669E+08  1.339698061656E+08  1.342890623633E+08
  1.344633719843E+08  1.344918432737E+08  1.343716750218E+08  1.340977094038E+08
  1.336615462196E+08  1.330502018866E+08  1.322439180294E+08  1.312131407596E+08
  1.299140272652E+08  1.282813317136E+08  1.262188007506E+08  1.235866553614E+08
  1.152456108288E+08  1.070728573017E+08  1.018584730842E+08  9.787442009011E+07
  9.463096323658E+07  9.189012866401E+07  8.951321999379E+07  8.741244680593E+07
  8.552879764121E+07  8.382042208384E+07  8.225639123507E+07  8.081348031333E+07
  7.947332856031E+07  7.822130841499E+07  7.704596592626E+07  7.593747803233E+07
  7.488787311690E+07  7.389053726520E+07  7.293974090236E+07  7.203064850050E+07
  7.115907607374E+07  7.032139794285E+07  6.951448320590E+07  6.873557505704E+07
  6.798221296915E+07  6.725225220468E+07  6.654375855247E+07  6.585505173478E+07
  6.518452784586E+07  6.453087631681E+07  6.389278400336E+07  6.326913906305E+07
  6.265890860080E+07  6.206109261629E+07  6.147492137241E+07  6.089955276364E+07
  6.033424994763E+07  5.977829249972E+07  5.923110485088E+07  5.869204546448E+07
  5.816060450162E+07  5.763628196214E+07  5.711853179322E+07  5.660699873159E+07
  5.610114988234E+07  5.560062998220E+07  5.510503589861E+07  5.461400164705E+07
  5.412721956814E+07  5.364430749919E+07  5.316487687838E+07  5.268874005883E+07
  5.221550649813E+07  5.174493350118E+07  5.127669074669E+07  5.081046902254E+07
  5.034612502382E+07  4.988322820780E+07  4.942164155886E+07  4.896099395794E+07
  4.850106271269E+07  4.804155904231E+07  4.758222809657E+07  4.712286715005E+07
  4.666309581167E+07  4.620269620002E+07  4.574138129719E+07  4.527879168443E+07
  4.481469311248E+07  4.434878517403E+07  4.388063981690E+07  4.341001942920E+07
  4.293652041445E+07  4.245974907393E+07  4.197926380967E+07  4.149473533906E+07
  4.100558609538E+07  4.051134665582E+07  4.001147081031E+07  3.950531000994E+07
  3.899217658385E+07  3.847140955550E+07  3.794206769342E+07  3.740327098775E+07
  3.685383391015E+07  3.629256977259E+07  3.571792262932E+07  3.512824666119E+07
  3.452135033479E+07  3.389467002047E+07  3.324497892245E+07  3.256823082467E+07
  3.185891954891E+07  3.110963624033E+07  3.030972668352E+07  2.944291395151E+07
  2.848175653685E+07  2.737264181017E+07  2.597880378931E+07  2.376164702585E+07
->       1      12       4     130                                 <-   
EDEPOS_TOT                                                                      
  1.881619829438E+08  2.055715637722E+08  2.168437562920E+08  2.254448255467E+08
  2.324294431518E+08  2.382912190966E+08  2.433110788682E+08  2.476647719046E+08
  2.514666712814E+08  2.547946644859E+08  2.577032765091E+08  2.602314794261E+08
  2.624080257380E+08  2.642531941855E+08  2.657831751847E+08  2.670095937337E+08
  2.679396123313E+08  2.685781247266E+08  2.689267439685E+08  2.689836865474E+08
  2.687433500436E+08  2.681954188076E+08  2.673230924392E+08  2.661004037731E+08
  2.644878360589E+08  2.624262815192E+08  2.598280545304E+08  2.565626634272E+08
  2.524376015012E+08  2.471733107228E+08  2.304912216576E+08  2.141457146034E+08
  2.037169461683E+08  1.957488401802E+08  1.892619264732E+08  1.837802573280E+08
  1.790264399876E+08  1.748248936119E+08  1.710575952824E+08  1.676408441677E+08
  1.645127824701E+08  1.616269606267E+08  1.589466571206E+08  1.564426168300E+08
  1.540919318525E+08  1.518749560647E+08  1.497757462338E+08  1.477810745304E+08
  1.458794818047E+08  1.440612970010E+08  1.423181521475E+08  1.406427958857E+08
  1.390289664118E+08  1.374711501141E+08  1.359644259383E+08  1.345045044094E+08
  1.330875171049E+08  1.317101034696E+08  1.303690556917E+08  1.290617526336E+08
  1.277855680067E+08  1.265382781261E+08  1.253178172016E+08  1.241221852326E+08
  1.229498427448E+08  1.217991055273E+08  1.206684998953E+08  1.195565849994E+08
  1.184622097018E+08  1.173840909290E+08  1.163212090032E+08  1.152725639243E+08
  1.142370635864E+08  1.132139974632E+08  1.122022997647E+08  1.112012599644E+08
  1.102100717972E+08  1.092280032941E+08  1.082544391363E+08  1.072886149984E+08
  1.063297537568E+08  1.053774801177E+08  1.044310129963E+08  1.034898670024E+08
  1.025533814934E+08  1.016209380451E+08  1.006922500476E+08  9.976645641560E+07
  9.884328311772E+07  9.792198791588E+07  9.700212542537E+07  9.608311808463E+07
  9.516445619314E+07  9.424573430009E+07  9.332619162335E+07  9.240539240004E+07
  9.148276259439E+07  9.055758336887E+07  8.962938622497E+07  8.869757034805E+07
  8.776127963379E+07  8.682003885840E+07  8.587304082890E+07  8.491949814787E+07
  8.395852761933E+07  8.298947067811E+07  8.201117219076E+07  8.102269331165E+07
  8.002294162062E+07  7.901062001988E+07  7.798435316770E+07  7.694281911100E+07
  7.588413538684E+07  7.480654197549E+07  7.370766782031E+07  7.258513954517E+07
  7.143584525865E+07  7.025649332237E+07  6.904270066958E+07  6.778934004093E+07
  6.648995784490E+07  6.513646164935E+07  6.371783909782E+07  6.221927248065E+07
  6.061945336705E+07  5.888582790303E+07  5.696351307369E+07  5.474528362034E+07
  5.195760757863E+07  4.752329405170E+07
->       1      12       4     260                                 <-   
CDEPOS                                                                          
 -6.521369842089E+09 -7.186372625986E+09 -7.610366078876E+09 -7.931919499857E+09
 -8.192400457161E+09 -8.410809921267E+09 -8.597833590705E+09 -8.760113764105E+09
 -8.901979540852E+09 -9.026388920460E+09 -9.135408302590E+09 -9.230513202903E+09
 -9.312789273515E+09 -9.383043261999E+09 -9.441911052350E+09 -9.489791644502E+09
 -9.527030638398E+09 -9.553824834006E+09 -9.570224526877E+09 -9.576221728073E+09
 -9.571661528248E+09 -9.556163153778E+09 -9.529193487747E+09 -9.489875450250E+09
 -9.436889906627E+09 -9.368216334227E+09 -9.280870306566E+09 -9.170473545645E+09
 -9.030561427337E+09 -8.851884641815E+09 -8.284358191078E+09 -7.726671152460E+09
 -7.371132623913E+09 -7.099705895276E+09 -6.878836849392E+09 -6.692250604446E+09
 -6.530456446397E+09 -6.387453916558E+09 -6.259195726317E+09 -6.142831898879E+09
 -6.036261132815E+09 -5.937890779384E+09 -5.846484854825E+09 -5.761016616414E+09
 -5.680723958639E+09 -5.604934089699E+09 -5.533114226270E+09 -5.464810625038E+09
 -5.399616919558E+09 -5.337224057096E+09 -5.277334917723E+09 -5.219707387177E+09
 -5.164135579572E+09 -5.110421456784E+09 -5.058406281919E+09 -5.007936791769E+09
 -4.958879512606E+09 -4.911131879856E+09 -4.864571271311E+09 -4.819122835430E+09
 -4.774688715670E+09 -4.731191017268E+09 -4.688561529676E+09 -4.646742147611E+09
 -4.605653713153E+09 -4.565264226292E+09 -4.525520634378E+09 -4.486366758009E+09
 -4.447756398480E+09 -4.409667543948E+09 -4.372050268517E+09 -4.334862887964E+09
 -4.298087718071E+09 -4.261680127245E+09 -4.225619483901E+09 -4.189869998553E+09
 -4.154410217398E+09 -4.119213424146E+09 -4.084248309348E+09 -4.049507498520E+09
 -4.014946609406E+09 -3.980558495539E+09 -3.946322720103E+09 -3.912202477150E+09
 -3.878197431530E+09 -3.844271299672E+09 -3.810412354662E+09 -3.776596121474E+09
 -3.742806225782E+09 -3.709022416675E+09 -3.675223675931E+09 -3.641393975188E+09
 -3.607506912544E+09 -3.573544586939E+09 -3.539488156365E+09 -3.505318245385E+09
 -3.471004138336E+09 -3.436529796620E+09 -3.401871069499E+09 -3.367005555834E+09
 -3.331901160910E+09 -3.296531365591E+09 -3.260872977734E+09 -3.224892198536E+09
 -3.188553569372E+09 -3.151827772328E+09 -3.114672471391E+09 -3.077045877264E+09
 -3.038901682655E+09 -3.000199988002E+09 -2.960874203803E+09 -2.920864852801E+09
 -2.880102641364E+09 -2.838510251789E+09 -2.796001825126E+09 -2.752461532720E+09
 -2.707768178399E+09 -2.661787955528E+09 -2.614332019979E+09 -2.565193515725E+09
 -2.514099249085E+09 -2.460704872852E+09 -2.404556748859E+09 -2.345026250636E+09
 -2.281215479580E+09 -2.211745572634E+09 -2.134282128594E+09 -2.044251096064E+09
 -1.929888578604E+09 -1.744545833221E+09 -6.521369842089E+09 -7.186372625986E+09
 -7.610366078876E+09 -7.931919499857E+09 -8.192400457161E+09 -8.410809921267E+09
 -8.597833590705E+09 -8.760113764105E+09 -8.901979540852E+09 -9.026388920460E+09
 -9.135408302590E+09 -9.230513202903E+09 -9.312789273515E+09 -9.383043261999E+09
 -9.441911052350E+09 -9.489791644502E+09 -9.527030638398E+09 -9.553824834006E+09
 -9.570224526877E+09 -9.576221728073E+09 -9.571661528248E+09 -9.556163153778E+09
 -9.529193487747E+09 -9.489875450250E+09 -9.436889906627E+09 -9.368216334227E+09
 -9.280870306566E+09 -9.170473545645E+09 -9.030561427337E+09 -8.851884641815E+09
 -8.284358191078E+09 -7.726671152460E+09 -7.371132623913E+09 -7.099705895276E+09
 -6.878836849392E+09 -6.692250604446E+09 -6.530456446397E+09 -6.387453916558E+09
 -6.259195726317E+09 -6.142831898879E+09 -6.036261132815E+09 -5.937890779384E+09
 -5.846484854825E+09 -5.761016616414E+09 -5.680723958639E+09 -5.604934089699E+09
 -5.533114226270E+09 -5.464810625038E+09 -5.399616919558E+09 -5.337224057096E+09
 -5.277334917723E+09 -5.219707387177E+09 -5.164135579572E+09 -5.110421456784E+09
 -5.058406281919E+09 -5.007936791769E+09 -4.958879512606E+09 -4.911131879856E+09
 -4.864571271311E+09 -4.819122835430E+09 -4.774688715670E+09 -4.731191017268E+09
 -4.688561529676E+09 -4.646742147611E+09 -4.605653713153E+09 -4.565264226292E+09
 -4.525520634378E+09 -4.486366758009E+09 -4.447756398480E+09 -4.409667543948E+09
 -4.372050268517E+09 -4.334862887964E+09 -4.298087718071E+09 -4.261680127245E+09
 -4.225619483901E+09 -4.189869998553E+09 -4.154410217398E+09 -4.119213424146E+09
 -4.084248309348E+09 -4.049507498520E+09 -4.014946609406E+09 -3.980558495539E+09
 -3.946322720103E+09 -3.912202477150E+09 -3.878197431530E+09 -3.844271299672E+09
 -3.810412354662E+09 -3.776596121474E+09 -3.742806225782E+09 -3.709022416675E+09
 -3.675223675931E+09 -3.641393975188E+09 -3.607506912544E+09 -3.573544586939E+09
 -3.539488156365E+09 -3.505318245385E+09 -3.471004138336E+09 -3.436529796620E+09
 -3.401871069499E+09 -3.367005555834E+09 -3.331901160910E+09 -3.296531365591E+09
 -3.260872977734E+09 -3.224892198536E+09 -3.188553569372E+09 -3.151827772328E+09
 -3.114672471391E+09 -3.077045877264E+09 -3.038901682655E+09 -3.000199988002E+09
 -2.960874203803E+09 -2.920864852801E+09 -2.880102641364E+09 -2.838510251789E+09
 -2.796001825126E+09 -2.752461532720E+09 -2.707768178399E+09 -2.661787955528E+09
 -2.614332019979E+09 -2.565193515725E+09 -2.514099249085E+09 -2.460704872852E+09
 -2.404556748859E+09 -2.345026250636E+09 -2.281215479580E+09 -2.211745572634E+09
 -2.134282128594E+09 -2.044251096064E+09 -1.929888578604E+09 -1.744545833221E+09
->       1      12       4     130                                 <-   
CDEPOS_TOT                                                                      
 -1.304273968418E+10 -1.437274525197E+10 -1.522073215775E+10 -1.586383899971E+10
 -1.638480091432E+10 -1.682161984253E+10 -1.719566718141E+10 -1.752022752821E+10
 -1.780395908170E+10 -1.805277784092E+10 -1.827081660518E+10 -1.846102640581E+10
 -1.862557854703E+10 -1.876608652400E+10 -1.888382210470E+10 -1.897958328900E+10
 -1.905406127680E+10 -1.910764966801E+10 -1.914044905375E+10 -1.915244345615E+10
 -1.914332305650E+10 -1.911232630756E+10 -1.905838697549E+10 -1.897975090050E+10
 -1.887377981325E+10 -1.873643266845E+10 -1.856174061313E+10 -1.834094709129E+10
 -1.806112285467E+10 -1.770376928363E+10 -1.656871638216E+10 -1.545334230492E+10
 -1.474226524783E+10 -1.419941179055E+10 -1.375767369878E+10 -1.338450120889E+10
 -1.306091289279E+10 -1.277490783312E+10 -1.251839145263E+10 -1.228566379776E+10
 -1.207252226563E+10 -1.187578155877E+10 -1.169296970965E+10 -1.152203323283E+10
 -1.136144791728E+10 -1.120986817940E+10 -1.106622845254E+10 -1.092962125008E+10
 -1.079923383912E+10 -1.067444811419E+10 -1.055466983545E+10 -1.043941477435E+10
 -1.032827115914E+10 -1.022084291357E+10 -1.011681256384E+10 -1.001587358354E+10
 -9.917759025212E+09 -9.822263759712E+09 -9.729142542622E+09 -9.638245670861E+09
 -9.549377431341E+09 -9.462382034537E+09 -9.377123059352E+09 -9.293484295222E+09
 -9.211307426306E+09 -9.130528452583E+09 -9.051041268755E+09 -8.972733516017E+09
 -8.895512796960E+09 -8.819335087896E+09 -8.744100537035E+09 -8.669725775927E+09
 -8.596175436141E+09 -8.523360254490E+09 -8.451238967802E+09 -8.379739997107E+09
 -8.308820434796E+09 -8.238426848292E+09 -8.168496618696E+09 -8.099014997040E+09
 -8.029893218812E+09 -7.961116991078E+09 -7.892645440206E+09 -7.824404954300E+09
 -7.756394863060E+09 -7.688542599343E+09 -7.620824709324E+09 -7.553192242948E+09
 -7.485612451564E+09 -7.418044833351E+09 -7.350447351861E+09 -7.282787950377E+09
 -7.215013825089E+09 -7.147089173878E+09 -7.078976312730E+09 -7.010636490769E+09
 -6.942008276672E+09 -6.873059593240E+09 -6.803742138998E+09 -6.734011111668E+09
 -6.663802321819E+09 -6.593062731182E+09 -6.521745955468E+09 -6.449784397071E+09
 -6.377107138745E+09 -6.303655544657E+09 -6.229344942783E+09 -6.154091754529E+09
 -6.077803365311E+09 -6.000399976004E+09 -5.921748407606E+09 -5.841729705601E+09
 -5.760205282729E+09 -5.677020503578E+09 -5.592003650252E+09 -5.504923065440E+09
 -5.415536356798E+09 -5.323575911057E+09 -5.228664039959E+09 -5.130387031451E+09
 -5.028198498170E+09 -4.921409745703E+09 -4.809113497718E+09 -4.690052501272E+09
 -4.562430959161E+09 -4.423491145268E+09 -4.268564257189E+09 -4.088502192128E+09
 -3.859777157208E+09 -3.489091666442E+09
->       1      12       4       1                                 <-   
FLUX-NORM                                                                       
  1.000000000000E+00
->       1      12       3       2                                 <-   
PARTICLE-NAM                                                                    
         4         4
B   B   
->       1      12       1      40                                 <-   
STATE-VECTOR                                                                    
       130         2         1         1         0         0         0         0
         0         0         0         0         0         0         0         0
         0         0         0         0         0         0         0         0
         0         0         0         0         0         0         0         0
         0         0         0         0         0         0         0         0
->      -1       0       0       0                                 <-   
