->       1      12       3       3                                 <-   
SIGNATURE                                                                       
         4         4         4
L_MACROLIB  
->       1      12       3       3                                 <-   
LINK.FLUX                                                                       
         4         4         4
FLUX        
->       1      12       3      18                                 <-   
TITLE                                                                           
         4         4         4         4         4         4         4         4
         4         4         4         4         4         4         4         4
         4         4
Water-Slab:Cepxsr-Dragon                                                
->       1      12       2     100                                 <-   
DENMESH                                                                         
  5.00000000E+00  5.00000000E+00  5.00000000E+00  5.00000000E+00  5.00000000E+00
  5.00000000E+00  5.00000000E+00  5.00000000E+00  5.00000000E+00  5.00000000E+00
  5.00000000E+00  5.00000000E+00  5.00000000E+00  5.00000000E+00  5.00000000E+00
  5.00000000E+00  5.00000000E+00  5.00000000E+00  5.00000000E+00  5.00000000E+00
  5.00000000E+00  5.00000000E+00  5.00000000E+00  5.00000000E+00  5.00000000E+00
  5.00000000E+00  5.00000000E+00  5.00000000E+00  5.00000000E+00  5.00000000E+00
  1.00000000E+00  1.00000000E+00  1.00000000E+00  1.00000000E+00  1.00000000E+00
  1.00000000E+00  1.00000000E+00  1.00000000E+00  1.00000000E+00  1.00000000E+00
  1.00000000E+00  1.00000000E+00  1.00000000E+00  1.00000000E+00  1.00000000E+00
  1.00000000E+00  1.00000000E+00  1.00000000E+00  1.00000000E+00  1.00000000E+00
  1.00000000E+00  1.00000000E+00  1.00000000E+00  1.00000000E+00  1.00000000E+00
  1.00000000E+00  1.00000000E+00  1.00000000E+00  1.00000000E+00  1.00000000E+00
  1.00000000E+00  1.00000000E+00  1.00000000E+00  1.00000000E+00  1.00000000E+00
  1.00000000E+00  1.00000000E+00  1.00000000E+00  1.00000000E+00  1.00000000E+00
  1.00000000E+00  1.00000000E+00  1.00000000E+00  1.00000000E+00  1.00000000E+00
  1.00000000E+00  1.00000000E+00  1.00000000E+00  1.00000000E+00  1.00000000E+00
  1.00000000E+00  1.00000000E+00  1.00000000E+00  1.00000000E+00  1.00000000E+00
  1.00000000E+00  1.00000000E+00  1.00000000E+00  1.00000000E+00  1.00000000E+00
  1.00000000E+00  1.00000000E+00  1.00000000E+00  1.00000000E+00  1.00000000E+00
  1.00000000E+00  1.00000000E+00  1.00000000E+00  1.00000000E+00  1.00000000E+00
->       1      12       2     100                                 <-   
VOLUME                                                                          
  1.00000007E-02  1.00000007E-02  9.99999978E-03  1.00000016E-02  9.99999791E-03
  1.00000016E-02  9.99999791E-03  1.00000054E-02  9.99999791E-03  9.99999791E-03
  1.00000054E-02  9.99999791E-03  1.00000054E-02  9.99999046E-03  1.00000054E-02
  1.00000054E-02  9.99999046E-03  1.00000054E-02  1.00000054E-02  9.99999046E-03
  1.00000054E-02  1.00000054E-02  9.99999046E-03  1.00000054E-02  9.99999046E-03
  1.00000203E-02  9.99999046E-03  9.99999046E-03  1.00000203E-02  9.99999046E-03
  2.42857039E-02  2.42857337E-02  2.42857039E-02  2.42857039E-02  2.42857337E-02
  2.42857039E-02  2.42857039E-02  2.42857337E-02  2.42857039E-02  2.42857337E-02
  2.42856741E-02  2.42857337E-02  2.42857337E-02  2.42856741E-02  2.42857337E-02
  2.42857337E-02  2.42856741E-02  2.42857337E-02  2.42857337E-02  2.42856741E-02
  2.42857337E-02  2.42857337E-02  2.42856741E-02  2.42857337E-02  2.42857337E-02
  2.42856741E-02  2.42857337E-02  2.42857337E-02  2.42856741E-02  2.42857933E-02
  2.42856741E-02  2.42856741E-02  2.42857933E-02  2.42856741E-02  2.42856741E-02
  2.42857933E-02  2.42856741E-02  2.42856741E-02  2.42857933E-02  2.42856741E-02
  2.42856741E-02  2.42857933E-02  2.42856741E-02  2.42856741E-02  2.42857933E-02
  2.42856741E-02  2.42856741E-02  2.42857933E-02  2.42856741E-02  2.42856741E-02
  2.42857933E-02  2.42856741E-02  2.42856741E-02  2.42857933E-02  2.42856741E-02
  2.42856741E-02  2.42857933E-02  2.42856741E-02  2.42856741E-02  2.42857933E-02
  2.42856741E-02  2.42856741E-02  2.42857933E-02  2.42856741E-02  2.42856741E-02
  2.42857933E-02  2.42856741E-02  2.42856741E-02  2.42857933E-02  2.42856741E-02
->       1      12      10       1                                 <-   
GROUP                                                                           
->       2       0       0      -1                                 <-   00000001
->       3      12       2     100                                 <-   
FLUX-INTG                                                                       
  5.71387950E+06  6.31339350E+06  6.71449250E+06  7.02160850E+06  7.27401150E+06
  7.48849300E+06  7.67288600E+06  7.83173450E+06  7.96821600E+06  8.08476350E+06
  8.18325800E+06  8.26508250E+06  8.33137050E+06  8.38287850E+06  8.42025100E+06
  8.44390600E+06  8.45408500E+06  8.45088600E+06  8.43420400E+06  8.40384700E+06
  8.35947400E+06  8.30049850E+06  8.22615100E+06  8.13548100E+06  8.02721400E+06
  7.89971650E+06  7.74960700E+06  7.56921350E+06  7.34243400E+06  7.04128800E+06
  1.56805600E+07  1.43215610E+07  1.33383100E+07  1.25171700E+07  1.18062990E+07
  1.11742880E+07  1.06017920E+07  1.00762760E+07  9.58887900E+06  9.13292300E+06
  8.70342100E+06  8.29681150E+06  7.91021100E+06  7.54176200E+06  7.18940650E+06
  6.85104500E+06  6.52525300E+06  6.21090400E+06  5.90670750E+06  5.61160950E+06
  5.32506800E+06  5.04680400E+06  4.77658250E+06  4.51388750E+06  4.25787000E+06
  4.00767975E+06  3.76270000E+06  3.52257475E+06  3.28725450E+06  3.05690150E+06
  2.83165950E+06  2.61181300E+06  2.39764975E+06  2.18953325E+06  1.98805388E+06
  1.79393888E+06  1.60804550E+06  1.43137412E+06  1.26489312E+06  1.10946925E+06
  9.65834688E+05  8.34465562E+05  7.15563438E+05  6.09082125E+05  5.14705375E+05
  4.31890281E+05  3.59932812E+05  2.97992219E+05  2.45146688E+05  2.00448266E+05
  1.62946453E+05  1.31722359E+05  1.05916148E+05  8.47344609E+04  6.74607266E+04
  5.34616016E+04  4.21822305E+04  3.31436250E+04  2.59387227E+04  2.02236211E+04
  1.57110205E+04  1.21637061E+04  9.38663086E+03  7.22080957E+03  5.53773779E+03
  4.23371973E+03  3.22525610E+03  2.44437427E+03  1.83148914E+03  1.31164343E+03
->       3      12       2     100                                 <-   
NTOT0                                                                           
  9.97506714E+02  1.02175409E+03  1.02917517E+03  1.03295801E+03  1.03538684E+03
  1.03714185E+03  1.03851880E+03  1.03966870E+03  1.04068750E+03  1.04161829E+03
  1.04251660E+03  1.04335791E+03  1.04417102E+03  1.04498291E+03  1.04579517E+03
  1.04662048E+03  1.04746838E+03  1.04834473E+03  1.04926843E+03  1.05023889E+03
  1.05125452E+03  1.05237720E+03  1.05360205E+03  1.05495837E+03  1.05646338E+03
  1.05815466E+03  1.06010242E+03  1.06247510E+03  1.06568115E+03  1.07066541E+03
  1.08235864E+03  1.09349280E+03  1.10225488E+03  1.11040710E+03  1.11817102E+03
  1.12565393E+03  1.13295618E+03  1.14021326E+03  1.14752100E+03  1.15492798E+03
  1.16232849E+03  1.16984802E+03  1.17732690E+03  1.18495667E+03  1.19292212E+03
  1.20114575E+03  1.20958398E+03  1.21833215E+03  1.22743188E+03  1.23678064E+03
  1.24626697E+03  1.25593616E+03  1.26599292E+03  1.27669348E+03  1.28821277E+03
  1.30059778E+03  1.31380798E+03  1.32778931E+03  1.34254382E+03  1.35813660E+03
  1.37468274E+03  1.39229358E+03  1.41103247E+03  1.43088721E+03  1.45176367E+03
  1.47349487E+03  1.49586279E+03  1.51862305E+03  1.54153394E+03  1.56436646E+03
  1.58691772E+03  1.60902014E+03  1.63054041E+03  1.65137573E+03  1.67145422E+03
  1.69072913E+03  1.70917358E+03  1.72677820E+03  1.74354797E+03  1.75949316E+03
  1.77463867E+03  1.78900684E+03  1.80262988E+03  1.81553772E+03  1.82776294E+03
  1.83934021E+03  1.85030029E+03  1.86067639E+03  1.87049854E+03  1.87979626E+03
  1.88859888E+03  1.89693176E+03  1.90481787E+03  1.91226282E+03  1.91925684E+03
  1.92567676E+03  1.93112122E+03  1.93406702E+03  1.92788953E+03  1.87024841E+03
->       3      12       2     100                                 <-   
SIGW00                                                                          
  1.36949234E+01  1.40130711E+01  1.41107683E+01  1.41607723E+01  1.41928396E+01
  1.42161512E+01  1.42344923E+01  1.42496386E+01  1.42632399E+01  1.42757015E+01
  1.42875891E+01  1.42989292E+01  1.43097534E+01  1.43204603E+01  1.43314466E+01
  1.43425865E+01  1.43538504E+01  1.43655014E+01  1.43779640E+01  1.43909416E+01
  1.44046059E+01  1.44196386E+01  1.44360313E+01  1.44543276E+01  1.44744844E+01
  1.44971275E+01  1.45233479E+01  1.45551901E+01  1.45981426E+01  1.46647663E+01
  1.48212929E+01  1.49705257E+01  1.50882492E+01  1.51975212E+01  1.53016281E+01
  1.54022579E+01  1.54999790E+01  1.55973473E+01  1.56956625E+01  1.57947588E+01
  1.58940315E+01  1.59947624E+01  1.60951080E+01  1.61975346E+01  1.63043041E+01
  1.64145317E+01  1.65276737E+01  1.66450119E+01  1.67670612E+01  1.68920956E+01
  1.70192928E+01  1.71486855E+01  1.72836342E+01  1.74269295E+01  1.75812588E+01
  1.77470360E+01  1.79236546E+01  1.81109009E+01  1.83083706E+01  1.85168362E+01
  1.87381783E+01  1.89735184E+01  1.92238827E+01  1.94888725E+01  1.97673836E+01
  2.00576172E+01  2.03556900E+01  2.06591225E+01  2.09640636E+01  2.12683086E+01
  2.15683556E+01  2.18626118E+01  2.21488400E+01  2.24258404E+01  2.26926022E+01
  2.29487915E+01  2.31937771E+01  2.34279232E+01  2.36505470E+01  2.38622704E+01
  2.40631294E+01  2.42540169E+01  2.44348736E+01  2.46064510E+01  2.47684650E+01
  2.49221535E+01  2.50674171E+01  2.52051983E+01  2.53354778E+01  2.54589672E+01
  2.55758228E+01  2.56860142E+01  2.57908020E+01  2.58895569E+01  2.59824448E+01
  2.60674152E+01  2.61398678E+01  2.61789494E+01  2.60978413E+01  2.53399353E+01
->       3      12       2     100                                 <-   
H-FACTOR                                                                        
  1.72397351E+00  1.74167335E+00  1.74749649E+00  1.75063610E+00  1.75272989E+00
  1.75426507E+00  1.75546503E+00  1.75645018E+00  1.75729883E+00  1.75805438E+00
  1.75875831E+00  1.75939941E+00  1.75999808E+00  1.76057112E+00  1.76111901E+00
  1.76165819E+00  1.76219296E+00  1.76272094E+00  1.76325440E+00  1.76379454E+00
  1.76433516E+00  1.76491737E+00  1.76552916E+00  1.76617849E+00  1.76686692E+00
  1.76760304E+00  1.76842248E+00  1.76941991E+00  1.77079725E+00  1.77292252E+00
  1.77784264E+00  1.78255594E+00  1.78628516E+00  1.78998673E+00  1.79368031E+00
  1.79736745E+00  1.80109048E+00  1.80494165E+00  1.80897665E+00  1.81320882E+00
  1.81755030E+00  1.82207716E+00  1.82666981E+00  1.83149946E+00  1.83670199E+00
  1.84220362E+00  1.84797537E+00  1.85409641E+00  1.86058700E+00  1.86734486E+00
  1.87428403E+00  1.88146889E+00  1.88908970E+00  1.89737356E+00  1.90646899E+00
  1.91640878E+00  1.92715514E+00  1.93866563E+00  1.95095181E+00  1.96407866E+00
  1.97815180E+00  1.99326313E+00  2.00945687E+00  2.02670670E+00  2.04491115E+00
  2.06390452E+00  2.08347917E+00  2.10340405E+00  2.12345862E+00  2.14343333E+00
  2.16314578E+00  2.18244481E+00  2.20121598E+00  2.21936893E+00  2.23683953E+00
  2.25359178E+00  2.26960230E+00  2.28486753E+00  2.29939151E+00  2.31318665E+00
  2.32627654E+00  2.33868313E+00  2.35043621E+00  2.36156249E+00  2.37209344E+00
  2.38205934E+00  2.39148903E+00  2.40041256E+00  2.40885782E+00  2.41684961E+00
  2.42441750E+00  2.43157983E+00  2.43835855E+00  2.44475746E+00  2.45076323E+00
  2.45626998E+00  2.46093655E+00  2.46351409E+00  2.45875525E+00  2.41420364E+00
->       3      12       2     100                                 <-   
OVERV                                                                           
  6.63377298E-10  6.74387823E-10  6.78247791E-10  6.80434209E-10  6.81931012E-10
  6.83086254E-10  6.84067081E-10  6.84955592E-10  6.85799362E-10  6.86626478E-10
  6.87461976E-10  6.88304358E-10  6.89168889E-10  6.90064172E-10  6.90996760E-10
  6.91985691E-10  6.93040958E-10  6.94164948E-10  6.95373037E-10  6.96684266E-10
  6.98111624E-10  6.99694136E-10  7.01454284E-10  7.03430481E-10  7.05668635E-10
  7.08235748E-10  7.11228687E-10  7.14857729E-10  7.19645565E-10  7.26807226E-10
  7.43058948E-10  7.59631802E-10  7.72948539E-10  7.85138676E-10  7.96577360E-10
  8.07504119E-10  8.18094648E-10  8.28491498E-10  8.38782377E-10  8.48997594E-10
  8.59128546E-10  8.69237737E-10  8.79303630E-10  8.89471441E-10  8.99814445E-10
  9.10286180E-10  9.20889809E-10  9.31678956E-10  9.42652179E-10  9.53752188E-10
  9.64960445E-10  9.76365988E-10  9.88122473E-10  1.00037212E-09  1.01317976E-09
  1.02653319E-09  1.04038367E-09  1.05469022E-09  1.06945253E-09  1.08470011E-09
  1.10047571E-09  1.11679710E-09  1.13364196E-09  1.15093479E-09  1.16855603E-09
  1.18635024E-09  1.20415156E-09  1.22179145E-09  1.23912192E-09  1.25601285E-09
  1.27236066E-09  1.28808886E-09  1.30314759E-09  1.31750433E-09  1.33114697E-09
  1.34407685E-09  1.35630396E-09  1.36785006E-09  1.37873868E-09  1.38899836E-09
  1.39866141E-09  1.40775758E-09  1.41632039E-09  1.42438006E-09  1.43196766E-09
  1.43911272E-09  1.44584189E-09  1.45218404E-09  1.45816148E-09  1.46379764E-09
  1.46911583E-09  1.47413315E-09  1.47886769E-09  1.48332346E-09  1.48749479E-09
  1.49131751E-09  1.49458712E-09  1.49656687E-09  1.49426904E-09  1.46988144E-09
->       3      12       2     100                                 <-   
C-FACTOR                                                                        
 -9.81163177E+01 -9.93118973E+01 -9.97098083E+01 -9.99257431E+01 -1.00069916E+02
 -1.00177193E+02 -1.00263527E+02 -1.00337173E+02 -1.00403419E+02 -1.00464928E+02
 -1.00524734E+02 -1.00581909E+02 -1.00638092E+02 -1.00694267E+02 -1.00750793E+02
 -1.00808891E+02 -1.00869354E+02 -1.00931969E+02 -1.00997879E+02 -1.01067863E+02
 -1.01141953E+02 -1.01223595E+02 -1.01312981E+02 -1.01412033E+02 -1.01522278E+02
 -1.01646759E+02 -1.01790482E+02 -1.01965416E+02 -1.02199432E+02 -1.02555336E+02
 -1.03371834E+02 -1.04180435E+02 -1.04823318E+02 -1.05420914E+02 -1.05988907E+02
 -1.06536072E+02 -1.07070694E+02 -1.07602142E+02 -1.08136414E+02 -1.08675453E+02
 -1.09214600E+02 -1.09759911E+02 -1.10304390E+02 -1.10861328E+02 -1.11439957E+02
 -1.12035133E+02 -1.12645699E+02 -1.13277206E+02 -1.13930893E+02 -1.14599930E+02
 -1.15279053E+02 -1.15973656E+02 -1.16697945E+02 -1.17467728E+02 -1.18292503E+02
 -1.19173927E+02 -1.20108574E+02 -1.21093376E+02 -1.22128723E+02 -1.23219124E+02
 -1.24371193E+02 -1.25590614E+02 -1.26879623E+02 -1.28235153E+02 -1.29648941E+02
 -1.31108826E+02 -1.32599442E+02 -1.34104828E+02 -1.35609238E+02 -1.37098572E+02
 -1.38560410E+02 -1.39984985E+02 -1.41364594E+02 -1.42693878E+02 -1.43969025E+02
 -1.45188126E+02 -1.46350098E+02 -1.47455368E+02 -1.48504715E+02 -1.49499435E+02
 -1.50441650E+02 -1.51333237E+02 -1.52176590E+02 -1.52973953E+02 -1.53727707E+02
 -1.54440308E+02 -1.55113922E+02 -1.55750870E+02 -1.56353180E+02 -1.56922974E+02
 -1.57462112E+02 -1.57972260E+02 -1.58455048E+02 -1.58910782E+02 -1.59338501E+02
 -1.59730911E+02 -1.60064590E+02 -1.60253632E+02 -1.59941650E+02 -1.56948227E+02
->       3      12       2     100                                 <-   
FIXE                                                                            
  1.59154944E+09  1.59154944E+09  1.59154944E+09  1.59154944E+09  1.59154944E+09
  1.59154944E+09  1.59154944E+09  1.59154944E+09  1.59154944E+09  1.59154944E+09
  1.59154944E+09  1.59154944E+09  1.59154944E+09  1.59154944E+09  1.59154944E+09
  1.59154944E+09  1.59154944E+09  1.59154944E+09  1.59154944E+09  1.59154944E+09
  1.59154944E+09  1.59154944E+09  1.59154944E+09  1.59154944E+09  1.59154944E+09
  1.59154944E+09  1.59154944E+09  1.59154944E+09  1.59154944E+09  1.59154944E+09
  0.00000000E+00  0.00000000E+00  0.00000000E+00  0.00000000E+00  0.00000000E+00
  0.00000000E+00  0.00000000E+00  0.00000000E+00  0.00000000E+00  0.00000000E+00
  0.00000000E+00  0.00000000E+00  0.00000000E+00  0.00000000E+00  0.00000000E+00
  0.00000000E+00  0.00000000E+00  0.00000000E+00  0.00000000E+00  0.00000000E+00
  0.00000000E+00  0.00000000E+00  0.00000000E+00  0.00000000E+00  0.00000000E+00
  0.00000000E+00  0.00000000E+00  0.00000000E+00  0.00000000E+00  0.00000000E+00
  0.00000000E+00  0.00000000E+00  0.00000000E+00  0.00000000E+00  0.00000000E+00
  0.00000000E+00  0.00000000E+00  0.00000000E+00  0.00000000E+00  0.00000000E+00
  0.00000000E+00  0.00000000E+00  0.00000000E+00  0.00000000E+00  0.00000000E+00
  0.00000000E+00  0.00000000E+00  0.00000000E+00  0.00000000E+00  0.00000000E+00
  0.00000000E+00  0.00000000E+00  0.00000000E+00  0.00000000E+00  0.00000000E+00
  0.00000000E+00  0.00000000E+00  0.00000000E+00  0.00000000E+00  0.00000000E+00
  0.00000000E+00  0.00000000E+00  0.00000000E+00  0.00000000E+00  0.00000000E+00
  0.00000000E+00  0.00000000E+00  0.00000000E+00  0.00000000E+00  0.00000000E+00
->       3      12       2     100                                 <-   
SCAT00                                                                          
  1.36949234E+01  1.40130711E+01  1.41107683E+01  1.41607723E+01  1.41928396E+01
  1.42161512E+01  1.42344923E+01  1.42496386E+01  1.42632399E+01  1.42757015E+01
  1.42875891E+01  1.42989292E+01  1.43097534E+01  1.43204603E+01  1.43314466E+01
  1.43425865E+01  1.43538504E+01  1.43655014E+01  1.43779640E+01  1.43909416E+01
  1.44046059E+01  1.44196386E+01  1.44360313E+01  1.44543276E+01  1.44744844E+01
  1.44971275E+01  1.45233479E+01  1.45551901E+01  1.45981426E+01  1.46647663E+01
  1.48212929E+01  1.49705257E+01  1.50882492E+01  1.51975212E+01  1.53016281E+01
  1.54022579E+01  1.54999790E+01  1.55973473E+01  1.56956625E+01  1.57947588E+01
  1.58940315E+01  1.59947624E+01  1.60951080E+01  1.61975346E+01  1.63043041E+01
  1.64145317E+01  1.65276737E+01  1.66450119E+01  1.67670612E+01  1.68920956E+01
  1.70192928E+01  1.71486855E+01  1.72836342E+01  1.74269295E+01  1.75812588E+01
  1.77470360E+01  1.79236546E+01  1.81109009E+01  1.83083706E+01  1.85168362E+01
  1.87381783E+01  1.89735184E+01  1.92238827E+01  1.94888725E+01  1.97673836E+01
  2.00576172E+01  2.03556900E+01  2.06591225E+01  2.09640636E+01  2.12683086E+01
  2.15683556E+01  2.18626118E+01  2.21488400E+01  2.24258404E+01  2.26926022E+01
  2.29487915E+01  2.31937771E+01  2.34279232E+01  2.36505470E+01  2.38622704E+01
  2.40631294E+01  2.42540169E+01  2.44348736E+01  2.46064510E+01  2.47684650E+01
  2.49221535E+01  2.50674171E+01  2.52051983E+01  2.53354778E+01  2.54589672E+01
  2.55758228E+01  2.56860142E+01  2.57908020E+01  2.58895569E+01  2.59824448E+01
  2.60674152E+01  2.61398678E+01  2.61789494E+01  2.60978413E+01  2.53399353E+01
->       3      12       1     100                                 <-   
IPOS00                                                                          
         1         2         3         4         5         6         7         8
         9        10        11        12        13        14        15        16
        17        18        19        20        21        22        23        24
        25        26        27        28        29        30        31        32
        33        34        35        36        37        38        39        40
        41        42        43        44        45        46        47        48
        49        50        51        52        53        54        55        56
        57        58        59        60        61        62        63        64
        65        66        67        68        69        70        71        72
        73        74        75        76        77        78        79        80
        81        82        83        84        85        86        87        88
        89        90        91        92        93        94        95        96
        97        98        99       100
->       3      12       1     100                                 <-   
NJJS00                                                                          
         1         1         1         1         1         1         1         1
         1         1         1         1         1         1         1         1
         1         1         1         1         1         1         1         1
         1         1         1         1         1         1         1         1
         1         1         1         1         1         1         1         1
         1         1         1         1         1         1         1         1
         1         1         1         1         1         1         1         1
         1         1         1         1         1         1         1         1
         1         1         1         1         1         1         1         1
         1         1         1         1         1         1         1         1
         1         1         1         1         1         1         1         1
         1         1         1         1         1         1         1         1
         1         1         1         1
->       3      12       1     100                                 <-   
IJJS00                                                                          
         1         1         1         1         1         1         1         1
         1         1         1         1         1         1         1         1
         1         1         1         1         1         1         1         1
         1         1         1         1         1         1         1         1
         1         1         1         1         1         1         1         1
         1         1         1         1         1         1         1         1
         1         1         1         1         1         1         1         1
         1         1         1         1         1         1         1         1
         1         1         1         1         1         1         1         1
         1         1         1         1         1         1         1         1
         1         1         1         1         1         1         1         1
         1         1         1         1         1         1         1         1
         1         1         1         1
->       3      12       2     100                                 <-   
SCAT01                                                                          
  1.05115843E+01  1.07740059E+01  1.08542566E+01  1.08952074E+01  1.09214096E+01
  1.09403954E+01  1.09553413E+01  1.09676580E+01  1.09787006E+01  1.09888010E+01
  1.09984512E+01  1.10076332E+01  1.10163794E+01  1.10250444E+01  1.10339327E+01
  1.10429316E+01  1.10520134E+01  1.10614166E+01  1.10714846E+01  1.10819330E+01
  1.10929546E+01  1.11050854E+01  1.11182709E+01  1.11330137E+01  1.11492548E+01
  1.11674852E+01  1.11886091E+01  1.12142601E+01  1.12488527E+01  1.13026562E+01
  1.14292021E+01  1.15495119E+01  1.16443377E+01  1.17323618E+01  1.18162298E+01
  1.18973122E+01  1.19760227E+01  1.20544586E+01  1.21336575E+01  1.22135363E+01
  1.22935104E+01  1.23747129E+01  1.24555635E+01  1.25380535E+01  1.26241093E+01
  1.27129536E+01  1.28041649E+01  1.28987608E+01  1.29971771E+01  1.30980501E+01
  1.32006588E+01  1.33049984E+01  1.34137774E+01  1.35293217E+01  1.36538076E+01
  1.37875776E+01  1.39301748E+01  1.40813789E+01  1.42409058E+01  1.44093294E+01
  1.45882673E+01  1.47785530E+01  1.49811392E+01  1.51956501E+01  1.54212723E+01
  1.56565027E+01  1.58982534E+01  1.61444836E+01  1.63920708E+01  1.66392078E+01
  1.68830757E+01  1.71223183E+01  1.73551025E+01  1.75805016E+01  1.77976475E+01
  1.80061951E+01  1.82057056E+01  1.83964119E+01  1.85778103E+01  1.87503567E+01
  1.89140739E+01  1.90696850E+01  1.92171440E+01  1.93570786E+01  1.94892292E+01
  1.96146069E+01  1.97331276E+01  1.98455334E+01  1.99518299E+01  2.00526276E+01
  2.01480083E+01  2.02379303E+01  2.03235149E+01  2.04040890E+01  2.04799690E+01
  2.05493679E+01  2.06085949E+01  2.06404610E+01  2.05736141E+01  1.99492836E+01
->       3      12       1     100                                 <-   
IPOS01                                                                          
         1         2         3         4         5         6         7         8
         9        10        11        12        13        14        15        16
        17        18        19        20        21        22        23        24
        25        26        27        28        29        30        31        32
        33        34        35        36        37        38        39        40
        41        42        43        44        45        46        47        48
        49        50        51        52        53        54        55        56
        57        58        59        60        61        62        63        64
        65        66        67        68        69        70        71        72
        73        74        75        76        77        78        79        80
        81        82        83        84        85        86        87        88
        89        90        91        92        93        94        95        96
        97        98        99       100
->       3      12       1     100                                 <-   
NJJS01                                                                          
         1         1         1         1         1         1         1         1
         1         1         1         1         1         1         1         1
         1         1         1         1         1         1         1         1
         1         1         1         1         1         1         1         1
         1         1         1         1         1         1         1         1
         1         1         1         1         1         1         1         1
         1         1         1         1         1         1         1         1
         1         1         1         1         1         1         1         1
         1         1         1         1         1         1         1         1
         1         1         1         1         1         1         1         1
         1         1         1         1         1         1         1         1
         1         1         1         1         1         1         1         1
         1         1         1         1
->       3      12       1     100                                 <-   
IJJS01                                                                          
         1         1         1         1         1         1         1         1
         1         1         1         1         1         1         1         1
         1         1         1         1         1         1         1         1
         1         1         1         1         1         1         1         1
         1         1         1         1         1         1         1         1
         1         1         1         1         1         1         1         1
         1         1         1         1         1         1         1         1
         1         1         1         1         1         1         1         1
         1         1         1         1         1         1         1         1
         1         1         1         1         1         1         1         1
         1         1         1         1         1         1         1         1
         1         1         1         1         1         1         1         1
         1         1         1         1
->       3      12       2     100                                 <-   
SIGW01                                                                          
  1.05115843E+01  1.07740059E+01  1.08542566E+01  1.08952074E+01  1.09214096E+01
  1.09403954E+01  1.09553413E+01  1.09676580E+01  1.09787006E+01  1.09888010E+01
  1.09984512E+01  1.10076332E+01  1.10163794E+01  1.10250444E+01  1.10339327E+01
  1.10429316E+01  1.10520134E+01  1.10614166E+01  1.10714846E+01  1.10819330E+01
  1.10929546E+01  1.11050854E+01  1.11182709E+01  1.11330137E+01  1.11492548E+01
  1.11674852E+01  1.11886091E+01  1.12142601E+01  1.12488527E+01  1.13026562E+01
  1.14292021E+01  1.15495119E+01  1.16443377E+01  1.17323618E+01  1.18162298E+01
  1.18973122E+01  1.19760227E+01  1.20544586E+01  1.21336575E+01  1.22135363E+01
  1.22935104E+01  1.23747129E+01  1.24555635E+01  1.25380535E+01  1.26241093E+01
  1.27129536E+01  1.28041649E+01  1.28987608E+01  1.29971771E+01  1.30980501E+01
  1.32006588E+01  1.33049984E+01  1.34137774E+01  1.35293217E+01  1.36538076E+01
  1.37875776E+01  1.39301748E+01  1.40813789E+01  1.42409058E+01  1.44093294E+01
  1.45882673E+01  1.47785530E+01  1.49811392E+01  1.51956501E+01  1.54212723E+01
  1.56565027E+01  1.58982534E+01  1.61444836E+01  1.63920708E+01  1.66392078E+01
  1.68830757E+01  1.71223183E+01  1.73551025E+01  1.75805016E+01  1.77976475E+01
  1.80061951E+01  1.82057056E+01  1.83964119E+01  1.85778103E+01  1.87503567E+01
  1.89140739E+01  1.90696850E+01  1.92171440E+01  1.93570786E+01  1.94892292E+01
  1.96146069E+01  1.97331276E+01  1.98455334E+01  1.99518299E+01  2.00526276E+01
  2.01480083E+01  2.02379303E+01  2.03235149E+01  2.04040890E+01  2.04799690E+01
  2.05493679E+01  2.06085949E+01  2.06404610E+01  2.05736141E+01  1.99492836E+01
->       3      12       2     100                                 <-   
SCAT02                                                                          
  7.30427217E+00  7.49881315E+00  7.55803061E+00  7.58813381E+00  7.60734797E+00
  7.62124586E+00  7.63216543E+00  7.64114332E+00  7.64918947E+00  7.65653944E+00
  7.66356373E+00  7.67021656E+00  7.67655993E+00  7.68285131E+00  7.68927431E+00
  7.69577742E+00  7.70235538E+00  7.70915508E+00  7.71642399E+00  7.72397327E+00
  7.73191690E+00  7.74066114E+00  7.75017452E+00  7.76081228E+00  7.77251673E+00
  7.78565073E+00  7.80086851E+00  7.81933784E+00  7.84428596E+00  7.88316536E+00
  7.97473478E+00  8.06153011E+00  8.12986946E+00  8.19332314E+00  8.25377464E+00
  8.31222343E+00  8.36898136E+00  8.42551136E+00  8.48262310E+00  8.54024506E+00
  8.59793568E+00  8.65652180E+00  8.71485233E+00  8.77433968E+00  8.83643627E+00
  8.90056896E+00  8.96640968E+00  9.03472233E+00  9.10581589E+00  9.17870998E+00
  9.25286961E+00  9.32823753E+00  9.40682411E+00  9.49028015E+00  9.58024120E+00
  9.67697906E+00  9.78015804E+00  9.88961315E+00  1.00051241E+01  1.01271353E+01
  1.02567968E+01  1.03947687E+01  1.05417194E+01  1.06974564E+01  1.08613710E+01
  1.10323687E+01  1.12082253E+01  1.13874693E+01  1.15678110E+01  1.17479143E+01
  1.19257135E+01  1.21002464E+01  1.22701139E+01  1.24346657E+01  1.25932503E+01
  1.27455950E+01  1.28913975E+01  1.30307961E+01  1.31634293E+01  1.32896137E+01
  1.34093742E+01  1.35232115E+01  1.36311264E+01  1.37335110E+01  1.38302689E+01
  1.39220448E+01  1.40088310E+01  1.40911331E+01  1.41689997E+01  1.42428141E+01
  1.43126516E+01  1.43785744E+01  1.44412317E+01  1.45003052E+01  1.45559082E+01
  1.46067924E+01  1.46501808E+01  1.46735020E+01  1.46239958E+01  1.41620655E+01
->       3      12       1     100                                 <-   
IPOS02                                                                          
         1         2         3         4         5         6         7         8
         9        10        11        12        13        14        15        16
        17        18        19        20        21        22        23        24
        25        26        27        28        29        30        31        32
        33        34        35        36        37        38        39        40
        41        42        43        44        45        46        47        48
        49        50        51        52        53        54        55        56
        57        58        59        60        61        62        63        64
        65        66        67        68        69        70        71        72
        73        74        75        76        77        78        79        80
        81        82        83        84        85        86        87        88
        89        90        91        92        93        94        95        96
        97        98        99       100
->       3      12       1     100                                 <-   
NJJS02                                                                          
         1         1         1         1         1         1         1         1
         1         1         1         1         1         1         1         1
         1         1         1         1         1         1         1         1
         1         1         1         1         1         1         1         1
         1         1         1         1         1         1         1         1
         1         1         1         1         1         1         1         1
         1         1         1         1         1         1         1         1
         1         1         1         1         1         1         1         1
         1         1         1         1         1         1         1         1
         1         1         1         1         1         1         1         1
         1         1         1         1         1         1         1         1
         1         1         1         1         1         1         1         1
         1         1         1         1
->       3      12       1     100                                 <-   
IJJS02                                                                          
         1         1         1         1         1         1         1         1
         1         1         1         1         1         1         1         1
         1         1         1         1         1         1         1         1
         1         1         1         1         1         1         1         1
         1         1         1         1         1         1         1         1
         1         1         1         1         1         1         1         1
         1         1         1         1         1         1         1         1
         1         1         1         1         1         1         1         1
         1         1         1         1         1         1         1         1
         1         1         1         1         1         1         1         1
         1         1         1         1         1         1         1         1
         1         1         1         1         1         1         1         1
         1         1         1         1
->       3      12       2     100                                 <-   
SIGW02                                                                          
  7.30427217E+00  7.49881315E+00  7.55803061E+00  7.58813381E+00  7.60734797E+00
  7.62124586E+00  7.63216543E+00  7.64114332E+00  7.64918947E+00  7.65653944E+00
  7.66356373E+00  7.67021656E+00  7.67655993E+00  7.68285131E+00  7.68927431E+00
  7.69577742E+00  7.70235538E+00  7.70915508E+00  7.71642399E+00  7.72397327E+00
  7.73191690E+00  7.74066114E+00  7.75017452E+00  7.76081228E+00  7.77251673E+00
  7.78565073E+00  7.80086851E+00  7.81933784E+00  7.84428596E+00  7.88316536E+00
  7.97473478E+00  8.06153011E+00  8.12986946E+00  8.19332314E+00  8.25377464E+00
  8.31222343E+00  8.36898136E+00  8.42551136E+00  8.48262310E+00  8.54024506E+00
  8.59793568E+00  8.65652180E+00  8.71485233E+00  8.77433968E+00  8.83643627E+00
  8.90056896E+00  8.96640968E+00  9.03472233E+00  9.10581589E+00  9.17870998E+00
  9.25286961E+00  9.32823753E+00  9.40682411E+00  9.49028015E+00  9.58024120E+00
  9.67697906E+00  9.78015804E+00  9.88961315E+00  1.00051241E+01  1.01271353E+01
  1.02567968E+01  1.03947687E+01  1.05417194E+01  1.06974564E+01  1.08613710E+01
  1.10323687E+01  1.12082253E+01  1.13874693E+01  1.15678110E+01  1.17479143E+01
  1.19257135E+01  1.21002464E+01  1.22701139E+01  1.24346657E+01  1.25932503E+01
  1.27455950E+01  1.28913975E+01  1.30307961E+01  1.31634293E+01  1.32896137E+01
  1.34093742E+01  1.35232115E+01  1.36311264E+01  1.37335110E+01  1.38302689E+01
  1.39220448E+01  1.40088310E+01  1.40911331E+01  1.41689997E+01  1.42428141E+01
  1.43126516E+01  1.43785744E+01  1.44412317E+01  1.45003052E+01  1.45559082E+01
  1.46067924E+01  1.46501808E+01  1.46735020E+01  1.46239958E+01  1.41620655E+01
->       3      12       2     100                                 <-   
SCAT03                                                                          
  5.07532263E+00  5.20548582E+00  5.24516344E+00  5.26535273E+00  5.27824545E+00
  5.28757668E+00  5.29490614E+00  5.30094957E+00  5.30635071E+00  5.31129217E+00
  5.31600952E+00  5.32047892E+00  5.32475138E+00  5.32897329E+00  5.33329487E+00
  5.33765936E+00  5.34207821E+00  5.34664583E+00  5.35153055E+00  5.35660458E+00
  5.36194086E+00  5.36781311E+00  5.37420654E+00  5.38134956E+00  5.38920498E+00
  5.39803362E+00  5.40824366E+00  5.42064953E+00  5.43740702E+00  5.46349382E+00
  5.52493238E+00  5.58320045E+00  5.62909317E+00  5.67169857E+00  5.71230602E+00
  5.75156021E+00  5.78968573E+00  5.82766867E+00  5.86604309E+00  5.90475845E+00
  5.94352865E+00  5.98290157E+00  6.02210379E+00  6.06209707E+00  6.10384512E+00
  6.14695978E+00  6.19123173E+00  6.23716259E+00  6.28497076E+00  6.33399057E+00
  6.38385487E+00  6.43453789E+00  6.48741055E+00  6.54355192E+00  6.60407829E+00
  6.66916847E+00  6.73858118E+00  6.81221962E+00  6.88992739E+00  6.97202253E+00
  7.05924082E+00  7.15205479E+00  7.25092030E+00  7.35566568E+00  7.46590853E+00
  7.58089828E+00  7.69915581E+00  7.81965542E+00  7.94087505E+00  8.06191158E+00
  8.18141270E+00  8.29868031E+00  8.41284180E+00  8.52338219E+00  8.62991810E+00
  8.73226261E+00  8.83019733E+00  8.92381382E+00  9.01288605E+00  9.09763813E+00
  9.17805481E+00  9.25450802E+00  9.32695103E+00  9.39570141E+00  9.46065903E+00
  9.52229404E+00  9.58056068E+00  9.63581753E+00  9.68808937E+00  9.73764229E+00
  9.78454876E+00  9.82877350E+00  9.87086582E+00  9.91050816E+00  9.94783306E+00
  9.98198795E+00  1.00111160E+01  1.00268002E+01  9.99368572E+00  9.68446445E+00
->       3      12       1     100                                 <-   
IPOS03                                                                          
         1         2         3         4         5         6         7         8
         9        10        11        12        13        14        15        16
        17        18        19        20        21        22        23        24
        25        26        27        28        29        30        31        32
        33        34        35        36        37        38        39        40
        41        42        43        44        45        46        47        48
        49        50        51        52        53        54        55        56
        57        58        59        60        61        62        63        64
        65        66        67        68        69        70        71        72
        73        74        75        76        77        78        79        80
        81        82        83        84        85        86        87        88
        89        90        91        92        93        94        95        96
        97        98        99       100
->       3      12       1     100                                 <-   
NJJS03                                                                          
         1         1         1         1         1         1         1         1
         1         1         1         1         1         1         1         1
         1         1         1         1         1         1         1         1
         1         1         1         1         1         1         1         1
         1         1         1         1         1         1         1         1
         1         1         1         1         1         1         1         1
         1         1         1         1         1         1         1         1
         1         1         1         1         1         1         1         1
         1         1         1         1         1         1         1         1
         1         1         1         1         1         1         1         1
         1         1         1         1         1         1         1         1
         1         1         1         1         1         1         1         1
         1         1         1         1
->       3      12       1     100                                 <-   
IJJS03                                                                          
         1         1         1         1         1         1         1         1
         1         1         1         1         1         1         1         1
         1         1         1         1         1         1         1         1
         1         1         1         1         1         1         1         1
         1         1         1         1         1         1         1         1
         1         1         1         1         1         1         1         1
         1         1         1         1         1         1         1         1
         1         1         1         1         1         1         1         1
         1         1         1         1         1         1         1         1
         1         1         1         1         1         1         1         1
         1         1         1         1         1         1         1         1
         1         1         1         1         1         1         1         1
         1         1         1         1
->       3      12       2     100                                 <-   
SIGW03                                                                          
  5.07532263E+00  5.20548582E+00  5.24516344E+00  5.26535273E+00  5.27824545E+00
  5.28757668E+00  5.29490614E+00  5.30094957E+00  5.30635071E+00  5.31129217E+00
  5.31600952E+00  5.32047892E+00  5.32475138E+00  5.32897329E+00  5.33329487E+00
  5.33765936E+00  5.34207821E+00  5.34664583E+00  5.35153055E+00  5.35660458E+00
  5.36194086E+00  5.36781311E+00  5.37420654E+00  5.38134956E+00  5.38920498E+00
  5.39803362E+00  5.40824366E+00  5.42064953E+00  5.43740702E+00  5.46349382E+00
  5.52493238E+00  5.58320045E+00  5.62909317E+00  5.67169857E+00  5.71230602E+00
  5.75156021E+00  5.78968573E+00  5.82766867E+00  5.86604309E+00  5.90475845E+00
  5.94352865E+00  5.98290157E+00  6.02210379E+00  6.06209707E+00  6.10384512E+00
  6.14695978E+00  6.19123173E+00  6.23716259E+00  6.28497076E+00  6.33399057E+00
  6.38385487E+00  6.43453789E+00  6.48741055E+00  6.54355192E+00  6.60407829E+00
  6.66916847E+00  6.73858118E+00  6.81221962E+00  6.88992739E+00  6.97202253E+00
  7.05924082E+00  7.15205479E+00  7.25092030E+00  7.35566568E+00  7.46590853E+00
  7.58089828E+00  7.69915581E+00  7.81965542E+00  7.94087505E+00  8.06191158E+00
  8.18141270E+00  8.29868031E+00  8.41284180E+00  8.52338219E+00  8.62991810E+00
  8.73226261E+00  8.83019733E+00  8.92381382E+00  9.01288605E+00  9.09763813E+00
  9.17805481E+00  9.25450802E+00  9.32695103E+00  9.39570141E+00  9.46065903E+00
  9.52229404E+00  9.58056068E+00  9.63581753E+00  9.68808937E+00  9.73764229E+00
  9.78454876E+00  9.82877350E+00  9.87086582E+00  9.91050816E+00  9.94783306E+00
  9.98198795E+00  1.00111160E+01  1.00268002E+01  9.99368572E+00  9.68446445E+00
->       3      12       2     100                                 <-   
SCAT04                                                                          
  2.97343469E+00  3.04274917E+00  3.06408167E+00  3.07501984E+00  3.08203650E+00
  3.08714199E+00  3.09116673E+00  3.09448624E+00  3.09746671E+00  3.10020208E+00
  3.10281324E+00  3.10529947E+00  3.10767698E+00  3.11002827E+00  3.11244226E+00
  3.11488414E+00  3.11735725E+00  3.11991572E+00  3.12264967E+00  3.12550282E+00
  3.12850690E+00  3.13181067E+00  3.13540196E+00  3.13942146E+00  3.14384794E+00
  3.14882159E+00  3.15457845E+00  3.16157317E+00  3.17099953E+00  3.18562531E+00
  3.21995449E+00  3.25271869E+00  3.27856421E+00  3.30256128E+00  3.32541466E+00
  3.34751558E+00  3.36897421E+00  3.39036036E+00  3.41195130E+00  3.43371964E+00
  3.45552444E+00  3.47764683E+00  3.49968505E+00  3.52218318E+00  3.54564166E+00
  3.56985497E+00  3.59471011E+00  3.62048650E+00  3.64730334E+00  3.67476797E+00
  3.70271254E+00  3.73113227E+00  3.76078844E+00  3.79227138E+00  3.82617712E+00
  3.86260867E+00  3.90141511E+00  3.94255662E+00  3.98594284E+00  4.03174543E+00
  4.08038330E+00  4.13208485E+00  4.18708563E+00  4.24529886E+00  4.30647612E+00
  4.37021542E+00  4.43567276E+00  4.50230694E+00  4.56925821E+00  4.63604879E+00
  4.70191765E+00  4.76650286E+00  4.82932043E+00  4.89010954E+00  4.94865704E+00
  5.00485182E+00  5.05862093E+00  5.10998869E+00  5.15882826E+00  5.20527792E+00
  5.24933672E+00  5.29120493E+00  5.33088064E+00  5.36850548E+00  5.40405035E+00
  5.43775940E+00  5.46962023E+00  5.49984217E+00  5.52842331E+00  5.55550098E+00
  5.58114672E+00  5.60530996E+00  5.62830305E+00  5.64996862E+00  5.67035913E+00
  5.68901062E+00  5.70492411E+00  5.71352959E+00  5.69583559E+00  5.53026962E+00
->       3      12       1     100                                 <-   
IPOS04                                                                          
         1         2         3         4         5         6         7         8
         9        10        11        12        13        14        15        16
        17        18        19        20        21        22        23        24
        25        26        27        28        29        30        31        32
        33        34        35        36        37        38        39        40
        41        42        43        44        45        46        47        48
        49        50        51        52        53        54        55        56
        57        58        59        60        61        62        63        64
        65        66        67        68        69        70        71        72
        73        74        75        76        77        78        79        80
        81        82        83        84        85        86        87        88
        89        90        91        92        93        94        95        96
        97        98        99       100
->       3      12       1     100                                 <-   
NJJS04                                                                          
         1         1         1         1         1         1         1         1
         1         1         1         1         1         1         1         1
         1         1         1         1         1         1         1         1
         1         1         1         1         1         1         1         1
         1         1         1         1         1         1         1         1
         1         1         1         1         1         1         1         1
         1         1         1         1         1         1         1         1
         1         1         1         1         1         1         1         1
         1         1         1         1         1         1         1         1
         1         1         1         1         1         1         1         1
         1         1         1         1         1         1         1         1
         1         1         1         1         1         1         1         1
         1         1         1         1
->       3      12       1     100                                 <-   
IJJS04                                                                          
         1         1         1         1         1         1         1         1
         1         1         1         1         1         1         1         1
         1         1         1         1         1         1         1         1
         1         1         1         1         1         1         1         1
         1         1         1         1         1         1         1         1
         1         1         1         1         1         1         1         1
         1         1         1         1         1         1         1         1
         1         1         1         1         1         1         1         1
         1         1         1         1         1         1         1         1
         1         1         1         1         1         1         1         1
         1         1         1         1         1         1         1         1
         1         1         1         1         1         1         1         1
         1         1         1         1
->       3      12       2     100                                 <-   
SIGW04                                                                          
  2.97343469E+00  3.04274917E+00  3.06408167E+00  3.07501984E+00  3.08203650E+00
  3.08714199E+00  3.09116673E+00  3.09448624E+00  3.09746671E+00  3.10020208E+00
  3.10281324E+00  3.10529947E+00  3.10767698E+00  3.11002827E+00  3.11244226E+00
  3.11488414E+00  3.11735725E+00  3.11991572E+00  3.12264967E+00  3.12550282E+00
  3.12850690E+00  3.13181067E+00  3.13540196E+00  3.13942146E+00  3.14384794E+00
  3.14882159E+00  3.15457845E+00  3.16157317E+00  3.17099953E+00  3.18562531E+00
  3.21995449E+00  3.25271869E+00  3.27856421E+00  3.30256128E+00  3.32541466E+00
  3.34751558E+00  3.36897421E+00  3.39036036E+00  3.41195130E+00  3.43371964E+00
  3.45552444E+00  3.47764683E+00  3.49968505E+00  3.52218318E+00  3.54564166E+00
  3.56985497E+00  3.59471011E+00  3.62048650E+00  3.64730334E+00  3.67476797E+00
  3.70271254E+00  3.73113227E+00  3.76078844E+00  3.79227138E+00  3.82617712E+00
  3.86260867E+00  3.90141511E+00  3.94255662E+00  3.98594284E+00  4.03174543E+00
  4.08038330E+00  4.13208485E+00  4.18708563E+00  4.24529886E+00  4.30647612E+00
  4.37021542E+00  4.43567276E+00  4.50230694E+00  4.56925821E+00  4.63604879E+00
  4.70191765E+00  4.76650286E+00  4.82932043E+00  4.89010954E+00  4.94865704E+00
  5.00485182E+00  5.05862093E+00  5.10998869E+00  5.15882826E+00  5.20527792E+00
  5.24933672E+00  5.29120493E+00  5.33088064E+00  5.36850548E+00  5.40405035E+00
  5.43775940E+00  5.46962023E+00  5.49984217E+00  5.52842331E+00  5.55550098E+00
  5.58114672E+00  5.60530996E+00  5.62830305E+00  5.64996862E+00  5.67035913E+00
  5.68901062E+00  5.70492411E+00  5.71352959E+00  5.69583559E+00  5.53026962E+00
->       3      12       2     100                                 <-   
SCAT05                                                                          
  1.45092577E-01  1.48696780E-01  1.49931327E-01  1.50614440E-01  1.51073799E-01
  1.51419461E-01  1.51700214E-01  1.51939794E-01  1.52158841E-01  1.52364373E-01
  1.52564168E-01  1.52758718E-01  1.52949750E-01  1.53141096E-01  1.53337061E-01
  1.53539881E-01  1.53749779E-01  1.53968230E-01  1.54201314E-01  1.54448137E-01
  1.54712230E-01  1.55003041E-01  1.55321717E-01  1.55677706E-01  1.56073749E-01
  1.56522259E-01  1.57043561E-01  1.57676399E-01  1.58520147E-01  1.59798354E-01
  1.62722170E-01  1.65638462E-01  1.67962626E-01  1.70112312E-01  1.72149613E-01
  1.74111336E-01  1.76017851E-01  1.77910924E-01  1.79811254E-01  1.81716040E-01
  1.83619887E-01  1.85538575E-01  1.87453255E-01  1.89406916E-01  1.91427886E-01
  1.93500325E-01  1.95621714E-01  1.97810501E-01  2.00069696E-01  2.02372491E-01
  2.04710037E-01  2.07093045E-01  2.09576726E-01  2.12204367E-01  2.15012178E-01
  2.18001023E-01  2.21159354E-01  2.24482387E-01  2.27965966E-01  2.31623486E-01
  2.35481620E-01  2.39552960E-01  2.43847772E-01  2.48351663E-01  2.53040284E-01
  2.57877946E-01  2.62802660E-01  2.67771780E-01  2.72726148E-01  2.77630091E-01
  2.82434404E-01  2.87114352E-01  2.91640639E-01  2.95997083E-01  3.00171763E-01
  3.04161608E-01  3.07961494E-01  3.11577708E-01  3.15004408E-01  3.18252683E-01
  3.21324408E-01  3.24235052E-01  3.26985240E-01  3.29588294E-01  3.32041413E-01
  3.34364414E-01  3.36556256E-01  3.38631570E-01  3.40592235E-01  3.42448950E-01
  3.44203770E-01  3.45858514E-01  3.47430676E-01  3.48910093E-01  3.50298792E-01
  3.51564795E-01  3.52640837E-01  3.53238851E-01  3.52232754E-01  3.42816055E-01
->       3      12       1     100                                 <-   
IPOS05                                                                          
         1         2         3         4         5         6         7         8
         9        10        11        12        13        14        15        16
        17        18        19        20        21        22        23        24
        25        26        27        28        29        30        31        32
        33        34        35        36        37        38        39        40
        41        42        43        44        45        46        47        48
        49        50        51        52        53        54        55        56
        57        58        59        60        61        62        63        64
        65        66        67        68        69        70        71        72
        73        74        75        76        77        78        79        80
        81        82        83        84        85        86        87        88
        89        90        91        92        93        94        95        96
        97        98        99       100
->       3      12       1     100                                 <-   
NJJS05                                                                          
         1         1         1         1         1         1         1         1
         1         1         1         1         1         1         1         1
         1         1         1         1         1         1         1         1
         1         1         1         1         1         1         1         1
         1         1         1         1         1         1         1         1
         1         1         1         1         1         1         1         1
         1         1         1         1         1         1         1         1
         1         1         1         1         1         1         1         1
         1         1         1         1         1         1         1         1
         1         1         1         1         1         1         1         1
         1         1         1         1         1         1         1         1
         1         1         1         1         1         1         1         1
         1         1         1         1
->       3      12       1     100                                 <-   
IJJS05                                                                          
         1         1         1         1         1         1         1         1
         1         1         1         1         1         1         1         1
         1         1         1         1         1         1         1         1
         1         1         1         1         1         1         1         1
         1         1         1         1         1         1         1         1
         1         1         1         1         1         1         1         1
         1         1         1         1         1         1         1         1
         1         1         1         1         1         1         1         1
         1         1         1         1         1         1         1         1
         1         1         1         1         1         1         1         1
         1         1         1         1         1         1         1         1
         1         1         1         1         1         1         1         1
         1         1         1         1
->       3      12       2     100                                 <-   
SIGW05                                                                          
  1.45092577E-01  1.48696780E-01  1.49931327E-01  1.50614440E-01  1.51073799E-01
  1.51419461E-01  1.51700214E-01  1.51939794E-01  1.52158841E-01  1.52364373E-01
  1.52564168E-01  1.52758718E-01  1.52949750E-01  1.53141096E-01  1.53337061E-01
  1.53539881E-01  1.53749779E-01  1.53968230E-01  1.54201314E-01  1.54448137E-01
  1.54712230E-01  1.55003041E-01  1.55321717E-01  1.55677706E-01  1.56073749E-01
  1.56522259E-01  1.57043561E-01  1.57676399E-01  1.58520147E-01  1.59798354E-01
  1.62722170E-01  1.65638462E-01  1.67962626E-01  1.70112312E-01  1.72149613E-01
  1.74111336E-01  1.76017851E-01  1.77910924E-01  1.79811254E-01  1.81716040E-01
  1.83619887E-01  1.85538575E-01  1.87453255E-01  1.89406916E-01  1.91427886E-01
  1.93500325E-01  1.95621714E-01  1.97810501E-01  2.00069696E-01  2.02372491E-01
  2.04710037E-01  2.07093045E-01  2.09576726E-01  2.12204367E-01  2.15012178E-01
  2.18001023E-01  2.21159354E-01  2.24482387E-01  2.27965966E-01  2.31623486E-01
  2.35481620E-01  2.39552960E-01  2.43847772E-01  2.48351663E-01  2.53040284E-01
  2.57877946E-01  2.62802660E-01  2.67771780E-01  2.72726148E-01  2.77630091E-01
  2.82434404E-01  2.87114352E-01  2.91640639E-01  2.95997083E-01  3.00171763E-01
  3.04161608E-01  3.07961494E-01  3.11577708E-01  3.15004408E-01  3.18252683E-01
  3.21324408E-01  3.24235052E-01  3.26985240E-01  3.29588294E-01  3.32041413E-01
  3.34364414E-01  3.36556256E-01  3.38631570E-01  3.40592235E-01  3.42448950E-01
  3.44203770E-01  3.45858514E-01  3.47430676E-01  3.48910093E-01  3.50298792E-01
  3.51564795E-01  3.52640837E-01  3.53238851E-01  3.52232754E-01  3.42816055E-01
->       3      12       2     100                                 <-   
SCAT06                                                                          
  0.00000000E+00  0.00000000E+00  0.00000000E+00  0.00000000E+00  0.00000000E+00
  0.00000000E+00  0.00000000E+00  0.00000000E+00  0.00000000E+00  0.00000000E+00
  0.00000000E+00  0.00000000E+00  0.00000000E+00  0.00000000E+00  0.00000000E+00
  0.00000000E+00  0.00000000E+00  0.00000000E+00  0.00000000E+00  0.00000000E+00
  0.00000000E+00  0.00000000E+00  0.00000000E+00  0.00000000E+00  0.00000000E+00
  0.00000000E+00  0.00000000E+00  0.00000000E+00  0.00000000E+00  0.00000000E+00
  0.00000000E+00  0.00000000E+00  0.00000000E+00  0.00000000E+00  0.00000000E+00
  0.00000000E+00  0.00000000E+00  0.00000000E+00  0.00000000E+00  0.00000000E+00
  0.00000000E+00  0.00000000E+00  0.00000000E+00  0.00000000E+00  0.00000000E+00
  0.00000000E+00  0.00000000E+00  0.00000000E+00  0.00000000E+00  0.00000000E+00
  0.00000000E+00  0.00000000E+00  0.00000000E+00  0.00000000E+00  0.00000000E+00
  0.00000000E+00  0.00000000E+00  0.00000000E+00  0.00000000E+00  0.00000000E+00
  0.00000000E+00  0.00000000E+00  0.00000000E+00  0.00000000E+00  0.00000000E+00
  0.00000000E+00  0.00000000E+00  0.00000000E+00  0.00000000E+00  0.00000000E+00
  0.00000000E+00  0.00000000E+00  0.00000000E+00  0.00000000E+00  0.00000000E+00
  0.00000000E+00  0.00000000E+00  0.00000000E+00  0.00000000E+00  0.00000000E+00
  0.00000000E+00  0.00000000E+00  0.00000000E+00  0.00000000E+00  0.00000000E+00
  0.00000000E+00  0.00000000E+00  0.00000000E+00  0.00000000E+00  0.00000000E+00
  0.00000000E+00  0.00000000E+00  0.00000000E+00  0.00000000E+00  0.00000000E+00
  0.00000000E+00  0.00000000E+00  0.00000000E+00  0.00000000E+00  0.00000000E+00
->       3      12       1     100                                 <-   
IPOS06                                                                          
         1         2         3         4         5         6         7         8
         9        10        11        12        13        14        15        16
        17        18        19        20        21        22        23        24
        25        26        27        28        29        30        31        32
        33        34        35        36        37        38        39        40
        41        42        43        44        45        46        47        48
        49        50        51        52        53        54        55        56
        57        58        59        60        61        62        63        64
        65        66        67        68        69        70        71        72
        73        74        75        76        77        78        79        80
        81        82        83        84        85        86        87        88
        89        90        91        92        93        94        95        96
        97        98        99       100
->       3      12       1     100                                 <-   
NJJS06                                                                          
         1         1         1         1         1         1         1         1
         1         1         1         1         1         1         1         1
         1         1         1         1         1         1         1         1
         1         1         1         1         1         1         1         1
         1         1         1         1         1         1         1         1
         1         1         1         1         1         1         1         1
         1         1         1         1         1         1         1         1
         1         1         1         1         1         1         1         1
         1         1         1         1         1         1         1         1
         1         1         1         1         1         1         1         1
         1         1         1         1         1         1         1         1
         1         1         1         1         1         1         1         1
         1         1         1         1
->       3      12       1     100                                 <-   
IJJS06                                                                          
         1         1         1         1         1         1         1         1
         1         1         1         1         1         1         1         1
         1         1         1         1         1         1         1         1
         1         1         1         1         1         1         1         1
         1         1         1         1         1         1         1         1
         1         1         1         1         1         1         1         1
         1         1         1         1         1         1         1         1
         1         1         1         1         1         1         1         1
         1         1         1         1         1         1         1         1
         1         1         1         1         1         1         1         1
         1         1         1         1         1         1         1         1
         1         1         1         1         1         1         1         1
         1         1         1         1
->       3      12       2     100                                 <-   
SIGW06                                                                          
  0.00000000E+00  0.00000000E+00  0.00000000E+00  0.00000000E+00  0.00000000E+00
  0.00000000E+00  0.00000000E+00  0.00000000E+00  0.00000000E+00  0.00000000E+00
  0.00000000E+00  0.00000000E+00  0.00000000E+00  0.00000000E+00  0.00000000E+00
  0.00000000E+00  0.00000000E+00  0.00000000E+00  0.00000000E+00  0.00000000E+00
  0.00000000E+00  0.00000000E+00  0.00000000E+00  0.00000000E+00  0.00000000E+00
  0.00000000E+00  0.00000000E+00  0.00000000E+00  0.00000000E+00  0.00000000E+00
  0.00000000E+00  0.00000000E+00  0.00000000E+00  0.00000000E+00  0.00000000E+00
  0.00000000E+00  0.00000000E+00  0.00000000E+00  0.00000000E+00  0.00000000E+00
  0.00000000E+00  0.00000000E+00  0.00000000E+00  0.00000000E+00  0.00000000E+00
  0.00000000E+00  0.00000000E+00  0.00000000E+00  0.00000000E+00  0.00000000E+00
  0.00000000E+00  0.00000000E+00  0.00000000E+00  0.00000000E+00  0.00000000E+00
  0.00000000E+00  0.00000000E+00  0.00000000E+00  0.00000000E+00  0.00000000E+00
  0.00000000E+00  0.00000000E+00  0.00000000E+00  0.00000000E+00  0.00000000E+00
  0.00000000E+00  0.00000000E+00  0.00000000E+00  0.00000000E+00  0.00000000E+00
  0.00000000E+00  0.00000000E+00  0.00000000E+00  0.00000000E+00  0.00000000E+00
  0.00000000E+00  0.00000000E+00  0.00000000E+00  0.00000000E+00  0.00000000E+00
  0.00000000E+00  0.00000000E+00  0.00000000E+00  0.00000000E+00  0.00000000E+00
  0.00000000E+00  0.00000000E+00  0.00000000E+00  0.00000000E+00  0.00000000E+00
  0.00000000E+00  0.00000000E+00  0.00000000E+00  0.00000000E+00  0.00000000E+00
  0.00000000E+00  0.00000000E+00  0.00000000E+00  0.00000000E+00  0.00000000E+00
->       3      12       2     100                                 <-   
SCAT07                                                                          
  0.00000000E+00  0.00000000E+00  0.00000000E+00  0.00000000E+00  0.00000000E+00
  0.00000000E+00  0.00000000E+00  0.00000000E+00  0.00000000E+00  0.00000000E+00
  0.00000000E+00  0.00000000E+00  0.00000000E+00  0.00000000E+00  0.00000000E+00
  0.00000000E+00  0.00000000E+00  0.00000000E+00  0.00000000E+00  0.00000000E+00
  0.00000000E+00  0.00000000E+00  0.00000000E+00  0.00000000E+00  0.00000000E+00
  0.00000000E+00  0.00000000E+00  0.00000000E+00  0.00000000E+00  0.00000000E+00
  0.00000000E+00  0.00000000E+00  0.00000000E+00  0.00000000E+00  0.00000000E+00
  0.00000000E+00  0.00000000E+00  0.00000000E+00  0.00000000E+00  0.00000000E+00
  0.00000000E+00  0.00000000E+00  0.00000000E+00  0.00000000E+00  0.00000000E+00
  0.00000000E+00  0.00000000E+00  0.00000000E+00  0.00000000E+00  0.00000000E+00
  0.00000000E+00  0.00000000E+00  0.00000000E+00  0.00000000E+00  0.00000000E+00
  0.00000000E+00  0.00000000E+00  0.00000000E+00  0.00000000E+00  0.00000000E+00
  0.00000000E+00  0.00000000E+00  0.00000000E+00  0.00000000E+00  0.00000000E+00
  0.00000000E+00  0.00000000E+00  0.00000000E+00  0.00000000E+00  0.00000000E+00
  0.00000000E+00  0.00000000E+00  0.00000000E+00  0.00000000E+00  0.00000000E+00
  0.00000000E+00  0.00000000E+00  0.00000000E+00  0.00000000E+00  0.00000000E+00
  0.00000000E+00  0.00000000E+00  0.00000000E+00  0.00000000E+00  0.00000000E+00
  0.00000000E+00  0.00000000E+00  0.00000000E+00  0.00000000E+00  0.00000000E+00
  0.00000000E+00  0.00000000E+00  0.00000000E+00  0.00000000E+00  0.00000000E+00
  0.00000000E+00  0.00000000E+00  0.00000000E+00  0.00000000E+00  0.00000000E+00
->       3      12       1     100                                 <-   
IPOS07                                                                          
         1         2         3         4         5         6         7         8
         9        10        11        12        13        14        15        16
        17        18        19        20        21        22        23        24
        25        26        27        28        29        30        31        32
        33        34        35        36        37        38        39        40
        41        42        43        44        45        46        47        48
        49        50        51        52        53        54        55        56
        57        58        59        60        61        62        63        64
        65        66        67        68        69        70        71        72
        73        74        75        76        77        78        79        80
        81        82        83        84        85        86        87        88
        89        90        91        92        93        94        95        96
        97        98        99       100
->       3      12       1     100                                 <-   
NJJS07                                                                          
         1         1         1         1         1         1         1         1
         1         1         1         1         1         1         1         1
         1         1         1         1         1         1         1         1
         1         1         1         1         1         1         1         1
         1         1         1         1         1         1         1         1
         1         1         1         1         1         1         1         1
         1         1         1         1         1         1         1         1
         1         1         1         1         1         1         1         1
         1         1         1         1         1         1         1         1
         1         1         1         1         1         1         1         1
         1         1         1         1         1         1         1         1
         1         1         1         1         1         1         1         1
         1         1         1         1
->       3      12       1     100                                 <-   
IJJS07                                                                          
         1         1         1         1         1         1         1         1
         1         1         1         1         1         1         1         1
         1         1         1         1         1         1         1         1
         1         1         1         1         1         1         1         1
         1         1         1         1         1         1         1         1
         1         1         1         1         1         1         1         1
         1         1         1         1         1         1         1         1
         1         1         1         1         1         1         1         1
         1         1         1         1         1         1         1         1
         1         1         1         1         1         1         1         1
         1         1         1         1         1         1         1         1
         1         1         1         1         1         1         1         1
         1         1         1         1
->       3      12       2     100                                 <-   
SIGW07                                                                          
  0.00000000E+00  0.00000000E+00  0.00000000E+00  0.00000000E+00  0.00000000E+00
  0.00000000E+00  0.00000000E+00  0.00000000E+00  0.00000000E+00  0.00000000E+00
  0.00000000E+00  0.00000000E+00  0.00000000E+00  0.00000000E+00  0.00000000E+00
  0.00000000E+00  0.00000000E+00  0.00000000E+00  0.00000000E+00  0.00000000E+00
  0.00000000E+00  0.00000000E+00  0.00000000E+00  0.00000000E+00  0.00000000E+00
  0.00000000E+00  0.00000000E+00  0.00000000E+00  0.00000000E+00  0.00000000E+00
  0.00000000E+00  0.00000000E+00  0.00000000E+00  0.00000000E+00  0.00000000E+00
  0.00000000E+00  0.00000000E+00  0.00000000E+00  0.00000000E+00  0.00000000E+00
  0.00000000E+00  0.00000000E+00  0.00000000E+00  0.00000000E+00  0.00000000E+00
  0.00000000E+00  0.00000000E+00  0.00000000E+00  0.00000000E+00  0.00000000E+00
  0.00000000E+00  0.00000000E+00  0.00000000E+00  0.00000000E+00  0.00000000E+00
  0.00000000E+00  0.00000000E+00  0.00000000E+00  0.00000000E+00  0.00000000E+00
  0.00000000E+00  0.00000000E+00  0.00000000E+00  0.00000000E+00  0.00000000E+00
  0.00000000E+00  0.00000000E+00  0.00000000E+00  0.00000000E+00  0.00000000E+00
  0.00000000E+00  0.00000000E+00  0.00000000E+00  0.00000000E+00  0.00000000E+00
  0.00000000E+00  0.00000000E+00  0.00000000E+00  0.00000000E+00  0.00000000E+00
  0.00000000E+00  0.00000000E+00  0.00000000E+00  0.00000000E+00  0.00000000E+00
  0.00000000E+00  0.00000000E+00  0.00000000E+00  0.00000000E+00  0.00000000E+00
  0.00000000E+00  0.00000000E+00  0.00000000E+00  0.00000000E+00  0.00000000E+00
  0.00000000E+00  0.00000000E+00  0.00000000E+00  0.00000000E+00  0.00000000E+00
->       3      12       2     200                                 <-   
ESTOPW                                                                          
  1.75641668E+00  1.75641644E+00  1.75641644E+00  1.75641632E+00  1.75641644E+00
  1.75641644E+00  1.75641632E+00  1.75641644E+00  1.75641632E+00  1.75641632E+00
  1.75641644E+00  1.75641632E+00  1.75641644E+00  1.75641644E+00  1.75641668E+00
  1.75641644E+00  1.75641632E+00  1.75641632E+00  1.75641644E+00  1.75641632E+00
  1.75641644E+00  1.75641644E+00  1.75641632E+00  1.75641644E+00  1.75641644E+00
  1.75641644E+00  1.75641644E+00  1.75641644E+00  1.75641632E+00  1.75641632E+00
  1.75641668E+00  1.75641644E+00  1.75641632E+00  1.75641632E+00  1.75641644E+00
  1.75641632E+00  1.75641668E+00  1.75641644E+00  1.75641632E+00  1.75641668E+00
  1.75641644E+00  1.75641644E+00  1.75641644E+00  1.75641632E+00  1.75641644E+00
  1.75641644E+00  1.75641644E+00  1.75641644E+00  1.75641644E+00  1.75641632E+00
  1.75641644E+00  1.75641644E+00  1.75641644E+00  1.75641644E+00  1.75641668E+00
  1.75641632E+00  1.75641644E+00  1.75641644E+00  1.75641632E+00  1.75641644E+00
  1.75641644E+00  1.75641644E+00  1.75641644E+00  1.75641644E+00  1.75641632E+00
  1.75641644E+00  1.75641632E+00  1.75641644E+00  1.75641644E+00  1.75641644E+00
  1.75641644E+00  1.75641644E+00  1.75641632E+00  1.75641644E+00  1.75641632E+00
  1.75641632E+00  1.75641644E+00  1.75641632E+00  1.75641632E+00  1.75641644E+00
  1.75641644E+00  1.75641644E+00  1.75641632E+00  1.75641644E+00  1.75641632E+00
  1.75641644E+00  1.75641632E+00  1.75641632E+00  1.75641632E+00  1.75641644E+00
  1.75641644E+00  1.75641644E+00  1.75641644E+00  1.75641644E+00  1.75641644E+00
  1.75641644E+00  1.75641632E+00  1.75641644E+00  1.75641644E+00  1.75641644E+00
  1.40255722E+02  1.40255722E+02  1.40255722E+02  1.40255722E+02  1.40255722E+02
  1.40255707E+02  1.40255722E+02  1.40255737E+02  1.40255722E+02  1.40255722E+02
  1.40255722E+02  1.40255722E+02  1.40255737E+02  1.40255722E+02  1.40255722E+02
  1.40255722E+02  1.40255707E+02  1.40255722E+02  1.40255722E+02  1.40255722E+02
  1.40255722E+02  1.40255722E+02  1.40255722E+02  1.40255722E+02  1.40255722E+02
  1.40255722E+02  1.40255722E+02  1.40255722E+02  1.40255707E+02  1.40255707E+02
  1.40255707E+02  1.40255722E+02  1.40255737E+02  1.40255707E+02  1.40255722E+02
  1.40255707E+02  1.40255707E+02  1.40255722E+02  1.40255707E+02  1.40255722E+02
  1.40255707E+02  1.40255722E+02  1.40255722E+02  1.40255722E+02  1.40255722E+02
  1.40255722E+02  1.40255722E+02  1.40255722E+02  1.40255722E+02  1.40255722E+02
  1.40255722E+02  1.40255722E+02  1.40255707E+02  1.40255722E+02  1.40255722E+02
  1.40255722E+02  1.40255722E+02  1.40255722E+02  1.40255722E+02  1.40255722E+02
  1.40255722E+02  1.40255707E+02  1.40255722E+02  1.40255722E+02  1.40255707E+02
  1.40255707E+02  1.40255707E+02  1.40255722E+02  1.40255707E+02  1.40255722E+02
  1.40255722E+02  1.40255707E+02  1.40255722E+02  1.40255707E+02  1.40255722E+02
  1.40255722E+02  1.40255722E+02  1.40255722E+02  1.40255707E+02  1.40255722E+02
  1.40255722E+02  1.40255722E+02  1.40255707E+02  1.40255722E+02  1.40255707E+02
  1.40255707E+02  1.40255707E+02  1.40255722E+02  1.40255722E+02  1.40255707E+02
  1.40255707E+02  1.40255722E+02  1.40255722E+02  1.40255722E+02  1.40255707E+02
  1.40255722E+02  1.40255722E+02  1.40255722E+02  1.40255722E+02  1.40255722E+02
->      -3       0       0       0                                 <-   
->       1      12       2       2                                 <-   
ENERGY                                                                          
  3.15493000E+06  1.00000000E+03
->       1      12       3       3                                 <-   
PARTICLE                                                                        
         4         4         4
B       0
->       1      12       1      40                                 <-   
STATE-VECTOR                                                                    
         1       100         8         1         0         0         0         0
         0         0         0         0         0         0         0         0
         0         0         0         0         0         0         0         0
         0         0         0         0         0         0         0         0
         0         0         0         0         0         0         0         0
->      -1       0       0       0                                 <-   
