->       1      12       3       3                                 <-   
SIGNATURE                                                                       
         4         4         4
L_MACROLIB  
->       1      12       3       3                                 <-   
LINK.FLUX                                                                       
         4         4         4
FLUX        
->       1      12       3      18                                 <-   
TITLE                                                                           
         4         4         4         4         4         4         4         4
         4         4         4         4         4         4         4         4
         4         4
Water-Slab: CEPXS-BFP-DRAGON                                            
->       1      12       2     100                                 <-   
EDEP-CUTOFF                                                                     
  2.85722450E+06  3.01820250E+06  3.09342325E+06  3.14533150E+06  3.18670350E+06
  3.22161200E+06  3.25182725E+06  3.27828125E+06  3.30152425E+06  3.32190650E+06
  3.33966650E+06  3.35497275E+06  3.36794825E+06  3.37868800E+06  3.38726225E+06
  3.39373275E+06  3.39814375E+06  3.40053475E+06  3.40093925E+06  3.39938450E+06
  3.39589800E+06  3.39050100E+06  3.38321475E+06  3.37406225E+06  3.36306100E+06
  3.35023575E+06  3.33561100E+06  3.31921800E+06  3.30110575E+06  3.28137000E+06
  2.57336725E+06  1.98695038E+06  1.77457300E+06  1.62732388E+06  1.52366362E+06
  1.44275012E+06  1.37631888E+06  1.31973725E+06  1.26961862E+06  1.22441412E+06
  1.18274738E+06  1.14330375E+06  1.10545275E+06  1.06861688E+06  1.03229438E+06
  9.96192688E+05  9.60005625E+05  9.23520000E+05  8.86603250E+05  8.49140688E+05
  8.11100938E+05  7.72469750E+05  7.33268938E+05  6.93575438E+05  6.53476875E+05
  6.13112750E+05  5.72630812E+05  5.32221500E+05  4.92078594E+05  4.52426062E+05
  4.13483312E+05  3.75486406E+05  3.38662750E+05  3.03235219E+05  2.69415344E+05
  2.37391141E+05  2.07332234E+05  1.79373109E+05  1.53620766E+05  1.30144688E+05
  1.08974438E+05  9.01071641E+04  7.35015234E+04  5.90770586E+04  4.67251406E+04
  3.63146172E+04  2.76889980E+04  2.06707793E+04  1.50733633E+04  1.07098154E+04
  7.39640479E+03  4.95485596E+03  3.21522583E+03  2.01968201E+03  1.22790784E+03
  7.22612793E+02  4.11948608E+02  2.27887878E+02  1.22513992E+02  6.39865608E+01
  3.24420357E+01  1.60341969E+01  7.78384447E+00  3.72147036E+00  1.77573061E+00
  9.04370964E-01  5.05368173E-01  2.42937729E-01  3.00081074E-02 -7.84364045E-02
->       1      12       2     100                                 <-   
VOLUME                                                                          
  3.33333330E-04  3.33333330E-04  3.33333272E-04  3.33333388E-04  3.33333272E-04
  3.33333272E-04  3.33333388E-04  3.33333388E-04  3.33333388E-04  3.33333155E-04
  3.33333388E-04  3.33333155E-04  3.33333388E-04  3.33333388E-04  3.33333388E-04
  3.33333388E-04  3.33333388E-04  3.33333388E-04  3.33332922E-04  3.33333388E-04
  3.33333388E-04  3.33333388E-04  3.33333388E-04  3.33332922E-04  3.33333388E-04
  3.33333388E-04  3.33333388E-04  3.33333388E-04  3.33333388E-04  3.33333388E-04
  2.84285713E-02  2.84285732E-02  2.84285694E-02  2.84285694E-02  2.84285694E-02
  2.84285694E-02  2.84285843E-02  2.84285694E-02  2.84285545E-02  2.84285843E-02
  2.84285843E-02  2.84285545E-02  2.84285843E-02  2.84285545E-02  2.84285843E-02
  2.84285545E-02  2.84285843E-02  2.84285545E-02  2.84286141E-02  2.84285545E-02
  2.84285545E-02  2.84285545E-02  2.84286141E-02  2.84285545E-02  2.84285545E-02
  2.84286141E-02  2.84285545E-02  2.84285545E-02  2.84285545E-02  2.84286141E-02
  2.84285545E-02  2.84285545E-02  2.84286141E-02  2.84285545E-02  2.84285545E-02
  2.84285545E-02  2.84285545E-02  2.84285545E-02  2.84286737E-02  2.84285545E-02
  2.84285545E-02  2.84285545E-02  2.84285545E-02  2.84285545E-02  2.84285545E-02
  2.84286737E-02  2.84285545E-02  2.84285545E-02  2.84285545E-02  2.84285545E-02
  2.84285545E-02  2.84285545E-02  2.84286737E-02  2.84285545E-02  2.84285545E-02
  2.84285545E-02  2.84285545E-02  2.84285545E-02  2.84285545E-02  2.84286737E-02
  2.84285545E-02  2.84285545E-02  2.84285545E-02  2.84285545E-02  2.84285545E-02
  2.84285545E-02  2.84286737E-02  2.84285545E-02  2.84285545E-02  2.84285545E-02
->       1      12      10       1                                 <-   
GROUP                                                                           
->       2       0       0      -1                                 <-   00000001
->       3      12       2     100                                 <-   
FLUX-INTG                                                                       
  1.34982617E+04  1.36634189E+04  1.38028037E+04  1.39275088E+04  1.40405615E+04
  1.41432227E+04  1.42361650E+04  1.43197520E+04  1.43942744E+04  1.44599111E+04
  1.45167930E+04  1.45650156E+04  1.46046924E+04  1.46358525E+04  1.46585713E+04
  1.46728906E+04  1.46788408E+04  1.46764502E+04  1.46657246E+04  1.46467744E+04
  1.46195322E+04  1.45840752E+04  1.45403789E+04  1.44884678E+04  1.44284170E+04
  1.43601904E+04  1.42838018E+04  1.41992959E+04  1.41066787E+04  1.40060195E+04
  9.13164312E+05  6.89864625E+05  6.08688062E+05  5.53200500E+05  5.13865062E+05
  4.82952594E+05  4.57522719E+05  4.35696000E+05  4.16267062E+05  3.98679844E+05
  3.82420438E+05  3.67039062E+05  3.52307094E+05  3.38024969E+05  3.24034531E+05
  3.10239656E+05  2.96547906E+05  2.82900062E+05  2.69261938E+05  2.55606922E+05
  2.41937672E+05  2.28260938E+05  2.14595984E+05  2.00973250E+05  1.87432953E+05
  1.74022000E+05  1.60791875E+05  1.47802469E+05  1.35113391E+05  1.22787703E+05
  1.10885750E+05  9.94681328E+04  8.85906875E+04  7.83035156E+04  6.86512031E+04
  5.96695938E+04  5.13854375E+04  4.38160312E+04  3.69682695E+04  3.08380098E+04
  2.54120879E+04  2.06670547E+04  1.65705020E+04  1.30822383E+04  1.01561992E+04
  7.74175977E+03  5.78440527E+03  4.22787305E+03  3.01617334E+03  2.09550000E+03
  1.41494055E+03  9.27068481E+02  5.88778625E+02  3.62288666E+02  2.15995102E+02
  1.24817032E+02  6.99577255E+01  3.80724487E+01  2.01474400E+01  1.03789101E+01
  5.20788956E+00  2.54831123E+00  1.21818209E+00  5.71428955E-01  2.73161381E-01
  1.48370579E-01  8.96509513E-02  5.14781289E-02  1.13553312E-02 -6.40442222E-03
->       3      12       2     100                                 <-   
NTOT0                                                                           
  5.06654083E+02  5.47152100E+02  5.60784607E+02  5.67840454E+02  5.72349487E+02
  5.75557983E+02  5.77992493E+02  5.79924866E+02  5.81510071E+02  5.82845825E+02
  5.83998230E+02  5.85010864E+02  5.85916992E+02  5.86740723E+02  5.87500427E+02
  5.88210876E+02  5.88883850E+02  5.89529358E+02  5.90155701E+02  5.90768982E+02
  5.91377136E+02  5.91984009E+02  5.92597229E+02  5.93221680E+02  5.93862793E+02
  5.94526917E+02  5.95222900E+02  5.95959045E+02  5.96752014E+02  5.97632080E+02
  6.17164307E+02  6.33371948E+02  6.42171509E+02  6.48701599E+02  6.54502502E+02
  6.59990112E+02  6.65139587E+02  6.70290161E+02  6.75485962E+02  6.80738525E+02
  6.86112671E+02  6.91629578E+02  6.97327209E+02  7.03231384E+02  7.09350830E+02
  7.15703918E+02  7.22309753E+02  7.29174316E+02  7.36319458E+02  7.43754700E+02
  7.51493958E+02  7.59548401E+02  7.67926270E+02  7.76649170E+02  7.85718567E+02
  7.95161621E+02  8.04981262E+02  8.15203247E+02  8.25836182E+02  8.36909485E+02
  8.48433716E+02  8.60444153E+02  8.72962097E+02  8.86020325E+02  8.99661682E+02
  9.13915161E+02  9.28848145E+02  9.44494324E+02  9.60931641E+02  9.78243652E+02
  9.96484924E+02  1.01576721E+03  1.03623352E+03  1.05797632E+03  1.08108911E+03
  1.10575354E+03  1.13217896E+03  1.16048572E+03  1.19065369E+03  1.22244214E+03
  1.25533386E+03  1.28866003E+03  1.32190710E+03  1.35471826E+03  1.38657153E+03
  1.41689014E+03  1.44585559E+03  1.47451758E+03  1.50259888E+03  1.52677954E+03
  1.54496570E+03  1.56501599E+03  1.59861023E+03  1.63586255E+03  1.61844861E+03
  1.48597937E+03  1.40347644E+03  1.19380334E+03  9.39733032E+02  3.34449414E+03
->       3      12       2     100                                 <-   
SIGW00                                                                          
  1.93958235E+00  2.07715631E+00  2.12399054E+00  2.14830709E+00  2.16408849E+00
  2.17523170E+00  2.18387389E+00  2.19059205E+00  2.19609928E+00  2.20083785E+00
  2.20493674E+00  2.20849204E+00  2.21166158E+00  2.21466589E+00  2.21739745E+00
  2.21989083E+00  2.22229266E+00  2.22450209E+00  2.22681713E+00  2.22898626E+00
  2.23115396E+00  2.23335338E+00  2.23555708E+00  2.23782825E+00  2.24009395E+00
  2.24255037E+00  2.24500060E+00  2.24767566E+00  2.25057101E+00  2.25373697E+00
  2.32445860E+00  2.38381362E+00  2.41603684E+00  2.44005966E+00  2.46140718E+00
  2.48166275E+00  2.50066209E+00  2.51969576E+00  2.53904867E+00  2.55831051E+00
  2.57795715E+00  2.59845138E+00  2.61946273E+00  2.64121675E+00  2.66366935E+00
  2.68712354E+00  2.71148300E+00  2.73663020E+00  2.76304889E+00  2.79031563E+00
  2.81879139E+00  2.84832692E+00  2.87908483E+00  2.91120934E+00  2.94453144E+00
  2.97918892E+00  3.01528764E+00  3.05293751E+00  3.09186125E+00  3.13232255E+00
  3.17456460E+00  3.21857524E+00  3.26447487E+00  3.31217504E+00  3.36214018E+00
  3.41425967E+00  3.46882558E+00  3.52598453E+00  3.58595443E+00  3.64906597E+00
  3.71585083E+00  3.78631306E+00  3.86081815E+00  3.94011450E+00  4.02410889E+00
  4.11384726E+00  4.20970631E+00  4.31267452E+00  4.42220831E+00  4.53700304E+00
  4.65645885E+00  4.77677917E+00  4.89709663E+00  5.01538038E+00  5.13068438E+00
  5.24005222E+00  5.34387255E+00  5.44732046E+00  5.54824972E+00  5.63562536E+00
  5.70126295E+00  5.77286816E+00  5.89068365E+00  6.02482271E+00  5.97057295E+00
  5.50120449E+00  5.17441082E+00  4.38544655E+00  3.29549265E+00  1.21349392E+01
->       3      12       2     100                                 <-   
H-FACTOR                                                                        
  1.50095558E+00  1.53253877E+00  1.54496932E+00  1.55210280E+00  1.55696213E+00
  1.56057501E+00  1.56340885E+00  1.56572199E+00  1.56766248E+00  1.56932986E+00
  1.57079136E+00  1.57209527E+00  1.57327712E+00  1.57436371E+00  1.57537508E+00
  1.57633102E+00  1.57723856E+00  1.57811689E+00  1.57897127E+00  1.57981253E+00
  1.58064890E+00  1.58148324E+00  1.58232999E+00  1.58318555E+00  1.58406687E+00
  1.58497512E+00  1.58592653E+00  1.58692312E+00  1.58798480E+00  1.58913624E+00
  1.61724031E+00  1.64256740E+00  1.65597999E+00  1.66619766E+00  1.67523968E+00
  1.68386233E+00  1.69197524E+00  1.70015550E+00  1.70847297E+00  1.71692872E+00
  1.72564018E+00  1.73463738E+00  1.74398351E+00  1.75372756E+00  1.76387525E+00
  1.77445900E+00  1.78551269E+00  1.79704058E+00  1.80908251E+00  1.82165110E+00
  1.83476913E+00  1.84845138E+00  1.86271322E+00  1.87758648E+00  1.89306927E+00
  1.90920568E+00  1.92600000E+00  1.94348776E+00  1.96168399E+00  1.98062992E+00
  2.00034165E+00  2.02087188E+00  2.04225445E+00  2.06453395E+00  2.08777714E+00
  2.11202955E+00  2.13738871E+00  2.16390681E+00  2.19170713E+00  2.22090364E+00
  2.25158525E+00  2.28391743E+00  2.31811357E+00  2.35429907E+00  2.39260530E+00
  2.43328714E+00  2.47664809E+00  2.52280855E+00  2.57162976E+00  2.62263322E+00
  2.67497373E+00  2.72759390E+00  2.77964520E+00  2.83059311E+00  2.87978768E+00
  2.92642403E+00  2.97054815E+00  3.01361728E+00  3.05614138E+00  3.09453511E+00
  3.12433600E+00  3.15148592E+00  3.19118667E+00  3.24363112E+00  3.24538136E+00
  3.07151461E+00  2.83488011E+00  2.39190960E+00  1.34354258E+00  5.67219257E+00
->       3      12       2     100                                 <-   
C-FACTOR                                                                        
 -7.52116699E+01 -7.59730072E+01 -7.63847198E+01 -7.66566620E+01 -7.68548355E+01
 -7.70083160E+01 -7.71321945E+01 -7.72354660E+01 -7.73237686E+01 -7.74008102E+01
 -7.74697342E+01 -7.75321884E+01 -7.75896683E+01 -7.76434097E+01 -7.76942902E+01
 -7.77430725E+01 -7.77903214E+01 -7.78368301E+01 -7.78827896E+01 -7.79286423E+01
 -7.79749222E+01 -7.80216599E+01 -7.80696411E+01 -7.81188660E+01 -7.81697845E+01
 -7.82227097E+01 -7.82782059E+01 -7.83366852E+01 -7.83987274E+01 -7.84651108E+01
 -8.01763763E+01 -8.17395782E+01 -8.26505051E+01 -8.33304214E+01 -8.39421234E+01
 -8.45253372E+01 -8.50724716E+01 -8.56205063E+01 -8.61729279E+01 -8.67310257E+01
 -8.73015900E+01 -8.78859482E+01 -8.84882812E+01 -8.91110153E+01 -8.97548752E+01
 -9.04215240E+01 -9.11128464E+01 -9.18291702E+01 -9.25722580E+01 -9.33432465E+01
 -9.41430664E+01 -9.49725952E+01 -9.58325272E+01 -9.67246170E+01 -9.76487198E+01
 -9.86071777E+01 -9.96002655E+01 -1.00629639E+02 -1.01696236E+02 -1.02802200E+02
 -1.03948441E+02 -1.05137711E+02 -1.06371666E+02 -1.07652916E+02 -1.08984802E+02
 -1.10369926E+02 -1.11813194E+02 -1.13317871E+02 -1.14889931E+02 -1.16535423E+02
 -1.18259575E+02 -1.20070740E+02 -1.21979622E+02 -1.23992935E+02 -1.26117554E+02
 -1.28366409E+02 -1.30754608E+02 -1.33287430E+02 -1.35954300E+02 -1.38728134E+02
 -1.41562683E+02 -1.44400360E+02 -1.47195038E+02 -1.49918213E+02 -1.52539597E+02
 -1.55020218E+02 -1.57358261E+02 -1.59624207E+02 -1.61855453E+02 -1.63881119E+02
 -1.65431213E+02 -1.66721222E+02 -1.68610229E+02 -1.71585464E+02 -1.72797562E+02
 -1.64382263E+02 -1.48804581E+02 -1.21843979E+02 -4.94912529E+01 -2.94626343E+02
->       3      12       2     100                                 <-   
FIXE                                                                            
  1.59154957E+09  1.59154957E+09  1.59154944E+09  1.59154944E+09  1.59154944E+09
  1.59154944E+09  1.59154944E+09  1.59154944E+09  1.59154944E+09  1.59154944E+09
  1.59154944E+09  1.59154944E+09  1.59154944E+09  1.59154944E+09  1.59154944E+09
  1.59154944E+09  1.59154944E+09  1.59154944E+09  1.59154944E+09  1.59154944E+09
  1.59154944E+09  1.59154944E+09  1.59154944E+09  1.59154944E+09  1.59154944E+09
  1.59154944E+09  1.59154944E+09  1.59154944E+09  1.59154944E+09  1.59154944E+09
  0.00000000E+00  0.00000000E+00  0.00000000E+00  0.00000000E+00  0.00000000E+00
  0.00000000E+00  0.00000000E+00  0.00000000E+00  0.00000000E+00  0.00000000E+00
  0.00000000E+00  0.00000000E+00  0.00000000E+00  0.00000000E+00  0.00000000E+00
  0.00000000E+00  0.00000000E+00  0.00000000E+00  0.00000000E+00  0.00000000E+00
  0.00000000E+00  0.00000000E+00  0.00000000E+00  0.00000000E+00  0.00000000E+00
  0.00000000E+00  0.00000000E+00  0.00000000E+00  0.00000000E+00  0.00000000E+00
  0.00000000E+00  0.00000000E+00  0.00000000E+00  0.00000000E+00  0.00000000E+00
  0.00000000E+00  0.00000000E+00  0.00000000E+00  0.00000000E+00  0.00000000E+00
  0.00000000E+00  0.00000000E+00  0.00000000E+00  0.00000000E+00  0.00000000E+00
  0.00000000E+00  0.00000000E+00  0.00000000E+00  0.00000000E+00  0.00000000E+00
  0.00000000E+00  0.00000000E+00  0.00000000E+00  0.00000000E+00  0.00000000E+00
  0.00000000E+00  0.00000000E+00  0.00000000E+00  0.00000000E+00  0.00000000E+00
  0.00000000E+00  0.00000000E+00  0.00000000E+00  0.00000000E+00  0.00000000E+00
  0.00000000E+00  0.00000000E+00  0.00000000E+00  0.00000000E+00  0.00000000E+00
->       3      12       2     100                                 <-   
SCAT00                                                                          
  1.93958235E+00  2.07715631E+00  2.12399054E+00  2.14830709E+00  2.16408849E+00
  2.17523170E+00  2.18387389E+00  2.19059205E+00  2.19609928E+00  2.20083785E+00
  2.20493674E+00  2.20849204E+00  2.21166158E+00  2.21466589E+00  2.21739745E+00
  2.21989083E+00  2.22229266E+00  2.22450209E+00  2.22681713E+00  2.22898626E+00
  2.23115396E+00  2.23335338E+00  2.23555708E+00  2.23782825E+00  2.24009395E+00
  2.24255037E+00  2.24500060E+00  2.24767566E+00  2.25057101E+00  2.25373697E+00
  2.32445860E+00  2.38381362E+00  2.41603684E+00  2.44005966E+00  2.46140718E+00
  2.48166275E+00  2.50066209E+00  2.51969576E+00  2.53904867E+00  2.55831051E+00
  2.57795715E+00  2.59845138E+00  2.61946273E+00  2.64121675E+00  2.66366935E+00
  2.68712354E+00  2.71148300E+00  2.73663020E+00  2.76304889E+00  2.79031563E+00
  2.81879139E+00  2.84832692E+00  2.87908483E+00  2.91120934E+00  2.94453144E+00
  2.97918892E+00  3.01528764E+00  3.05293751E+00  3.09186125E+00  3.13232255E+00
  3.17456460E+00  3.21857524E+00  3.26447487E+00  3.31217504E+00  3.36214018E+00
  3.41425967E+00  3.46882558E+00  3.52598453E+00  3.58595443E+00  3.64906597E+00
  3.71585083E+00  3.78631306E+00  3.86081815E+00  3.94011450E+00  4.02410889E+00
  4.11384726E+00  4.20970631E+00  4.31267452E+00  4.42220831E+00  4.53700304E+00
  4.65645885E+00  4.77677917E+00  4.89709663E+00  5.01538038E+00  5.13068438E+00
  5.24005222E+00  5.34387255E+00  5.44732046E+00  5.54824972E+00  5.63562536E+00
  5.70126295E+00  5.77286816E+00  5.89068365E+00  6.02482271E+00  5.97057295E+00
  5.50120449E+00  5.17441082E+00  4.38544655E+00  3.29549265E+00  1.21349392E+01
->       3      12       1     100                                 <-   
IPOS00                                                                          
         1         2         3         4         5         6         7         8
         9        10        11        12        13        14        15        16
        17        18        19        20        21        22        23        24
        25        26        27        28        29        30        31        32
        33        34        35        36        37        38        39        40
        41        42        43        44        45        46        47        48
        49        50        51        52        53        54        55        56
        57        58        59        60        61        62        63        64
        65        66        67        68        69        70        71        72
        73        74        75        76        77        78        79        80
        81        82        83        84        85        86        87        88
        89        90        91        92        93        94        95        96
        97        98        99       100
->       3      12       1     100                                 <-   
NJJS00                                                                          
         1         1         1         1         1         1         1         1
         1         1         1         1         1         1         1         1
         1         1         1         1         1         1         1         1
         1         1         1         1         1         1         1         1
         1         1         1         1         1         1         1         1
         1         1         1         1         1         1         1         1
         1         1         1         1         1         1         1         1
         1         1         1         1         1         1         1         1
         1         1         1         1         1         1         1         1
         1         1         1         1         1         1         1         1
         1         1         1         1         1         1         1         1
         1         1         1         1         1         1         1         1
         1         1         1         1
->       3      12       1     100                                 <-   
IJJS00                                                                          
         1         1         1         1         1         1         1         1
         1         1         1         1         1         1         1         1
         1         1         1         1         1         1         1         1
         1         1         1         1         1         1         1         1
         1         1         1         1         1         1         1         1
         1         1         1         1         1         1         1         1
         1         1         1         1         1         1         1         1
         1         1         1         1         1         1         1         1
         1         1         1         1         1         1         1         1
         1         1         1         1         1         1         1         1
         1         1         1         1         1         1         1         1
         1         1         1         1         1         1         1         1
         1         1         1         1
->       3      12       2     100                                 <-   
SCAT01                                                                          
  1.19207346E+00  1.28905153E+00  1.32181239E+00  1.33872390E+00  1.34964752E+00
  1.35734975E+00  1.36329818E+00  1.36792052E+00  1.37170243E+00  1.37494326E+00
  1.37774634E+00  1.38018048E+00  1.38234615E+00  1.38438761E+00  1.38623703E+00
  1.38793218E+00  1.38956094E+00  1.39107347E+00  1.39263070E+00  1.39409506E+00
  1.39556026E+00  1.39704835E+00  1.39853394E+00  1.40006161E+00  1.40159380E+00
  1.40323949E+00  1.40489113E+00  1.40670002E+00  1.40864301E+00  1.41078329E+00
  1.45810568E+00  1.49748361E+00  1.51875055E+00  1.53459394E+00  1.54867053E+00
  1.56199193E+00  1.57450688E+00  1.58702397E+00  1.59975433E+00  1.61242247E+00
  1.62536025E+00  1.63883436E+00  1.65266001E+00  1.66697443E+00  1.68174160E+00
  1.69718075E+00  1.71319938E+00  1.72974801E+00  1.74714446E+00  1.76509929E+00
  1.78385091E+00  1.80330658E+00  1.82357943E+00  1.84474862E+00  1.86672330E+00
  1.88956952E+00  1.91337860E+00  1.93821144E+00  1.96391237E+00  1.99062872E+00
  2.01851821E+00  2.04760313E+00  2.07792544E+00  2.10947871E+00  2.14253926E+00
  2.17703724E+00  2.21316695E+00  2.25103283E+00  2.29078245E+00  2.33263421E+00
  2.37692881E+00  2.42370486E+00  2.47318983E+00  2.52588081E+00  2.58174753E+00
  2.64149046E+00  2.70534086E+00  2.77398252E+00  2.84709501E+00  2.92379928E+00
  3.00368762E+00  3.08424020E+00  3.16487694E+00  3.24424934E+00  3.32162952E+00
  3.39508605E+00  3.46493006E+00  3.53456163E+00  3.60251880E+00  3.66112423E+00
  3.70507193E+00  3.75381041E+00  3.83481693E+00  3.92527890E+00  3.88322020E+00
  3.56205535E+00  3.36132073E+00  2.85404658E+00  2.24699926E+00  8.05814362E+00
->       3      12       1     100                                 <-   
IPOS01                                                                          
         1         2         3         4         5         6         7         8
         9        10        11        12        13        14        15        16
        17        18        19        20        21        22        23        24
        25        26        27        28        29        30        31        32
        33        34        35        36        37        38        39        40
        41        42        43        44        45        46        47        48
        49        50        51        52        53        54        55        56
        57        58        59        60        61        62        63        64
        65        66        67        68        69        70        71        72
        73        74        75        76        77        78        79        80
        81        82        83        84        85        86        87        88
        89        90        91        92        93        94        95        96
        97        98        99       100
->       3      12       1     100                                 <-   
NJJS01                                                                          
         1         1         1         1         1         1         1         1
         1         1         1         1         1         1         1         1
         1         1         1         1         1         1         1         1
         1         1         1         1         1         1         1         1
         1         1         1         1         1         1         1         1
         1         1         1         1         1         1         1         1
         1         1         1         1         1         1         1         1
         1         1         1         1         1         1         1         1
         1         1         1         1         1         1         1         1
         1         1         1         1         1         1         1         1
         1         1         1         1         1         1         1         1
         1         1         1         1         1         1         1         1
         1         1         1         1
->       3      12       1     100                                 <-   
IJJS01                                                                          
         1         1         1         1         1         1         1         1
         1         1         1         1         1         1         1         1
         1         1         1         1         1         1         1         1
         1         1         1         1         1         1         1         1
         1         1         1         1         1         1         1         1
         1         1         1         1         1         1         1         1
         1         1         1         1         1         1         1         1
         1         1         1         1         1         1         1         1
         1         1         1         1         1         1         1         1
         1         1         1         1         1         1         1         1
         1         1         1         1         1         1         1         1
         1         1         1         1         1         1         1         1
         1         1         1         1
->       3      12       2     100                                 <-   
SIGW01                                                                          
  1.19207346E+00  1.28905153E+00  1.32181239E+00  1.33872390E+00  1.34964752E+00
  1.35734975E+00  1.36329818E+00  1.36792052E+00  1.37170243E+00  1.37494326E+00
  1.37774634E+00  1.38018048E+00  1.38234615E+00  1.38438761E+00  1.38623703E+00
  1.38793218E+00  1.38956094E+00  1.39107347E+00  1.39263070E+00  1.39409506E+00
  1.39556026E+00  1.39704835E+00  1.39853394E+00  1.40006161E+00  1.40159380E+00
  1.40323949E+00  1.40489113E+00  1.40670002E+00  1.40864301E+00  1.41078329E+00
  1.45810568E+00  1.49748361E+00  1.51875055E+00  1.53459394E+00  1.54867053E+00
  1.56199193E+00  1.57450688E+00  1.58702397E+00  1.59975433E+00  1.61242247E+00
  1.62536025E+00  1.63883436E+00  1.65266001E+00  1.66697443E+00  1.68174160E+00
  1.69718075E+00  1.71319938E+00  1.72974801E+00  1.74714446E+00  1.76509929E+00
  1.78385091E+00  1.80330658E+00  1.82357943E+00  1.84474862E+00  1.86672330E+00
  1.88956952E+00  1.91337860E+00  1.93821144E+00  1.96391237E+00  1.99062872E+00
  2.01851821E+00  2.04760313E+00  2.07792544E+00  2.10947871E+00  2.14253926E+00
  2.17703724E+00  2.21316695E+00  2.25103283E+00  2.29078245E+00  2.33263421E+00
  2.37692881E+00  2.42370486E+00  2.47318983E+00  2.52588081E+00  2.58174753E+00
  2.64149046E+00  2.70534086E+00  2.77398252E+00  2.84709501E+00  2.92379928E+00
  3.00368762E+00  3.08424020E+00  3.16487694E+00  3.24424934E+00  3.32162952E+00
  3.39508605E+00  3.46493006E+00  3.53456163E+00  3.60251880E+00  3.66112423E+00
  3.70507193E+00  3.75381041E+00  3.83481693E+00  3.92527890E+00  3.88322020E+00
  3.56205535E+00  3.36132073E+00  2.85404658E+00  2.24699926E+00  8.05814362E+00
->       3      12       2     100                                 <-   
SCAT02                                                                          
  4.47457969E-01  4.92492795E-01  5.07263422E-01  5.14734447E-01  5.19490123E-01
  5.22813618E-01  5.25359035E-01  5.27329087E-01  5.28935373E-01  5.30302405E-01
  5.31479478E-01  5.32497108E-01  5.33402145E-01  5.34249127E-01  5.35015762E-01
  5.35717547E-01  5.36387503E-01  5.37007093E-01  5.37645698E-01  5.38245261E-01
  5.38842559E-01  5.39444745E-01  5.40049493E-01  5.40668666E-01  5.41289389E-01
  5.41957676E-01  5.42627931E-01  5.43362558E-01  5.44150591E-01  5.45027554E-01
  5.63953102E-01  5.79446197E-01  5.87738931E-01  5.93904614E-01  5.99373341E-01
  6.04545057E-01  6.09400749E-01  6.14256263E-01  6.19195640E-01  6.24112189E-01
  6.29130185E-01  6.34356618E-01  6.39723063E-01  6.45282209E-01  6.51018023E-01
  6.57012820E-01  6.63240552E-01  6.69670105E-01  6.76435173E-01  6.83416426E-01
  6.90714538E-01  6.98285878E-01  7.06181347E-01  7.14427352E-01  7.22986400E-01
  7.31895447E-01  7.41186202E-01  7.50876248E-01  7.60911405E-01  7.71349311E-01
  7.82256484E-01  7.93631077E-01  8.05495858E-01  8.17853272E-01  8.30808163E-01
  8.44333053E-01  8.58507395E-01  8.73379350E-01  8.88995707E-01  9.05453384E-01
  9.22885180E-01  9.41308200E-01  9.60815310E-01  9.81608450E-01  1.00367951E+00
  1.02729940E+00  1.05258048E+00  1.07978988E+00  1.10881400E+00  1.13933134E+00
  1.17116010E+00  1.20331287E+00  1.23555148E+00  1.26734328E+00  1.29836488E+00
  1.32784593E+00  1.35592246E+00  1.38399434E+00  1.41135776E+00  1.43479681E+00
  1.45241618E+00  1.47274911E+00  1.50659132E+00  1.54218054E+00  1.52037334E+00
  1.39044476E+00  1.33056915E+00  1.14356661E+00  9.63681877E-01  3.29558420E+00
->       3      12       1     100                                 <-   
IPOS02                                                                          
         1         2         3         4         5         6         7         8
         9        10        11        12        13        14        15        16
        17        18        19        20        21        22        23        24
        25        26        27        28        29        30        31        32
        33        34        35        36        37        38        39        40
        41        42        43        44        45        46        47        48
        49        50        51        52        53        54        55        56
        57        58        59        60        61        62        63        64
        65        66        67        68        69        70        71        72
        73        74        75        76        77        78        79        80
        81        82        83        84        85        86        87        88
        89        90        91        92        93        94        95        96
        97        98        99       100
->       3      12       1     100                                 <-   
NJJS02                                                                          
         1         1         1         1         1         1         1         1
         1         1         1         1         1         1         1         1
         1         1         1         1         1         1         1         1
         1         1         1         1         1         1         1         1
         1         1         1         1         1         1         1         1
         1         1         1         1         1         1         1         1
         1         1         1         1         1         1         1         1
         1         1         1         1         1         1         1         1
         1         1         1         1         1         1         1         1
         1         1         1         1         1         1         1         1
         1         1         1         1         1         1         1         1
         1         1         1         1         1         1         1         1
         1         1         1         1
->       3      12       1     100                                 <-   
IJJS02                                                                          
         1         1         1         1         1         1         1         1
         1         1         1         1         1         1         1         1
         1         1         1         1         1         1         1         1
         1         1         1         1         1         1         1         1
         1         1         1         1         1         1         1         1
         1         1         1         1         1         1         1         1
         1         1         1         1         1         1         1         1
         1         1         1         1         1         1         1         1
         1         1         1         1         1         1         1         1
         1         1         1         1         1         1         1         1
         1         1         1         1         1         1         1         1
         1         1         1         1         1         1         1         1
         1         1         1         1
->       3      12       2     100                                 <-   
SIGW02                                                                          
  4.47457969E-01  4.92492795E-01  5.07263422E-01  5.14734447E-01  5.19490123E-01
  5.22813618E-01  5.25359035E-01  5.27329087E-01  5.28935373E-01  5.30302405E-01
  5.31479478E-01  5.32497108E-01  5.33402145E-01  5.34249127E-01  5.35015762E-01
  5.35717547E-01  5.36387503E-01  5.37007093E-01  5.37645698E-01  5.38245261E-01
  5.38842559E-01  5.39444745E-01  5.40049493E-01  5.40668666E-01  5.41289389E-01
  5.41957676E-01  5.42627931E-01  5.43362558E-01  5.44150591E-01  5.45027554E-01
  5.63953102E-01  5.79446197E-01  5.87738931E-01  5.93904614E-01  5.99373341E-01
  6.04545057E-01  6.09400749E-01  6.14256263E-01  6.19195640E-01  6.24112189E-01
  6.29130185E-01  6.34356618E-01  6.39723063E-01  6.45282209E-01  6.51018023E-01
  6.57012820E-01  6.63240552E-01  6.69670105E-01  6.76435173E-01  6.83416426E-01
  6.90714538E-01  6.98285878E-01  7.06181347E-01  7.14427352E-01  7.22986400E-01
  7.31895447E-01  7.41186202E-01  7.50876248E-01  7.60911405E-01  7.71349311E-01
  7.82256484E-01  7.93631077E-01  8.05495858E-01  8.17853272E-01  8.30808163E-01
  8.44333053E-01  8.58507395E-01  8.73379350E-01  8.88995707E-01  9.05453384E-01
  9.22885180E-01  9.41308200E-01  9.60815310E-01  9.81608450E-01  1.00367951E+00
  1.02729940E+00  1.05258048E+00  1.07978988E+00  1.10881400E+00  1.13933134E+00
  1.17116010E+00  1.20331287E+00  1.23555148E+00  1.26734328E+00  1.29836488E+00
  1.32784593E+00  1.35592246E+00  1.38399434E+00  1.41135776E+00  1.43479681E+00
  1.45241618E+00  1.47274911E+00  1.50659132E+00  1.54218054E+00  1.52037334E+00
  1.39044476E+00  1.33056915E+00  1.14356661E+00  9.63681877E-01  3.29558420E+00
->       3      12       2     200                                 <-   
ESTOPW                                                                          
  1.63405001E+00  1.63405001E+00  1.63405001E+00  1.63404989E+00  1.63405001E+00
  1.63405001E+00  1.63405001E+00  1.63405001E+00  1.63405001E+00  1.63404989E+00
  1.63405001E+00  1.63405001E+00  1.63404989E+00  1.63405001E+00  1.63405001E+00
  1.63405001E+00  1.63405001E+00  1.63405001E+00  1.63405001E+00  1.63405001E+00
  1.63405001E+00  1.63405001E+00  1.63404989E+00  1.63405001E+00  1.63405001E+00
  1.63405001E+00  1.63405001E+00  1.63405001E+00  1.63405001E+00  1.63405001E+00
  1.63405001E+00  1.63405001E+00  1.63404989E+00  1.63404989E+00  1.63404989E+00
  1.63404989E+00  1.63404989E+00  1.63405025E+00  1.63405001E+00  1.63405001E+00
  1.63405001E+00  1.63405025E+00  1.63404989E+00  1.63405001E+00  1.63405001E+00
  1.63405001E+00  1.63404989E+00  1.63405001E+00  1.63405001E+00  1.63405001E+00
  1.63405001E+00  1.63405001E+00  1.63404977E+00  1.63405001E+00  1.63405001E+00
  1.63404977E+00  1.63405001E+00  1.63405001E+00  1.63405001E+00  1.63405001E+00
  1.63405025E+00  1.63405001E+00  1.63405001E+00  1.63405001E+00  1.63405001E+00
  1.63405001E+00  1.63405001E+00  1.63405001E+00  1.63404989E+00  1.63405001E+00
  1.63405001E+00  1.63405001E+00  1.63405001E+00  1.63405001E+00  1.63405001E+00
  1.63404989E+00  1.63405001E+00  1.63405001E+00  1.63405001E+00  1.63405001E+00
  1.63405001E+00  1.63405001E+00  1.63404989E+00  1.63405025E+00  1.63405001E+00
  1.63405001E+00  1.63405001E+00  1.63405001E+00  1.63405001E+00  1.63404989E+00
  1.63405001E+00  1.63405001E+00  1.63405001E+00  1.63405001E+00  1.63405001E+00
  1.63405001E+00  1.63405001E+00  1.63405001E+00  1.63405001E+00  1.63405001E+00
  1.40100006E+02  1.40100006E+02  1.40100006E+02  1.40100006E+02  1.40100006E+02
  1.40100006E+02  1.40100006E+02  1.40100006E+02  1.40100006E+02  1.40099991E+02
  1.40100006E+02  1.40099991E+02  1.40100006E+02  1.40100006E+02  1.40100006E+02
  1.40100006E+02  1.40100006E+02  1.40100006E+02  1.40100006E+02  1.40100006E+02
  1.40100006E+02  1.40100006E+02  1.40100006E+02  1.40100006E+02  1.40100006E+02
  1.40100006E+02  1.40100006E+02  1.40100006E+02  1.40100006E+02  1.40100006E+02
  1.40100006E+02  1.40100006E+02  1.40099991E+02  1.40099991E+02  1.40099991E+02
  1.40099991E+02  1.40099991E+02  1.40100021E+02  1.40100006E+02  1.40099991E+02
  1.40100006E+02  1.40100006E+02  1.40099991E+02  1.40100006E+02  1.40099991E+02
  1.40100006E+02  1.40099991E+02  1.40100006E+02  1.40100006E+02  1.40100006E+02
  1.40100006E+02  1.40100006E+02  1.40100006E+02  1.40100006E+02  1.40100006E+02
  1.40100006E+02  1.40100006E+02  1.40100006E+02  1.40100006E+02  1.40100006E+02
  1.40100006E+02  1.40100021E+02  1.40100006E+02  1.40100006E+02  1.40100006E+02
  1.40100006E+02  1.40100006E+02  1.40100021E+02  1.40099991E+02  1.40100006E+02
  1.40100006E+02  1.40100006E+02  1.40100006E+02  1.40100021E+02  1.40100021E+02
  1.40099991E+02  1.40100006E+02  1.40100006E+02  1.40100021E+02  1.40100006E+02
  1.40100006E+02  1.40100006E+02  1.40100006E+02  1.40100006E+02  1.40100006E+02
  1.40100021E+02  1.40100006E+02  1.40100006E+02  1.40100006E+02  1.40099991E+02
  1.40100006E+02  1.40100006E+02  1.40100006E+02  1.40100006E+02  1.40100006E+02
  1.40100021E+02  1.40099991E+02  1.40100006E+02  1.40100006E+02  1.40100006E+02
->      -3       0       0       0                                 <-   
->       1      12       2       2                                 <-   
ENERGY                                                                          
  3.04037000E+06  1.00000006E+03
->       1      12       3       3                                 <-   
PARTICLE                                                                        
         4         4         4
B       p5‚
->       1      12       1      40                                 <-   
STATE-VECTOR                                                                    
         1       100         3         1         0         0         0         0
         0         0         0         0         0         0         0         0
         0         0         0         0         0         0         0         0
         0         0         0         0         0         0         0         0
         0         0         0         0         0         0         0         0
->      -1       0       0       0                                 <-   
