->       1      12       3       3                                 <-   
SIGNATURE                                                                       
         4         4         4
L_MACROLIB  
->       1      12       3       3                                 <-   
LINK.FLUX                                                                       
         4         4         4
FLUX        
->       1      12       3      18                                 <-   
TITLE                                                                           
         4         4         4         4         4         4         4         4
         4         4         4         4         4         4         4         4
         4         4
Water-Slab:Cepxsr-Dragon                                                
->       1      12       2     100                                 <-   
EDEP-CUTOFF                                                                     
  1.90995094E+05  2.10528328E+05  2.18678672E+05  2.23766125E+05  2.27532625E+05
  2.30548531E+05  2.33067328E+05  2.35225266E+05  2.37103047E+05  2.38753484E+05
  2.40212219E+05  2.41505203E+05  2.42651078E+05  2.43664156E+05  2.44555656E+05
  2.45334422E+05  2.46007797E+05  2.46581266E+05  2.47060375E+05  2.47448531E+05
  2.47749594E+05  2.47966297E+05  2.48101922E+05  2.48157359E+05  2.48135469E+05
  2.48037375E+05  2.47863359E+05  2.47610156E+05  2.47264203E+05  2.46742719E+05
  2.25531328E+05  1.92098297E+05  1.72947750E+05  1.61637219E+05  1.54243172E+05
  1.48820438E+05  1.44473141E+05  1.40799531E+05  1.37610719E+05  1.34803750E+05
  1.32309406E+05  1.30073977E+05  1.28053930E+05  1.26212969E+05  1.24521719E+05
  1.22956047E+05  1.21495781E+05  1.20124477E+05  1.18828297E+05  1.17596117E+05
  1.16418180E+05  1.15286289E+05  1.14193961E+05  1.13134953E+05  1.12104289E+05
  1.11097406E+05  1.10109984E+05  1.09138961E+05  1.08180977E+05  1.07233203E+05
  1.06292844E+05  1.05357586E+05  1.04425219E+05  1.03493711E+05  1.02561180E+05
  1.01625758E+05  1.00685633E+05  9.97393281E+04  9.87852500E+04  9.78219062E+04
  9.68476875E+04  9.58613438E+04  9.48611094E+04  9.38458203E+04  9.28137422E+04
  9.17635312E+04  9.06933047E+04  8.96016016E+04  8.84864844E+04  8.73460781E+04
  8.61782500E+04  8.49806406E+04  8.37507578E+04  8.24857422E+04  8.11823594E+04
  7.98367734E+04  7.84447656E+04  7.70011172E+04  7.54997500E+04  7.39332578E+04
  7.22923125E+04  7.05651719E+04  6.87363359E+04  6.67849609E+04  6.46814219E+04
  6.23811055E+04  5.98099883E+04  5.68248320E+04  5.30583750E+04  4.70631406E+04
->       1      12       2     100                                 <-   
VOLUME                                                                          
  3.33333330E-04  3.33333330E-04  3.33333272E-04  3.33333388E-04  3.33333272E-04
  3.33333272E-04  3.33333388E-04  3.33333388E-04  3.33333388E-04  3.33333155E-04
  3.33333388E-04  3.33333155E-04  3.33333388E-04  3.33333388E-04  3.33333388E-04
  3.33333388E-04  3.33333388E-04  3.33333388E-04  3.33332922E-04  3.33333388E-04
  3.33333388E-04  3.33333388E-04  3.33333388E-04  3.33332922E-04  3.33333388E-04
  3.33333388E-04  3.33333388E-04  3.33333388E-04  3.33333388E-04  3.33333388E-04
  2.84285713E-02  2.84285732E-02  2.84285694E-02  2.84285694E-02  2.84285694E-02
  2.84285694E-02  2.84285843E-02  2.84285694E-02  2.84285545E-02  2.84285843E-02
  2.84285843E-02  2.84285545E-02  2.84285843E-02  2.84285545E-02  2.84285843E-02
  2.84285545E-02  2.84285843E-02  2.84285545E-02  2.84286141E-02  2.84285545E-02
  2.84285545E-02  2.84285545E-02  2.84286141E-02  2.84285545E-02  2.84285545E-02
  2.84286141E-02  2.84285545E-02  2.84285545E-02  2.84285545E-02  2.84286141E-02
  2.84285545E-02  2.84285545E-02  2.84286141E-02  2.84285545E-02  2.84285545E-02
  2.84285545E-02  2.84285545E-02  2.84285545E-02  2.84286737E-02  2.84285545E-02
  2.84285545E-02  2.84285545E-02  2.84285545E-02  2.84285545E-02  2.84285545E-02
  2.84286737E-02  2.84285545E-02  2.84285545E-02  2.84285545E-02  2.84285545E-02
  2.84285545E-02  2.84285545E-02  2.84286737E-02  2.84285545E-02  2.84285545E-02
  2.84285545E-02  2.84285545E-02  2.84285545E-02  2.84285545E-02  2.84286737E-02
  2.84285545E-02  2.84285545E-02  2.84285545E-02  2.84285545E-02  2.84285545E-02
  2.84285545E-02  2.84286737E-02  2.84285545E-02  2.84285545E-02  2.84285545E-02
->       1      12      10       1                                 <-   
GROUP                                                                           
->       2       0       0      -1                                 <-   00000001
->       3      12       2     100                                 <-   
FLUX-INTG                                                                       
  1.49958711E+04  1.51629590E+04  1.52821240E+04  1.53812227E+04  1.54677500E+04
  1.55447764E+04  1.56139258E+04  1.56761465E+04  1.57320635E+04  1.57821553E+04
  1.58267168E+04  1.58660117E+04  1.59002217E+04  1.59294707E+04  1.59539219E+04
  1.59736592E+04  1.59887588E+04  1.59992949E+04  1.60053135E+04  1.60069268E+04
  1.60041084E+04  1.59969355E+04  1.59854238E+04  1.59696016E+04  1.59495576E+04
  1.59252500E+04  1.58967207E+04  1.58640049E+04  1.58271016E+04  1.57858799E+04
  1.20222388E+06  1.00507431E+06  8.97411438E+05  8.34823375E+05  7.94183625E+05
  7.64496188E+05  7.40772000E+05  7.20778875E+05  7.03468500E+05  6.88263500E+05
  6.74774938E+05  6.62705562E+05  6.51813250E+05  6.41899188E+05  6.32803688E+05
  6.24392312E+05  6.16558875E+05  6.09210688E+05  6.02277188E+05  5.95693188E+05
  5.89410062E+05  5.83384000E+05  5.77578500E+05  5.71958750E+05  5.66500188E+05
  5.61179875E+05  5.55971938E+05  5.50861188E+05  5.45830500E+05  5.40864312E+05
  5.35946625E+05  5.31067188E+05  5.26215250E+05  5.21376344E+05  5.16544250E+05
  5.11707688E+05  5.06858531E+05  5.01988219E+05  4.97090469E+05  4.92152688E+05
  4.87172031E+05  4.82140312E+05  4.77050000E+05  4.71893938E+05  4.66663719E+05
  4.61354875E+05  4.55953875E+05  4.50457906E+05  4.44856312E+05  4.39140281E+05
  4.33299719E+05  4.27324281E+05  4.21203000E+05  4.14917562E+05  4.08458906E+05
  4.01807375E+05  3.94943844E+05  3.87844500E+05  3.80482375E+05  3.72824969E+05
  3.64826906E+05  3.56440750E+05  3.47597281E+05  3.38207438E+05  3.28145156E+05
  3.17226875E+05  3.05159969E+05  2.91400656E+05  2.74682719E+05  2.50565188E+05
->       3      12       2     100                                 <-   
NTOT0                                                                           
  8.30055664E+02  9.76417542E+02  1.02981323E+03  1.05934583E+03  1.07917358E+03
  1.09383374E+03  1.10530676E+03  1.11463611E+03  1.12243384E+03  1.12908948E+03
  1.13486975E+03  1.13995520E+03  1.14448633E+03  1.14856348E+03  1.15226318E+03
  1.15564746E+03  1.15876709E+03  1.16166113E+03  1.16436230E+03  1.16689868E+03
  1.16929480E+03  1.17156873E+03  1.17373975E+03  1.17582153E+03  1.17782776E+03
  1.17976904E+03  1.18165039E+03  1.18345654E+03  1.18509741E+03  1.18598547E+03
  1.22584192E+03  1.25736768E+03  1.27119299E+03  1.27889844E+03  1.28397241E+03
  1.28776648E+03  1.29085400E+03  1.29348975E+03  1.29579407E+03  1.29784082E+03
  1.29967676E+03  1.30133679E+03  1.30285486E+03  1.30424805E+03  1.30553772E+03
  1.30673767E+03  1.30785779E+03  1.30891028E+03  1.30990210E+03  1.31083850E+03
  1.31172522E+03  1.31256531E+03  1.31336414E+03  1.31412317E+03  1.31484753E+03
  1.31553491E+03  1.31619055E+03  1.31681482E+03  1.31740845E+03  1.31797473E+03
  1.31851172E+03  1.31902356E+03  1.31950562E+03  1.31996216E+03  1.32039124E+03
  1.32079456E+03  1.32117151E+03  1.32152100E+03  1.32184387E+03  1.32213708E+03
  1.32240369E+03  1.32263843E+03  1.32284167E+03  1.32301111E+03  1.32314771E+03
  1.32324744E+03  1.32330493E+03  1.32332214E+03  1.32329382E+03  1.32321436E+03
  1.32308044E+03  1.32288525E+03  1.32262439E+03  1.32228894E+03  1.32186707E+03
  1.32134985E+03  1.32071997E+03  1.31996094E+03  1.31904858E+03  1.31795288E+03
  1.31663184E+03  1.31503174E+03  1.31307288E+03  1.31063367E+03  1.30753198E+03
  1.30344299E+03  1.29774548E+03  1.28898181E+03  1.27243738E+03  1.22333472E+03
->       3      12       2     100                                 <-   
SIGW00                                                                          
  2.92433167E+00  3.41599488E+00  3.59681511E+00  3.69622970E+00  3.76368499E+00
  3.81371665E+00  3.85264921E+00  3.88422894E+00  3.91096187E+00  3.93350220E+00
  3.95344710E+00  3.97061658E+00  3.98627138E+00  4.00009871E+00  4.01249743E+00
  4.02439022E+00  4.03501606E+00  4.04485035E+00  4.05389214E+00  4.06269217E+00
  4.07076263E+00  4.07855797E+00  4.08575439E+00  4.09319353E+00  4.09979725E+00
  4.10669708E+00  4.11309385E+00  4.11923456E+00  4.12478399E+00  4.12808228E+00
  4.26427650E+00  4.37264681E+00  4.41992140E+00  4.44633293E+00  4.46390295E+00
  4.47697592E+00  4.48748922E+00  4.49667978E+00  4.50448799E+00  4.51155138E+00
  4.51789045E+00  4.52373791E+00  4.52885675E+00  4.53374767E+00  4.53798485E+00
  4.54215097E+00  4.54630661E+00  4.54958677E+00  4.55322981E+00  4.55653191E+00
  4.55945683E+00  4.56216240E+00  4.56507397E+00  4.56755829E+00  4.57035780E+00
  4.57259083E+00  4.57479620E+00  4.57680464E+00  4.57905674E+00  4.58094978E+00
  4.58260059E+00  4.58432722E+00  4.58623171E+00  4.58760023E+00  4.58919573E+00
  4.59045887E+00  4.59198904E+00  4.59321213E+00  4.59414101E+00  4.59519100E+00
  4.59621954E+00  4.59698772E+00  4.59784794E+00  4.59827566E+00  4.59869146E+00
  4.59914923E+00  4.59912586E+00  4.59938145E+00  4.59936476E+00  4.59899139E+00
  4.59835911E+00  4.59784126E+00  4.59698725E+00  4.59577036E+00  4.59455824E+00
  4.59265947E+00  4.59044123E+00  4.58763504E+00  4.58475685E+00  4.58085155E+00
  4.57612228E+00  4.57095385E+00  4.56406355E+00  4.55563641E+00  4.54487228E+00
  4.53097439E+00  4.51129007E+00  4.48118019E+00  4.42463732E+00  4.25628853E+00
->       3      12       2     100                                 <-   
H-FACTOR                                                                        
  5.04009867E+00  5.04472494E+00  5.04264164E+00  5.03964710E+00  5.03661394E+00
  5.03366995E+00  5.03081512E+00  5.02804375E+00  5.02531433E+00  5.02259541E+00
  5.01988840E+00  5.01713657E+00  5.01435137E+00  5.01150608E+00  5.00858450E+00
  5.00557232E+00  5.00247049E+00  4.99926138E+00  4.99592876E+00  4.99247503E+00
  4.98888206E+00  4.98515177E+00  4.98126411E+00  4.97722197E+00  4.97300482E+00
  4.96861458E+00  4.96404028E+00  4.95926619E+00  4.95426893E+00  4.94897890E+00
  4.77320766E+00  4.53064108E+00  4.38411903E+00  4.27918434E+00  4.19190168E+00
  4.11379337E+00  4.04237318E+00  3.97674298E+00  3.91624475E+00  3.86019969E+00
  3.80796051E+00  3.75898385E+00  3.71284795E+00  3.66919374E+00  3.62773919E+00
  3.58825374E+00  3.55055380E+00  3.51448703E+00  3.47992182E+00  3.44674802E+00
  3.41486835E+00  3.38419747E+00  3.35466337E+00  3.32619548E+00  3.29874420E+00
  3.27224565E+00  3.24665546E+00  3.22193456E+00  3.19803667E+00  3.17493415E+00
  3.15258908E+00  3.13097787E+00  3.11007094E+00  3.08984947E+00  3.07028866E+00
  3.05137348E+00  3.03308892E+00  3.01542377E+00  2.99836397E+00  2.98189783E+00
  2.96602273E+00  2.95072818E+00  2.93601084E+00  2.92187262E+00  2.90831590E+00
  2.89533925E+00  2.88294792E+00  2.87115479E+00  2.85997105E+00  2.84940362E+00
  2.83948231E+00  2.83022261E+00  2.82166529E+00  2.81382966E+00  2.80676675E+00
  2.80052948E+00  2.79517865E+00  2.79079866E+00  2.78747892E+00  2.78534818E+00
  2.78456283E+00  2.78532171E+00  2.78790569E+00  2.79267669E+00  2.80018044E+00
  2.81122899E+00  2.82717323E+00  2.85051966E+00  2.88701868E+00  2.95658398E+00
->       3      12       2     100                                 <-   
C-FACTOR                                                                        
 -4.44846535E+01 -4.51740456E+01 -4.57099571E+01 -4.61069450E+01 -4.64134445E+01
 -4.66597328E+01 -4.68636627E+01 -4.70366669E+01 -4.71860809E+01 -4.73170433E+01
 -4.74334335E+01 -4.75377464E+01 -4.76322670E+01 -4.77186356E+01 -4.77981148E+01
 -4.78715591E+01 -4.79401169E+01 -4.80043182E+01 -4.80647430E+01 -4.81220169E+01
 -4.81766243E+01 -4.82287750E+01 -4.82790489E+01 -4.83276749E+01 -4.83750458E+01
 -4.84214401E+01 -4.84675560E+01 -4.85141220E+01 -4.85632744E+01 -4.86223183E+01
 -4.95467377E+01 -5.03874207E+01 -5.07718506E+01 -5.09911346E+01 -5.11374168E+01
 -5.12474022E+01 -5.13372536E+01 -5.14139748E+01 -5.14812546E+01 -5.15410271E+01
 -5.15947609E+01 -5.16434288E+01 -5.16878433E+01 -5.17287865E+01 -5.17666702E+01
 -5.18018723E+01 -5.18347816E+01 -5.18656578E+01 -5.18949318E+01 -5.19223213E+01
 -5.19484749E+01 -5.19731827E+01 -5.19967842E+01 -5.20190392E+01 -5.20403976E+01
 -5.20605888E+01 -5.20799255E+01 -5.20983353E+01 -5.21158180E+01 -5.21324806E+01
 -5.21483459E+01 -5.21633835E+01 -5.21775894E+01 -5.21910782E+01 -5.22037239E+01
 -5.22156525E+01 -5.22268143E+01 -5.22370949E+01 -5.22467003E+01 -5.22553139E+01
 -5.22632713E+01 -5.22702560E+01 -5.22762642E+01 -5.22813835E+01 -5.22855034E+01
 -5.22884865E+01 -5.22903481E+01 -5.22908783E+01 -5.22901993E+01 -5.22880020E+01
 -5.22842522E+01 -5.22786751E+01 -5.22712097E+01 -5.22615776E+01 -5.22493744E+01
 -5.22345200E+01 -5.22163658E+01 -5.21945229E+01 -5.21682053E+01 -5.21366425E+01
 -5.20986633E+01 -5.20526695E+01 -5.19965286E+01 -5.19267349E+01 -5.18384781E+01
 -5.17227631E+01 -5.15630493E+01 -5.13210564E+01 -5.08773994E+01 -4.96242790E+01
->       3      12       2     100                                 <-   
FIXE                                                                            
  1.59154957E+09  1.59154957E+09  1.59154944E+09  1.59154944E+09  1.59154944E+09
  1.59154944E+09  1.59154944E+09  1.59154944E+09  1.59154944E+09  1.59154944E+09
  1.59154944E+09  1.59154944E+09  1.59154944E+09  1.59154944E+09  1.59154944E+09
  1.59154944E+09  1.59154944E+09  1.59154944E+09  1.59154944E+09  1.59154944E+09
  1.59154944E+09  1.59154944E+09  1.59154944E+09  1.59154944E+09  1.59154944E+09
  1.59154944E+09  1.59154944E+09  1.59154944E+09  1.59154944E+09  1.59154944E+09
  0.00000000E+00  0.00000000E+00  0.00000000E+00  0.00000000E+00  0.00000000E+00
  0.00000000E+00  0.00000000E+00  0.00000000E+00  0.00000000E+00  0.00000000E+00
  0.00000000E+00  0.00000000E+00  0.00000000E+00  0.00000000E+00  0.00000000E+00
  0.00000000E+00  0.00000000E+00  0.00000000E+00  0.00000000E+00  0.00000000E+00
  0.00000000E+00  0.00000000E+00  0.00000000E+00  0.00000000E+00  0.00000000E+00
  0.00000000E+00  0.00000000E+00  0.00000000E+00  0.00000000E+00  0.00000000E+00
  0.00000000E+00  0.00000000E+00  0.00000000E+00  0.00000000E+00  0.00000000E+00
  0.00000000E+00  0.00000000E+00  0.00000000E+00  0.00000000E+00  0.00000000E+00
  0.00000000E+00  0.00000000E+00  0.00000000E+00  0.00000000E+00  0.00000000E+00
  0.00000000E+00  0.00000000E+00  0.00000000E+00  0.00000000E+00  0.00000000E+00
  0.00000000E+00  0.00000000E+00  0.00000000E+00  0.00000000E+00  0.00000000E+00
  0.00000000E+00  0.00000000E+00  0.00000000E+00  0.00000000E+00  0.00000000E+00
  0.00000000E+00  0.00000000E+00  0.00000000E+00  0.00000000E+00  0.00000000E+00
  0.00000000E+00  0.00000000E+00  0.00000000E+00  0.00000000E+00  0.00000000E+00
->       3      12       2     100                                 <-   
SCAT00                                                                          
  2.92433167E+00  3.41599488E+00  3.59681511E+00  3.69622970E+00  3.76368499E+00
  3.81371665E+00  3.85264921E+00  3.88422894E+00  3.91096187E+00  3.93350220E+00
  3.95344710E+00  3.97061658E+00  3.98627138E+00  4.00009871E+00  4.01249743E+00
  4.02439022E+00  4.03501606E+00  4.04485035E+00  4.05389214E+00  4.06269217E+00
  4.07076263E+00  4.07855797E+00  4.08575439E+00  4.09319353E+00  4.09979725E+00
  4.10669708E+00  4.11309385E+00  4.11923456E+00  4.12478399E+00  4.12808228E+00
  4.26427650E+00  4.37264681E+00  4.41992140E+00  4.44633293E+00  4.46390295E+00
  4.47697592E+00  4.48748922E+00  4.49667978E+00  4.50448799E+00  4.51155138E+00
  4.51789045E+00  4.52373791E+00  4.52885675E+00  4.53374767E+00  4.53798485E+00
  4.54215097E+00  4.54630661E+00  4.54958677E+00  4.55322981E+00  4.55653191E+00
  4.55945683E+00  4.56216240E+00  4.56507397E+00  4.56755829E+00  4.57035780E+00
  4.57259083E+00  4.57479620E+00  4.57680464E+00  4.57905674E+00  4.58094978E+00
  4.58260059E+00  4.58432722E+00  4.58623171E+00  4.58760023E+00  4.58919573E+00
  4.59045887E+00  4.59198904E+00  4.59321213E+00  4.59414101E+00  4.59519100E+00
  4.59621954E+00  4.59698772E+00  4.59784794E+00  4.59827566E+00  4.59869146E+00
  4.59914923E+00  4.59912586E+00  4.59938145E+00  4.59936476E+00  4.59899139E+00
  4.59835911E+00  4.59784126E+00  4.59698725E+00  4.59577036E+00  4.59455824E+00
  4.59265947E+00  4.59044123E+00  4.58763504E+00  4.58475685E+00  4.58085155E+00
  4.57612228E+00  4.57095385E+00  4.56406355E+00  4.55563641E+00  4.54487228E+00
  4.53097439E+00  4.51129007E+00  4.48118019E+00  4.42463732E+00  4.25628853E+00
->       3      12       1     100                                 <-   
IPOS00                                                                          
         1         2         3         4         5         6         7         8
         9        10        11        12        13        14        15        16
        17        18        19        20        21        22        23        24
        25        26        27        28        29        30        31        32
        33        34        35        36        37        38        39        40
        41        42        43        44        45        46        47        48
        49        50        51        52        53        54        55        56
        57        58        59        60        61        62        63        64
        65        66        67        68        69        70        71        72
        73        74        75        76        77        78        79        80
        81        82        83        84        85        86        87        88
        89        90        91        92        93        94        95        96
        97        98        99       100
->       3      12       1     100                                 <-   
NJJS00                                                                          
         1         1         1         1         1         1         1         1
         1         1         1         1         1         1         1         1
         1         1         1         1         1         1         1         1
         1         1         1         1         1         1         1         1
         1         1         1         1         1         1         1         1
         1         1         1         1         1         1         1         1
         1         1         1         1         1         1         1         1
         1         1         1         1         1         1         1         1
         1         1         1         1         1         1         1         1
         1         1         1         1         1         1         1         1
         1         1         1         1         1         1         1         1
         1         1         1         1         1         1         1         1
         1         1         1         1
->       3      12       1     100                                 <-   
IJJS00                                                                          
         1         1         1         1         1         1         1         1
         1         1         1         1         1         1         1         1
         1         1         1         1         1         1         1         1
         1         1         1         1         1         1         1         1
         1         1         1         1         1         1         1         1
         1         1         1         1         1         1         1         1
         1         1         1         1         1         1         1         1
         1         1         1         1         1         1         1         1
         1         1         1         1         1         1         1         1
         1         1         1         1         1         1         1         1
         1         1         1         1         1         1         1         1
         1         1         1         1         1         1         1         1
         1         1         1         1
->       3      12       2     100                                 <-   
SCAT01                                                                          
  1.05451059E+00  1.25185096E+00  1.32636786E+00  1.36801445E+00  1.39647794E+00
  1.41769505E+00  1.43426609E+00  1.44775021E+00  1.45916426E+00  1.46881020E+00
  1.47734046E+00  1.48471177E+00  1.49141550E+00  1.49735129E+00  1.50269639E+00
  1.50778854E+00  1.51235652E+00  1.51658916E+00  1.52049518E+00  1.52426946E+00
  1.52775216E+00  1.53110194E+00  1.53421903E+00  1.53739583E+00  1.54025996E+00
  1.54321849E+00  1.54598725E+00  1.54864812E+00  1.55109620E+00  1.55269420E+00
  1.61110759E+00  1.65782619E+00  1.67821896E+00  1.68960309E+00  1.69717968E+00
  1.70282209E+00  1.70736504E+00  1.71133041E+00  1.71470177E+00  1.71774375E+00
  1.72047985E+00  1.72300720E+00  1.72522497E+00  1.72733927E+00  1.72918046E+00
  1.73097813E+00  1.73276746E+00  1.73419476E+00  1.73577142E+00  1.73719478E+00
  1.73846447E+00  1.73963654E+00  1.74089086E+00  1.74197173E+00  1.74316740E+00
  1.74413872E+00  1.74510276E+00  1.74597800E+00  1.74693191E+00  1.74776125E+00
  1.74848390E+00  1.74923015E+00  1.75004101E+00  1.75064754E+00  1.75133860E+00
  1.75189495E+00  1.75253701E+00  1.75307417E+00  1.75348532E+00  1.75394285E+00
  1.75437295E+00  1.75471759E+00  1.75508058E+00  1.75528097E+00  1.75545979E+00
  1.75565839E+00  1.75566077E+00  1.75576687E+00  1.75575209E+00  1.75560641E+00
  1.75534773E+00  1.75510955E+00  1.75474524E+00  1.75423050E+00  1.75370622E+00
  1.75289094E+00  1.75193894E+00  1.75074852E+00  1.74950087E+00  1.74783373E+00
  1.74580204E+00  1.74356675E+00  1.74061549E+00  1.73697960E+00  1.73235595E+00
  1.72636962E+00  1.71791506E+00  1.70496023E+00  1.68060720E+00  1.60809493E+00
->       3      12       1     100                                 <-   
IPOS01                                                                          
         1         2         3         4         5         6         7         8
         9        10        11        12        13        14        15        16
        17        18        19        20        21        22        23        24
        25        26        27        28        29        30        31        32
        33        34        35        36        37        38        39        40
        41        42        43        44        45        46        47        48
        49        50        51        52        53        54        55        56
        57        58        59        60        61        62        63        64
        65        66        67        68        69        70        71        72
        73        74        75        76        77        78        79        80
        81        82        83        84        85        86        87        88
        89        90        91        92        93        94        95        96
        97        98        99       100
->       3      12       1     100                                 <-   
NJJS01                                                                          
         1         1         1         1         1         1         1         1
         1         1         1         1         1         1         1         1
         1         1         1         1         1         1         1         1
         1         1         1         1         1         1         1         1
         1         1         1         1         1         1         1         1
         1         1         1         1         1         1         1         1
         1         1         1         1         1         1         1         1
         1         1         1         1         1         1         1         1
         1         1         1         1         1         1         1         1
         1         1         1         1         1         1         1         1
         1         1         1         1         1         1         1         1
         1         1         1         1         1         1         1         1
         1         1         1         1
->       3      12       1     100                                 <-   
IJJS01                                                                          
         1         1         1         1         1         1         1         1
         1         1         1         1         1         1         1         1
         1         1         1         1         1         1         1         1
         1         1         1         1         1         1         1         1
         1         1         1         1         1         1         1         1
         1         1         1         1         1         1         1         1
         1         1         1         1         1         1         1         1
         1         1         1         1         1         1         1         1
         1         1         1         1         1         1         1         1
         1         1         1         1         1         1         1         1
         1         1         1         1         1         1         1         1
         1         1         1         1         1         1         1         1
         1         1         1         1
->       3      12       2     100                                 <-   
SIGW01                                                                          
  1.05451059E+00  1.25185096E+00  1.32636786E+00  1.36801445E+00  1.39647794E+00
  1.41769505E+00  1.43426609E+00  1.44775021E+00  1.45916426E+00  1.46881020E+00
  1.47734046E+00  1.48471177E+00  1.49141550E+00  1.49735129E+00  1.50269639E+00
  1.50778854E+00  1.51235652E+00  1.51658916E+00  1.52049518E+00  1.52426946E+00
  1.52775216E+00  1.53110194E+00  1.53421903E+00  1.53739583E+00  1.54025996E+00
  1.54321849E+00  1.54598725E+00  1.54864812E+00  1.55109620E+00  1.55269420E+00
  1.61110759E+00  1.65782619E+00  1.67821896E+00  1.68960309E+00  1.69717968E+00
  1.70282209E+00  1.70736504E+00  1.71133041E+00  1.71470177E+00  1.71774375E+00
  1.72047985E+00  1.72300720E+00  1.72522497E+00  1.72733927E+00  1.72918046E+00
  1.73097813E+00  1.73276746E+00  1.73419476E+00  1.73577142E+00  1.73719478E+00
  1.73846447E+00  1.73963654E+00  1.74089086E+00  1.74197173E+00  1.74316740E+00
  1.74413872E+00  1.74510276E+00  1.74597800E+00  1.74693191E+00  1.74776125E+00
  1.74848390E+00  1.74923015E+00  1.75004101E+00  1.75064754E+00  1.75133860E+00
  1.75189495E+00  1.75253701E+00  1.75307417E+00  1.75348532E+00  1.75394285E+00
  1.75437295E+00  1.75471759E+00  1.75508058E+00  1.75528097E+00  1.75545979E+00
  1.75565839E+00  1.75566077E+00  1.75576687E+00  1.75575209E+00  1.75560641E+00
  1.75534773E+00  1.75510955E+00  1.75474524E+00  1.75423050E+00  1.75370622E+00
  1.75289094E+00  1.75193894E+00  1.75074852E+00  1.74950087E+00  1.74783373E+00
  1.74580204E+00  1.74356675E+00  1.74061549E+00  1.73697960E+00  1.73235595E+00
  1.72636962E+00  1.71791506E+00  1.70496023E+00  1.68060720E+00  1.60809493E+00
->       3      12       2     200                                 <-   
ESTOPW                                                                          
  1.49825144E+00  1.49825144E+00  1.49825144E+00  1.49825144E+00  1.49825144E+00
  1.49825144E+00  1.49825144E+00  1.49825132E+00  1.49825144E+00  1.49825132E+00
  1.49825144E+00  1.49825144E+00  1.49825144E+00  1.49825144E+00  1.49825144E+00
  1.49825144E+00  1.49825144E+00  1.49825144E+00  1.49825144E+00  1.49825144E+00
  1.49825144E+00  1.49825144E+00  1.49825144E+00  1.49825144E+00  1.49825144E+00
  1.49825144E+00  1.49825144E+00  1.49825144E+00  1.49825144E+00  1.49825144E+00
  1.49825144E+00  1.49825144E+00  1.49825132E+00  1.49825132E+00  1.49825132E+00
  1.49825156E+00  1.49825132E+00  1.49825132E+00  1.49825144E+00  1.49825144E+00
  1.49825132E+00  1.49825144E+00  1.49825132E+00  1.49825144E+00  1.49825144E+00
  1.49825144E+00  1.49825144E+00  1.49825144E+00  1.49825132E+00  1.49825144E+00
  1.49825156E+00  1.49825144E+00  1.49825132E+00  1.49825144E+00  1.49825144E+00
  1.49825144E+00  1.49825144E+00  1.49825144E+00  1.49825144E+00  1.49825144E+00
  1.49825144E+00  1.49825144E+00  1.49825144E+00  1.49825156E+00  1.49825144E+00
  1.49825144E+00  1.49825144E+00  1.49825144E+00  1.49825144E+00  1.49825144E+00
  1.49825156E+00  1.49825156E+00  1.49825144E+00  1.49825144E+00  1.49825144E+00
  1.49825144E+00  1.49825156E+00  1.49825144E+00  1.49825144E+00  1.49825156E+00
  1.49825144E+00  1.49825144E+00  1.49825144E+00  1.49825144E+00  1.49825156E+00
  1.49825156E+00  1.49825144E+00  1.49825144E+00  1.49825144E+00  1.49825144E+00
  1.49825144E+00  1.49825144E+00  1.49825144E+00  1.49825144E+00  1.49825144E+00
  1.49825144E+00  1.49825132E+00  1.49825156E+00  1.49825156E+00  1.49825144E+00
  3.65267792E+01  3.65267792E+01  3.65267792E+01  3.65267792E+01  3.65267792E+01
  3.65267792E+01  3.65267792E+01  3.65267792E+01  3.65267792E+01  3.65267792E+01
  3.65267792E+01  3.65267792E+01  3.65267792E+01  3.65267792E+01  3.65267792E+01
  3.65267792E+01  3.65267792E+01  3.65267792E+01  3.65267830E+01  3.65267792E+01
  3.65267792E+01  3.65267792E+01  3.65267792E+01  3.65267792E+01  3.65267792E+01
  3.65267792E+01  3.65267792E+01  3.65267792E+01  3.65267792E+01  3.65267792E+01
  3.65267792E+01  3.65267792E+01  3.65267754E+01  3.65267754E+01  3.65267830E+01
  3.65267754E+01  3.65267792E+01  3.65267830E+01  3.65267792E+01  3.65267792E+01
  3.65267792E+01  3.65267792E+01  3.65267754E+01  3.65267830E+01  3.65267792E+01
  3.65267792E+01  3.65267754E+01  3.65267792E+01  3.65267792E+01  3.65267792E+01
  3.65267792E+01  3.65267792E+01  3.65267792E+01  3.65267830E+01  3.65267792E+01
  3.65267792E+01  3.65267792E+01  3.65267792E+01  3.65267792E+01  3.65267792E+01
  3.65267792E+01  3.65267792E+01  3.65267792E+01  3.65267792E+01  3.65267792E+01
  3.65267792E+01  3.65267792E+01  3.65267792E+01  3.65267754E+01  3.65267792E+01
  3.65267792E+01  3.65267792E+01  3.65267792E+01  3.65267792E+01  3.65267792E+01
  3.65267792E+01  3.65267792E+01  3.65267792E+01  3.65267792E+01  3.65267792E+01
  3.65267792E+01  3.65267792E+01  3.65267754E+01  3.65267792E+01  3.65267792E+01
  3.65267792E+01  3.65267792E+01  3.65267792E+01  3.65267792E+01  3.65267792E+01
  3.65267792E+01  3.65267792E+01  3.65267792E+01  3.65267830E+01  3.65267792E+01
  3.65267792E+01  3.65267792E+01  3.65267792E+01  3.65267792E+01  3.65267792E+01
->      -3       0       0       0                                 <-   
->       1      12       2       2                                 <-   
ENERGY                                                                          
  2.03334000E+07  1.00000000E+02
->       1      12       3       3                                 <-   
PARTICLE                                                                        
         4         4         4
B       °¶Ï
->       1      12       1      40                                 <-   
STATE-VECTOR                                                                    
         1       100         2         1         0         0         0         0
         0         0         0         0         0         0         0         0
         0         0         0         0         0         0         0         0
         0         0         0         0         0         0         0         0
         0         0         0         0         0         0         0         0
->      -1       0       0       0                                 <-   
