->       1      12       3       3                                 <-   
SIGNATURE                                                                       
         4         4         4
L_MACROLIB  
->       1      12       3       3                                 <-   
LINK.FLUX                                                                       
         4         4         4
FLUX        
->       1      12       3      18                                 <-   
TITLE                                                                           
         4         4         4         4         4         4         4         4
         4         4         4         4         4         4         4         4
         4         4
Water-Slab:Cepxsr-Dragon                                                
->       1      12       2     100                                 <-   
EDEP-CUTOFF                                                                     
  2.84080594E+05  3.06870844E+05  3.16679375E+05  3.22943812E+05  3.27659781E+05
  3.31479156E+05  3.34694125E+05  3.37461844E+05  3.39877875E+05  3.42003781E+05
  3.43882812E+05  3.45546188E+05  3.47016125E+05  3.48310344E+05  3.49442938E+05
  3.50424406E+05  3.51263281E+05  3.51967062E+05  3.52541469E+05  3.52992094E+05
  3.53322031E+05  3.53536062E+05  3.53636719E+05  3.53626188E+05  3.53507625E+05
  3.53281812E+05  3.52949656E+05  3.52507469E+05  3.51939312E+05  3.51142031E+05
  3.19309500E+05  2.70646375E+05  2.43052328E+05  2.26792078E+05  2.16158578E+05
  2.08352859E+05  2.02092562E+05  1.96801891E+05  1.92210359E+05  1.88169375E+05
  1.84578703E+05  1.81361312E+05  1.78453250E+05  1.75803797E+05  1.73369891E+05
  1.71116844E+05  1.69016141E+05  1.67043875E+05  1.65180688E+05  1.63410438E+05
  1.61718969E+05  1.60094875E+05  1.58528641E+05  1.57011719E+05  1.55536672E+05
  1.54096828E+05  1.52686984E+05  1.51301719E+05  1.49936688E+05  1.48587609E+05
  1.47251078E+05  1.45923078E+05  1.44601250E+05  1.43281984E+05  1.41962969E+05
  1.40641609E+05  1.39315469E+05  1.37982188E+05  1.36639641E+05  1.35285734E+05
  1.33918297E+05  1.32535531E+05  1.31135188E+05  1.29715273E+05  1.28273727E+05
  1.26808266E+05  1.25317031E+05  1.23797312E+05  1.22246883E+05  1.20663062E+05
  1.19042859E+05  1.17383094E+05  1.15680562E+05  1.13931328E+05  1.12130836E+05
  1.10273914E+05  1.08355086E+05  1.06367156E+05  1.04301961E+05  1.02149516E+05
  9.98972109E+04  9.75292734E+04  9.50249453E+04  9.23562891E+04  8.94835547E+04
  8.63474375E+04  8.28493594E+04  7.88000469E+04  7.37182422E+04  6.57271016E+04
->       1      12       2     100                                 <-   
VOLUME                                                                          
  3.33333330E-04  3.33333330E-04  3.33333272E-04  3.33333388E-04  3.33333272E-04
  3.33333272E-04  3.33333388E-04  3.33333388E-04  3.33333388E-04  3.33333155E-04
  3.33333388E-04  3.33333155E-04  3.33333388E-04  3.33333388E-04  3.33333388E-04
  3.33333388E-04  3.33333388E-04  3.33333388E-04  3.33332922E-04  3.33333388E-04
  3.33333388E-04  3.33333388E-04  3.33333388E-04  3.33332922E-04  3.33333388E-04
  3.33333388E-04  3.33333388E-04  3.33333388E-04  3.33333388E-04  3.33333388E-04
  2.84285713E-02  2.84285732E-02  2.84285694E-02  2.84285694E-02  2.84285694E-02
  2.84285694E-02  2.84285843E-02  2.84285694E-02  2.84285545E-02  2.84285843E-02
  2.84285843E-02  2.84285545E-02  2.84285843E-02  2.84285545E-02  2.84285843E-02
  2.84285545E-02  2.84285843E-02  2.84285545E-02  2.84286141E-02  2.84285545E-02
  2.84285545E-02  2.84285545E-02  2.84286141E-02  2.84285545E-02  2.84285545E-02
  2.84286141E-02  2.84285545E-02  2.84285545E-02  2.84285545E-02  2.84286141E-02
  2.84285545E-02  2.84285545E-02  2.84286141E-02  2.84285545E-02  2.84285545E-02
  2.84285545E-02  2.84285545E-02  2.84285545E-02  2.84286737E-02  2.84285545E-02
  2.84285545E-02  2.84285545E-02  2.84285545E-02  2.84285545E-02  2.84285545E-02
  2.84286737E-02  2.84285545E-02  2.84285545E-02  2.84285545E-02  2.84285545E-02
  2.84285545E-02  2.84285545E-02  2.84286737E-02  2.84285545E-02  2.84285545E-02
  2.84285545E-02  2.84285545E-02  2.84285545E-02  2.84285545E-02  2.84286737E-02
  2.84285545E-02  2.84285545E-02  2.84285545E-02  2.84285545E-02  2.84285545E-02
  2.84285545E-02  2.84286737E-02  2.84285545E-02  2.84285545E-02  2.84285545E-02
->       1      12      10       1                                 <-   
GROUP                                                                           
->       2       0       0      -1                                 <-   00000001
->       3      12       2     100                                 <-   
FLUX-INTG                                                                       
  1.50248154E+04  1.51934941E+04  1.53133086E+04  1.54128506E+04  1.54997148E+04
  1.55770352E+04  1.56464316E+04  1.57088623E+04  1.57649922E+04  1.58152197E+04
  1.58599492E+04  1.58993486E+04  1.59336865E+04  1.59630400E+04  1.59875752E+04
  1.60073750E+04  1.60225293E+04  1.60331211E+04  1.60391631E+04  1.60408018E+04
  1.60379971E+04  1.60308154E+04  1.60193086E+04  1.60034561E+04  1.59833809E+04
  1.59590303E+04  1.59304521E+04  1.58976768E+04  1.58606875E+04  1.58193506E+04
  1.20477262E+06  1.00720038E+06  8.99314875E+05  8.36596375E+05  7.95868688E+05
  7.66114500E+05  7.42334750E+05  7.22295062E+05  7.04943062E+05  6.89702312E+05
  6.76183438E+05  6.64083750E+05  6.53165000E+05  6.43227188E+05  6.34109250E+05
  6.25677312E+05  6.17823875E+05  6.10457312E+05  6.03506750E+05  5.96906250E+05
  5.90607688E+05  5.84565875E+05  5.78746125E+05  5.73111500E+05  5.67639938E+05
  5.62306000E+05  5.57084875E+05  5.51961875E+05  5.46918625E+05  5.41940375E+05
  5.37010500E+05  5.32119750E+05  5.27256000E+05  5.22405812E+05  5.17561688E+05
  5.12714062E+05  5.07853125E+05  5.02971844E+05  4.98063219E+05  4.93113906E+05
  4.88122625E+05  4.83079562E+05  4.77977781E+05  4.72810500E+05  4.67569688E+05
  4.62249594E+05  4.56836781E+05  4.51329281E+05  4.45715938E+05  4.39988531E+05
  4.34136094E+05  4.28148688E+05  4.22015250E+05  4.15717875E+05  4.09246188E+05
  4.02582062E+05  3.95705250E+05  3.88592656E+05  3.81216594E+05  3.73544938E+05
  3.65532188E+05  3.57130406E+05  3.48271094E+05  3.38863812E+05  3.28783094E+05
  3.17844281E+05  3.05754531E+05  2.91969062E+05  2.75217594E+05  2.51047188E+05
->       3      12       2     100                                 <-   
NTOT0                                                                           
  1.19189514E+03  1.34809192E+03  1.40485449E+03  1.43621155E+03  1.45731543E+03
  1.47296228E+03  1.48523547E+03  1.49522900E+03  1.50358740E+03  1.51072852E+03
  1.51692664E+03  1.52238379E+03  1.52724072E+03  1.53161011E+03  1.53557397E+03
  1.53919800E+03  1.54253638E+03  1.54562988E+03  1.54851624E+03  1.55122351E+03
  1.55377661E+03  1.55619873E+03  1.55850562E+03  1.56071667E+03  1.56284302E+03
  1.56489697E+03  1.56688293E+03  1.56878418E+03  1.57049146E+03  1.57129041E+03
  1.61318933E+03  1.64520764E+03  1.65874316E+03  1.66601318E+03  1.67061523E+03
  1.67393030E+03  1.67655200E+03  1.67873853E+03  1.68061682E+03  1.68225757E+03
  1.68370276E+03  1.68499805E+03  1.68616272E+03  1.68721863E+03  1.68818506E+03
  1.68907141E+03  1.68989331E+03  1.69065735E+03  1.69136938E+03  1.69203564E+03
  1.69266040E+03  1.69325024E+03  1.69380347E+03  1.69432788E+03  1.69482117E+03
  1.69528650E+03  1.69572693E+03  1.69614111E+03  1.69653149E+03  1.69689905E+03
  1.69724512E+03  1.69756714E+03  1.69786877E+03  1.69814795E+03  1.69840662E+03
  1.69864307E+03  1.69885876E+03  1.69905005E+03  1.69921973E+03  1.69936401E+03
  1.69948413E+03  1.69957874E+03  1.69964709E+03  1.69968396E+03  1.69969031E+03
  1.69966492E+03  1.69960437E+03  1.69950427E+03  1.69936377E+03  1.69917517E+03
  1.69893640E+03  1.69863940E+03  1.69828101E+03  1.69784973E+03  1.69733911E+03
  1.69673389E+03  1.69602063E+03  1.69517957E+03  1.69418835E+03  1.69301599E+03
  1.69161780E+03  1.68994092E+03  1.68789856E+03  1.68537024E+03  1.68216003E+03
  1.67793372E+03  1.67202820E+03  1.66289197E+03  1.64548120E+03  1.59313367E+03
->       3      12       2     100                                 <-   
SIGW00                                                                          
  4.20010948E+00  4.72567749E+00  4.91833210E+00  5.02386904E+00  5.09604454E+00
  5.14917517E+00  5.19087029E+00  5.22472191E+00  5.25366020E+00  5.27753401E+00
  5.29928493E+00  5.31777382E+00  5.33470726E+00  5.34954882E+00  5.36276484E+00
  5.37543297E+00  5.38649797E+00  5.39728689E+00  5.40697241E+00  5.41659403E+00
  5.42525244E+00  5.43341303E+00  5.44108343E+00  5.44910192E+00  5.45604086E+00
  5.46313143E+00  5.47017241E+00  5.47651768E+00  5.48224640E+00  5.48537827E+00
  5.62889528E+00  5.73905897E+00  5.78541565E+00  5.81014442E+00  5.82594442E+00
  5.83717108E+00  5.84620953E+00  5.85385847E+00  5.86045265E+00  5.86599445E+00
  5.87108898E+00  5.87552977E+00  5.87953043E+00  5.88279247E+00  5.88639593E+00
  5.88921309E+00  5.89197588E+00  5.89452744E+00  5.89700842E+00  5.89919186E+00
  5.90156364E+00  5.90311861E+00  5.90540886E+00  5.90683508E+00  5.90895557E+00
  5.91039038E+00  5.91184044E+00  5.91333532E+00  5.91455317E+00  5.91587639E+00
  5.91699839E+00  5.91821671E+00  5.91927481E+00  5.92015266E+00  5.92097235E+00
  5.92185545E+00  5.92254353E+00  5.92321682E+00  5.92366743E+00  5.92438269E+00
  5.92486095E+00  5.92497063E+00  5.92515612E+00  5.92545033E+00  5.92530870E+00
  5.92531681E+00  5.92477036E+00  5.92457294E+00  5.92404366E+00  5.92345142E+00
  5.92251396E+00  5.92145443E+00  5.92045307E+00  5.91932678E+00  5.91735554E+00
  5.91512871E+00  5.91254139E+00  5.90954781E+00  5.90651274E+00  5.90209484E+00
  5.89733648E+00  5.89135170E+00  5.88480854E+00  5.87573624E+00  5.86490870E+00
  5.85042810E+00  5.83015442E+00  5.79860497E+00  5.73877811E+00  5.55914545E+00
->       3      12       2     100                                 <-   
H-FACTOR                                                                        
  9.76358235E-01  1.00708210E+00  1.01897907E+00  1.02579892E+00  1.03047478E+00
  1.03397441E+00  1.03673398E+00  1.03898346E+00  1.04086328E+00  1.04246485E+00
  1.04384875E+00  1.04505956E+00  1.04612815E+00  1.04708171E+00  1.04793680E+00
  1.04870987E+00  1.04941189E+00  1.05005133E+00  1.05063915E+00  1.05117917E+00
  1.05168009E+00  1.05214441E+00  1.05257571E+00  1.05298150E+00  1.05336022E+00
  1.05371773E+00  1.05405486E+00  1.05436921E+00  1.05464458E+00  1.05476046E+00
  1.05881572E+00  1.05757272E+00  1.05484533E+00  1.05218041E+00  1.04966795E+00
  1.04728162E+00  1.04502487E+00  1.04289663E+00  1.04089510E+00  1.03901017E+00
  1.03722715E+00  1.03554142E+00  1.03393877E+00  1.03240895E+00  1.03094852E+00
  1.02954710E+00  1.02820396E+00  1.02691138E+00  1.02566767E+00  1.02446830E+00
  1.02331066E+00  1.02219319E+00  1.02111256E+00  1.02006853E+00  1.01905680E+00
  1.01807678E+00  1.01712787E+00  1.01620746E+00  1.01531494E+00  1.01445007E+00
  1.01361072E+00  1.01279593E+00  1.01200628E+00  1.01123881E+00  1.01049495E+00
  1.00977349E+00  1.00907362E+00  1.00839520E+00  1.00773871E+00  1.00710201E+00
  1.00648654E+00  1.00589144E+00  1.00531614E+00  1.00476086E+00  1.00422573E+00
  1.00371075E+00  1.00321758E+00  1.00274408E+00  1.00229228E+00  1.00185990E+00
  1.00145006E+00  1.00106215E+00  1.00069714E+00  1.00035536E+00  1.00003815E+00
  9.99745488E-01  9.99478221E-01  9.99237776E-01  9.99025226E-01  9.98840749E-01
  9.98684943E-01  9.98557627E-01  9.98455524E-01  9.98373151E-01  9.98296916E-01
  9.98198330E-01  9.97993469E-01  9.97447908E-01  9.95631397E-01  9.86919045E-01
->       3      12       2     100                                 <-   
C-FACTOR                                                                        
 -6.51644745E+01 -6.60920410E+01 -6.67596588E+01 -6.72447128E+01 -6.76158905E+01
 -6.79123764E+01 -6.81573181E+01 -6.83644562E+01 -6.85432968E+01 -6.87000885E+01
 -6.88391647E+01 -6.89639206E+01 -6.90768509E+01 -6.91799774E+01 -6.92746582E+01
 -6.93622437E+01 -6.94438782E+01 -6.95201035E+01 -6.95920181E+01 -6.96599808E+01
 -6.97245789E+01 -6.97863770E+01 -6.98456955E+01 -6.99031067E+01 -6.99589233E+01
 -7.00137482E+01 -7.00680466E+01 -7.01228409E+01 -7.01804886E+01 -7.02496567E+01
 -7.12768173E+01 -7.21590271E+01 -7.25337677E+01 -7.27326355E+01 -7.28552017E+01
 -7.29407578E+01 -7.30062790E+01 -7.30596085E+01 -7.31044312E+01 -7.31427994E+01
 -7.31759262E+01 -7.32050552E+01 -7.32310486E+01 -7.32539673E+01 -7.32745819E+01
 -7.32930908E+01 -7.33101196E+01 -7.33256149E+01 -7.33398666E+01 -7.33528976E+01
 -7.33650055E+01 -7.33764114E+01 -7.33867722E+01 -7.33965073E+01 -7.34054565E+01
 -7.34138031E+01 -7.34215546E+01 -7.34286499E+01 -7.34351654E+01 -7.34412460E+01
 -7.34467773E+01 -7.34517212E+01 -7.34562302E+01 -7.34601593E+01 -7.34635849E+01
 -7.34664841E+01 -7.34689102E+01 -7.34707413E+01 -7.34719467E+01 -7.34725647E+01
 -7.34725723E+01 -7.34719696E+01 -7.34706650E+01 -7.34683762E+01 -7.34655457E+01
 -7.34617004E+01 -7.34569473E+01 -7.34511414E+01 -7.34442291E+01 -7.34359512E+01
 -7.34263535E+01 -7.34151001E+01 -7.34021225E+01 -7.33871078E+01 -7.33698654E+01
 -7.33498230E+01 -7.33267441E+01 -7.33001480E+01 -7.32690582E+01 -7.32326965E+01
 -7.31897659E+01 -7.31388168E+01 -7.30772247E+01 -7.30014267E+01 -7.29058228E+01
 -7.27804413E+01 -7.26066513E+01 -7.23401260E+01 -7.18412094E+01 -7.03866577E+01
->       3      12       2     100                                 <-   
FIXE                                                                            
  1.59154957E+09  1.59154957E+09  1.59154944E+09  1.59154944E+09  1.59154944E+09
  1.59154944E+09  1.59154944E+09  1.59154944E+09  1.59154944E+09  1.59154944E+09
  1.59154944E+09  1.59154944E+09  1.59154944E+09  1.59154944E+09  1.59154944E+09
  1.59154944E+09  1.59154944E+09  1.59154944E+09  1.59154944E+09  1.59154944E+09
  1.59154944E+09  1.59154944E+09  1.59154944E+09  1.59154944E+09  1.59154944E+09
  1.59154944E+09  1.59154944E+09  1.59154944E+09  1.59154944E+09  1.59154944E+09
  0.00000000E+00  0.00000000E+00  0.00000000E+00  0.00000000E+00  0.00000000E+00
  0.00000000E+00  0.00000000E+00  0.00000000E+00  0.00000000E+00  0.00000000E+00
  0.00000000E+00  0.00000000E+00  0.00000000E+00  0.00000000E+00  0.00000000E+00
  0.00000000E+00  0.00000000E+00  0.00000000E+00  0.00000000E+00  0.00000000E+00
  0.00000000E+00  0.00000000E+00  0.00000000E+00  0.00000000E+00  0.00000000E+00
  0.00000000E+00  0.00000000E+00  0.00000000E+00  0.00000000E+00  0.00000000E+00
  0.00000000E+00  0.00000000E+00  0.00000000E+00  0.00000000E+00  0.00000000E+00
  0.00000000E+00  0.00000000E+00  0.00000000E+00  0.00000000E+00  0.00000000E+00
  0.00000000E+00  0.00000000E+00  0.00000000E+00  0.00000000E+00  0.00000000E+00
  0.00000000E+00  0.00000000E+00  0.00000000E+00  0.00000000E+00  0.00000000E+00
  0.00000000E+00  0.00000000E+00  0.00000000E+00  0.00000000E+00  0.00000000E+00
  0.00000000E+00  0.00000000E+00  0.00000000E+00  0.00000000E+00  0.00000000E+00
  0.00000000E+00  0.00000000E+00  0.00000000E+00  0.00000000E+00  0.00000000E+00
  0.00000000E+00  0.00000000E+00  0.00000000E+00  0.00000000E+00  0.00000000E+00
->       3      12       2     100                                 <-   
SCAT00                                                                          
  4.20010948E+00  4.72567749E+00  4.91833210E+00  5.02386904E+00  5.09604454E+00
  5.14917517E+00  5.19087029E+00  5.22472191E+00  5.25366020E+00  5.27753401E+00
  5.29928493E+00  5.31777382E+00  5.33470726E+00  5.34954882E+00  5.36276484E+00
  5.37543297E+00  5.38649797E+00  5.39728689E+00  5.40697241E+00  5.41659403E+00
  5.42525244E+00  5.43341303E+00  5.44108343E+00  5.44910192E+00  5.45604086E+00
  5.46313143E+00  5.47017241E+00  5.47651768E+00  5.48224640E+00  5.48537827E+00
  5.62889528E+00  5.73905897E+00  5.78541565E+00  5.81014442E+00  5.82594442E+00
  5.83717108E+00  5.84620953E+00  5.85385847E+00  5.86045265E+00  5.86599445E+00
  5.87108898E+00  5.87552977E+00  5.87953043E+00  5.88279247E+00  5.88639593E+00
  5.88921309E+00  5.89197588E+00  5.89452744E+00  5.89700842E+00  5.89919186E+00
  5.90156364E+00  5.90311861E+00  5.90540886E+00  5.90683508E+00  5.90895557E+00
  5.91039038E+00  5.91184044E+00  5.91333532E+00  5.91455317E+00  5.91587639E+00
  5.91699839E+00  5.91821671E+00  5.91927481E+00  5.92015266E+00  5.92097235E+00
  5.92185545E+00  5.92254353E+00  5.92321682E+00  5.92366743E+00  5.92438269E+00
  5.92486095E+00  5.92497063E+00  5.92515612E+00  5.92545033E+00  5.92530870E+00
  5.92531681E+00  5.92477036E+00  5.92457294E+00  5.92404366E+00  5.92345142E+00
  5.92251396E+00  5.92145443E+00  5.92045307E+00  5.91932678E+00  5.91735554E+00
  5.91512871E+00  5.91254139E+00  5.90954781E+00  5.90651274E+00  5.90209484E+00
  5.89733648E+00  5.89135170E+00  5.88480854E+00  5.87573624E+00  5.86490870E+00
  5.85042810E+00  5.83015442E+00  5.79860497E+00  5.73877811E+00  5.55914545E+00
->       3      12       1     100                                 <-   
IPOS00                                                                          
         1         2         3         4         5         6         7         8
         9        10        11        12        13        14        15        16
        17        18        19        20        21        22        23        24
        25        26        27        28        29        30        31        32
        33        34        35        36        37        38        39        40
        41        42        43        44        45        46        47        48
        49        50        51        52        53        54        55        56
        57        58        59        60        61        62        63        64
        65        66        67        68        69        70        71        72
        73        74        75        76        77        78        79        80
        81        82        83        84        85        86        87        88
        89        90        91        92        93        94        95        96
        97        98        99       100
->       3      12       1     100                                 <-   
NJJS00                                                                          
         1         1         1         1         1         1         1         1
         1         1         1         1         1         1         1         1
         1         1         1         1         1         1         1         1
         1         1         1         1         1         1         1         1
         1         1         1         1         1         1         1         1
         1         1         1         1         1         1         1         1
         1         1         1         1         1         1         1         1
         1         1         1         1         1         1         1         1
         1         1         1         1         1         1         1         1
         1         1         1         1         1         1         1         1
         1         1         1         1         1         1         1         1
         1         1         1         1         1         1         1         1
         1         1         1         1
->       3      12       1     100                                 <-   
IJJS00                                                                          
         1         1         1         1         1         1         1         1
         1         1         1         1         1         1         1         1
         1         1         1         1         1         1         1         1
         1         1         1         1         1         1         1         1
         1         1         1         1         1         1         1         1
         1         1         1         1         1         1         1         1
         1         1         1         1         1         1         1         1
         1         1         1         1         1         1         1         1
         1         1         1         1         1         1         1         1
         1         1         1         1         1         1         1         1
         1         1         1         1         1         1         1         1
         1         1         1         1         1         1         1         1
         1         1         1         1
->       3      12       2     100                                 <-   
SCAT01                                                                          
  1.48807383E+00  1.69743693E+00  1.77607369E+00  1.81983113E+00  1.84991360E+00
  1.87217581E+00  1.88969100E+00  1.90394950E+00  1.91611826E+00  1.92622149E+00
  1.93537807E+00  1.94319475E+00  1.95033228E+00  1.95661080E+00  1.96223378E+00
  1.96758175E+00  1.97228444E+00  1.97685540E+00  1.98097229E+00  1.98502839E+00
  1.98870754E+00  1.99218047E+00  1.99546099E+00  1.99883235E+00  2.00180173E+00
  2.00481582E+00  2.00780320E+00  2.01053452E+00  2.01302862E+00  2.01456094E+00
  2.07545376E+00  2.12275386E+00  2.14282584E+00  2.15362406E+00  2.16058612E+00
  2.16558719E+00  2.16963315E+00  2.17306805E+00  2.17604589E+00  2.17856479E+00
  2.18087554E+00  2.18290663E+00  2.18474150E+00  2.18629003E+00  2.18793511E+00
  2.18927169E+00  2.19056201E+00  2.19177055E+00  2.19292760E+00  2.19396710E+00
  2.19506192E+00  2.19584107E+00  2.19689083E+00  2.19760370E+00  2.19857001E+00
  2.19927335E+00  2.19997048E+00  2.20067859E+00  2.20127726E+00  2.20190096E+00
  2.20245457E+00  2.20302033E+00  2.20354152E+00  2.20398831E+00  2.20440745E+00
  2.20483923E+00  2.20518684E+00  2.20552278E+00  2.20577860E+00  2.20613360E+00
  2.20637822E+00  2.20648646E+00  2.20662403E+00  2.20678639E+00  2.20676827E+00
  2.20681715E+00  2.20664811E+00  2.20657802E+00  2.20640588E+00  2.20617795E+00
  2.20582795E+00  2.20540833E+00  2.20499682E+00  2.20451522E+00  2.20372200E+00
  2.20278263E+00  2.20172024E+00  2.20046759E+00  2.19917369E+00  2.19731402E+00
  2.19528913E+00  2.19275904E+00  2.18994474E+00  2.18609047E+00  2.18145633E+00
  2.17528105E+00  2.16662407E+00  2.15318871E+00  2.12772942E+00  2.05143857E+00
->       3      12       1     100                                 <-   
IPOS01                                                                          
         1         2         3         4         5         6         7         8
         9        10        11        12        13        14        15        16
        17        18        19        20        21        22        23        24
        25        26        27        28        29        30        31        32
        33        34        35        36        37        38        39        40
        41        42        43        44        45        46        47        48
        49        50        51        52        53        54        55        56
        57        58        59        60        61        62        63        64
        65        66        67        68        69        70        71        72
        73        74        75        76        77        78        79        80
        81        82        83        84        85        86        87        88
        89        90        91        92        93        94        95        96
        97        98        99       100
->       3      12       1     100                                 <-   
NJJS01                                                                          
         1         1         1         1         1         1         1         1
         1         1         1         1         1         1         1         1
         1         1         1         1         1         1         1         1
         1         1         1         1         1         1         1         1
         1         1         1         1         1         1         1         1
         1         1         1         1         1         1         1         1
         1         1         1         1         1         1         1         1
         1         1         1         1         1         1         1         1
         1         1         1         1         1         1         1         1
         1         1         1         1         1         1         1         1
         1         1         1         1         1         1         1         1
         1         1         1         1         1         1         1         1
         1         1         1         1
->       3      12       1     100                                 <-   
IJJS01                                                                          
         1         1         1         1         1         1         1         1
         1         1         1         1         1         1         1         1
         1         1         1         1         1         1         1         1
         1         1         1         1         1         1         1         1
         1         1         1         1         1         1         1         1
         1         1         1         1         1         1         1         1
         1         1         1         1         1         1         1         1
         1         1         1         1         1         1         1         1
         1         1         1         1         1         1         1         1
         1         1         1         1         1         1         1         1
         1         1         1         1         1         1         1         1
         1         1         1         1         1         1         1         1
         1         1         1         1
->       3      12       2     100                                 <-   
SIGW01                                                                          
  1.48807383E+00  1.69743693E+00  1.77607369E+00  1.81983113E+00  1.84991360E+00
  1.87217581E+00  1.88969100E+00  1.90394950E+00  1.91611826E+00  1.92622149E+00
  1.93537807E+00  1.94319475E+00  1.95033228E+00  1.95661080E+00  1.96223378E+00
  1.96758175E+00  1.97228444E+00  1.97685540E+00  1.98097229E+00  1.98502839E+00
  1.98870754E+00  1.99218047E+00  1.99546099E+00  1.99883235E+00  2.00180173E+00
  2.00481582E+00  2.00780320E+00  2.01053452E+00  2.01302862E+00  2.01456094E+00
  2.07545376E+00  2.12275386E+00  2.14282584E+00  2.15362406E+00  2.16058612E+00
  2.16558719E+00  2.16963315E+00  2.17306805E+00  2.17604589E+00  2.17856479E+00
  2.18087554E+00  2.18290663E+00  2.18474150E+00  2.18629003E+00  2.18793511E+00
  2.18927169E+00  2.19056201E+00  2.19177055E+00  2.19292760E+00  2.19396710E+00
  2.19506192E+00  2.19584107E+00  2.19689083E+00  2.19760370E+00  2.19857001E+00
  2.19927335E+00  2.19997048E+00  2.20067859E+00  2.20127726E+00  2.20190096E+00
  2.20245457E+00  2.20302033E+00  2.20354152E+00  2.20398831E+00  2.20440745E+00
  2.20483923E+00  2.20518684E+00  2.20552278E+00  2.20577860E+00  2.20613360E+00
  2.20637822E+00  2.20648646E+00  2.20662403E+00  2.20678639E+00  2.20676827E+00
  2.20681715E+00  2.20664811E+00  2.20657802E+00  2.20640588E+00  2.20617795E+00
  2.20582795E+00  2.20540833E+00  2.20499682E+00  2.20451522E+00  2.20372200E+00
  2.20278263E+00  2.20172024E+00  2.20046759E+00  2.19917369E+00  2.19731402E+00
  2.19528913E+00  2.19275904E+00  2.18994474E+00  2.18609047E+00  2.18145633E+00
  2.17528105E+00  2.16662407E+00  2.15318871E+00  2.12772942E+00  2.05143857E+00
->       3      12       2     200                                 <-   
ESTOPW                                                                          
  1.49662828E+00  1.49662828E+00  1.49662828E+00  1.49662828E+00  1.49662828E+00
  1.49662828E+00  1.49662817E+00  1.49662828E+00  1.49662828E+00  1.49662828E+00
  1.49662828E+00  1.49662828E+00  1.49662828E+00  1.49662828E+00  1.49662828E+00
  1.49662828E+00  1.49662828E+00  1.49662828E+00  1.49662828E+00  1.49662828E+00
  1.49662817E+00  1.49662828E+00  1.49662828E+00  1.49662828E+00  1.49662828E+00
  1.49662828E+00  1.49662817E+00  1.49662828E+00  1.49662828E+00  1.49662828E+00
  1.49662828E+00  1.49662828E+00  1.49662840E+00  1.49662817E+00  1.49662817E+00
  1.49662817E+00  1.49662828E+00  1.49662817E+00  1.49662840E+00  1.49662828E+00
  1.49662828E+00  1.49662828E+00  1.49662828E+00  1.49662828E+00  1.49662828E+00
  1.49662828E+00  1.49662828E+00  1.49662828E+00  1.49662817E+00  1.49662828E+00
  1.49662828E+00  1.49662828E+00  1.49662817E+00  1.49662828E+00  1.49662828E+00
  1.49662828E+00  1.49662828E+00  1.49662828E+00  1.49662828E+00  1.49662828E+00
  1.49662828E+00  1.49662828E+00  1.49662828E+00  1.49662828E+00  1.49662828E+00
  1.49662828E+00  1.49662840E+00  1.49662828E+00  1.49662817E+00  1.49662828E+00
  1.49662828E+00  1.49662828E+00  1.49662828E+00  1.49662828E+00  1.49662828E+00
  1.49662828E+00  1.49662840E+00  1.49662828E+00  1.49662828E+00  1.49662828E+00
  1.49662828E+00  1.49662828E+00  1.49662817E+00  1.49662828E+00  1.49662828E+00
  1.49662828E+00  1.49662828E+00  1.49662828E+00  1.49662828E+00  1.49662817E+00
  1.49662828E+00  1.49662828E+00  1.49662828E+00  1.49662828E+00  1.49662828E+00
  1.49662828E+00  1.49662828E+00  1.49662828E+00  1.49662828E+00  1.49662828E+00
  3.65451431E+01  3.65451431E+01  3.65451431E+01  3.65451431E+01  3.65451431E+01
  3.65451431E+01  3.65451431E+01  3.65451393E+01  3.65451469E+01  3.65451431E+01
  3.65451469E+01  3.65451431E+01  3.65451431E+01  3.65451431E+01  3.65451431E+01
  3.65451431E+01  3.65451431E+01  3.65451469E+01  3.65451393E+01  3.65451431E+01
  3.65451431E+01  3.65451431E+01  3.65451469E+01  3.65451431E+01  3.65451431E+01
  3.65451431E+01  3.65451431E+01  3.65451393E+01  3.65451431E+01  3.65451393E+01
  3.65451393E+01  3.65451431E+01  3.65451393E+01  3.65451393E+01  3.65451393E+01
  3.65451393E+01  3.65451431E+01  3.65451393E+01  3.65451431E+01  3.65451431E+01
  3.65451393E+01  3.65451431E+01  3.65451431E+01  3.65451431E+01  3.65451431E+01
  3.65451431E+01  3.65451393E+01  3.65451431E+01  3.65451431E+01  3.65451431E+01
  3.65451431E+01  3.65451431E+01  3.65451431E+01  3.65451469E+01  3.65451469E+01
  3.65451393E+01  3.65451431E+01  3.65451431E+01  3.65451431E+01  3.65451393E+01
  3.65451431E+01  3.65451469E+01  3.65451431E+01  3.65451469E+01  3.65451431E+01
  3.65451431E+01  3.65451431E+01  3.65451431E+01  3.65451393E+01  3.65451431E+01
  3.65451431E+01  3.65451469E+01  3.65451469E+01  3.65451469E+01  3.65451431E+01
  3.65451431E+01  3.65451431E+01  3.65451431E+01  3.65451431E+01  3.65451431E+01
  3.65451431E+01  3.65451431E+01  3.65451393E+01  3.65451431E+01  3.65451431E+01
  3.65451431E+01  3.65451431E+01  3.65451431E+01  3.65451431E+01  3.65451431E+01
  3.65451431E+01  3.65451431E+01  3.65451431E+01  3.65451431E+01  3.65451431E+01
  3.65451431E+01  3.65451431E+01  3.65451431E+01  3.65451431E+01  3.65451431E+01
->      -3       0       0       0                                 <-   
->       1      12       2       2                                 <-   
ENERGY                                                                          
  2.03334000E+07  1.00000000E+02
->       1      12       3       3                                 <-   
PARTICLE                                                                        
         4         4         4
B       plë
->       1      12       1      40                                 <-   
STATE-VECTOR                                                                    
         1       100         2         1         0         0         0         0
         0         0         0         0         0         0         0         0
         0         0         0         0         0         0         0         0
         0         0         0         0         0         0         0         0
         0         0         0         0         0         0         0         0
->      -1       0       0       0                                 <-   
