->       1      12       3       3                                 <-   
SIGNATURE                                                                       
         4         4         4
L_MACROLIB  
->       1      12       3       3                                 <-   
LINK.FLUX                                                                       
         4         4         4
FLUX        
->       1      12       3      18                                 <-   
TITLE                                                                           
         4         4         4         4         4         4         4         4
         4         4         4         4         4         4         4         4
         4         4
Water-Slab:Cepxsr-Dragon                                                
->       1      12       2     100                                 <-   
EDEP-CUTOFF                                                                     
  4.42216160E+07  4.85034240E+07  5.12080280E+07  5.33033920E+07  5.50338840E+07
  5.65010200E+07  5.77617160E+07  5.88529480E+07  5.98008480E+07  6.06244640E+07
  6.13380280E+07  6.19523760E+07  6.24758600E+07  6.29144200E+07  6.32726160E+07
  6.35533040E+07  6.37582960E+07  6.38881520E+07  6.39420000E+07  6.39181640E+07
  6.38135200E+07  6.36233000E+07  6.33415080E+07  6.29599200E+07  6.24682160E+07
  6.18534080E+07  6.10995280E+07  6.01869760E+07  5.90923000E+07  5.77891360E+07
  5.53871560E+07  5.26662360E+07  5.06417400E+07  4.90642920E+07  4.77777480E+07
  4.66864720E+07  4.57315640E+07  4.48766040E+07  4.40984520E+07  4.33818320E+07
  4.27161000E+07  4.20935680E+07  4.15082560E+07  4.09553040E+07  4.04305320E+07
  3.99306840E+07  3.94524400E+07  3.89933400E+07  3.85509720E+07  3.81233720E+07
  3.77087120E+07  3.73054160E+07  3.69120560E+07  3.65274400E+07  3.61504000E+07
  3.57800000E+07  3.54152760E+07  3.50554400E+07  3.46997800E+07  3.43475360E+07
  3.39981920E+07  3.36510760E+07  3.33057200E+07  3.29615940E+07  3.26181680E+07
  3.22750360E+07  3.19317660E+07  3.15879120E+07  3.12430480E+07  3.08968000E+07
  3.05487720E+07  3.01985140E+07  2.98456240E+07  2.94897360E+07  2.91303900E+07
  2.87671140E+07  2.83995400E+07  2.80271020E+07  2.76492840E+07  2.72655800E+07
  2.68753480E+07  2.64779240E+07  2.60726360E+07  2.56585940E+07  2.52349280E+07
  2.48005840E+07  2.43543500E+07  2.38948140E+07  2.34202940E+07  2.29287480E+07
  2.24176860E+07  2.18839760E+07  2.13235180E+07  2.07308820E+07  2.00982420E+07
  1.94138740E+07  1.86579640E+07  1.77915980E+07  1.67163350E+07  1.50531470E+07
->       1      12       2     100                                 <-   
VOLUME                                                                          
  1.00000007E-02  1.00000007E-02  9.99999978E-03  1.00000016E-02  9.99999791E-03
  1.00000016E-02  9.99999791E-03  1.00000054E-02  9.99999791E-03  9.99999791E-03
  1.00000054E-02  9.99999791E-03  1.00000054E-02  9.99999046E-03  1.00000054E-02
  1.00000054E-02  9.99999046E-03  1.00000054E-02  1.00000054E-02  9.99999046E-03
  1.00000054E-02  1.00000054E-02  9.99999046E-03  1.00000054E-02  9.99999046E-03
  1.00000203E-02  9.99999046E-03  9.99999046E-03  1.00000203E-02  9.99999046E-03
  2.42857039E-02  2.42857337E-02  2.42857039E-02  2.42857039E-02  2.42857337E-02
  2.42857039E-02  2.42857039E-02  2.42857337E-02  2.42857039E-02  2.42857337E-02
  2.42856741E-02  2.42857337E-02  2.42857337E-02  2.42856741E-02  2.42857337E-02
  2.42857337E-02  2.42856741E-02  2.42857337E-02  2.42857337E-02  2.42856741E-02
  2.42857337E-02  2.42857337E-02  2.42856741E-02  2.42857337E-02  2.42857337E-02
  2.42856741E-02  2.42857337E-02  2.42857337E-02  2.42856741E-02  2.42857933E-02
  2.42856741E-02  2.42856741E-02  2.42857933E-02  2.42856741E-02  2.42856741E-02
  2.42857933E-02  2.42856741E-02  2.42856741E-02  2.42857933E-02  2.42856741E-02
  2.42856741E-02  2.42857933E-02  2.42856741E-02  2.42856741E-02  2.42857933E-02
  2.42856741E-02  2.42856741E-02  2.42857933E-02  2.42856741E-02  2.42856741E-02
  2.42857933E-02  2.42856741E-02  2.42856741E-02  2.42857933E-02  2.42856741E-02
  2.42856741E-02  2.42857933E-02  2.42856741E-02  2.42856741E-02  2.42857933E-02
  2.42856741E-02  2.42856741E-02  2.42857933E-02  2.42856741E-02  2.42856741E-02
  2.42857933E-02  2.42856741E-02  2.42856741E-02  2.42857933E-02  2.42856741E-02
->       1      12      10       1                                 <-   
GROUP                                                                           
->       2       0       0      -1                                 <-   00000001
->       3      12       2     100                                 <-   
FLUX-INTG                                                                       
  8.65087700E+06  9.21460700E+06  9.63585300E+06  9.98169100E+06  1.02745770E+07
  1.05262360E+07  1.07441430E+07  1.09336820E+07  1.10987410E+07  1.12423640E+07
  1.13668210E+07  1.14738500E+07  1.15648340E+07  1.16407360E+07  1.17023160E+07
  1.17500130E+07  1.17840680E+07  1.18045830E+07  1.18113150E+07  1.18039020E+07
  1.17817640E+07  1.17439390E+07  1.16892570E+07  1.16161850E+07  1.15226890E+07
  1.14063460E+07  1.12639330E+07  1.10917160E+07  1.08850060E+07  1.06381120E+07
  2.47284260E+07  2.34860980E+07  2.25668180E+07  2.18526080E+07  2.12711180E+07
  2.07782860E+07  2.03473140E+07  1.99616280E+07  1.96106220E+07  1.92875100E+07
  1.89873460E+07  1.87068720E+07  1.84431880E+07  1.81941300E+07  1.79579860E+07
  1.77330580E+07  1.75179540E+07  1.73116340E+07  1.71129020E+07  1.69208560E+07
  1.67348040E+07  1.65539170E+07  1.63775580E+07  1.62052890E+07  1.60364880E+07
  1.58706990E+07  1.57076620E+07  1.55468680E+07  1.53879910E+07  1.52308820E+07
  1.50749950E+07  1.49203060E+07  1.47665690E+07  1.46133500E+07  1.44606170E+07
  1.43082160E+07  1.41557140E+07  1.40031400E+07  1.38503020E+07  1.36968560E+07
  1.35427940E+07  1.33879260E+07  1.32319180E+07  1.30747680E+07  1.29162940E+07
  1.27561130E+07  1.25942340E+07  1.24304390E+07  1.22643210E+07  1.20958420E+07
  1.19247410E+07  1.17505670E+07  1.15732040E+07  1.13922970E+07  1.12073200E+07
  1.10180010E+07  1.08238510E+07  1.06241170E+07  1.04183070E+07  1.02056100E+07
  9.98489800E+06  9.75505500E+06  9.51455600E+06  9.26117500E+06  8.99219400E+06
  8.70336700E+06  8.38766300E+06  8.03247100E+06  7.60850150E+06  7.01933150E+06
->       3      12       2     100                                 <-   
NTOT0                                                                           
  1.47500684E+03  1.53114417E+03  1.54927405E+03  1.55833911E+03  1.56396289E+03
  1.56786328E+03  1.57076404E+03  1.57301807E+03  1.57483301E+03  1.57632898E+03
  1.57758765E+03  1.57866394E+03  1.57959753E+03  1.58041357E+03  1.58113867E+03
  1.58178479E+03  1.58236792E+03  1.58289880E+03  1.58338757E+03  1.58384253E+03
  1.58427185E+03  1.58468677E+03  1.58509363E+03  1.58550842E+03  1.58594360E+03
  1.58642200E+03  1.58697266E+03  1.58764282E+03  1.58851001E+03  1.58972937E+03
  1.59235388E+03  1.59467346E+03  1.59613330E+03  1.59718323E+03  1.59801099E+03
  1.59871179E+03  1.59933484E+03  1.59990259E+03  1.60043262E+03  1.60092871E+03
  1.60139917E+03  1.60184045E+03  1.60225977E+03  1.60265698E+03  1.60303259E+03
  1.60338940E+03  1.60372778E+03  1.60404858E+03  1.60435278E+03  1.60464160E+03
  1.60491663E+03  1.60517554E+03  1.60542188E+03  1.60565479E+03  1.60587378E+03
  1.60608252E+03  1.60627515E+03  1.60645813E+03  1.60662756E+03  1.60678394E+03
  1.60692859E+03  1.60705994E+03  1.60717834E+03  1.60728247E+03  1.60737451E+03
  1.60744946E+03  1.60751050E+03  1.60755640E+03  1.60758582E+03  1.60759534E+03
  1.60758777E+03  1.60756226E+03  1.60751404E+03  1.60744458E+03  1.60734973E+03
  1.60722900E+03  1.60707983E+03  1.60689844E+03  1.60668396E+03  1.60643018E+03
  1.60613525E+03  1.60579211E+03  1.60539648E+03  1.60494104E+03  1.60441650E+03
  1.60381287E+03  1.60311755E+03  1.60231580E+03  1.60138586E+03  1.60029846E+03
  1.59901721E+03  1.59749744E+03  1.59566174E+03  1.59340332E+03  1.59055017E+03
  1.58680420E+03  1.58159241E+03  1.57355115E+03  1.55827356E+03  1.51270630E+03
->       3      12       2     100                                 <-   
SIGW00                                                                          
  5.08880472E+00  5.27986050E+00  5.34185457E+00  5.37267780E+00  5.39221191E+00
  5.40528727E+00  5.41522646E+00  5.42340374E+00  5.42921305E+00  5.43443918E+00
  5.43856287E+00  5.44234228E+00  5.44549417E+00  5.44820738E+00  5.45111942E+00
  5.45323277E+00  5.45519972E+00  5.45669174E+00  5.45825720E+00  5.45956039E+00
  5.46158743E+00  5.46298075E+00  5.46421432E+00  5.46569014E+00  5.46715212E+00
  5.46887112E+00  5.47041702E+00  5.47316551E+00  5.47597885E+00  5.48010635E+00
  5.48931742E+00  5.49680185E+00  5.50221109E+00  5.50515604E+00  5.50830936E+00
  5.51070404E+00  5.51280594E+00  5.51448727E+00  5.51670408E+00  5.51849413E+00
  5.51985741E+00  5.52140522E+00  5.52277946E+00  5.52444839E+00  5.52553225E+00
  5.52679968E+00  5.52795792E+00  5.52887535E+00  5.53000450E+00  5.53083801E+00
  5.53186798E+00  5.53247213E+00  5.53361034E+00  5.53411770E+00  5.53530884E+00
  5.53591967E+00  5.53647423E+00  5.53703880E+00  5.53772640E+00  5.53839636E+00
  5.53870964E+00  5.53919601E+00  5.53979492E+00  5.53997850E+00  5.54033089E+00
  5.54065657E+00  5.54063797E+00  5.54098272E+00  5.54078722E+00  5.54110241E+00
  5.54091930E+00  5.54090881E+00  5.54124069E+00  5.54034472E+00  5.54011869E+00
  5.53999710E+00  5.53909206E+00  5.53850269E+00  5.53786325E+00  5.53698874E+00
  5.53627443E+00  5.53469467E+00  5.53306437E+00  5.53161669E+00  5.53050470E+00
  5.52772713E+00  5.52588367E+00  5.52287388E+00  5.51967907E+00  5.51593065E+00
  5.51156330E+00  5.50657129E+00  5.49997759E+00  5.49211121E+00  5.48268318E+00
  5.46973848E+00  5.45192909E+00  5.42440033E+00  5.37230062E+00  5.21637535E+00
->       3      12       2     100                                 <-   
H-FACTOR                                                                        
  1.05380833E+00  1.06908321E+00  1.07345426E+00  1.07534289E+00  1.07633233E+00
  1.07689154E+00  1.07721186E+00  1.07738221E+00  1.07745504E+00  1.07745779E+00
  1.07740927E+00  1.07732236E+00  1.07720232E+00  1.07705367E+00  1.07688320E+00
  1.07668817E+00  1.07647192E+00  1.07623231E+00  1.07597077E+00  1.07568371E+00
  1.07536948E+00  1.07502604E+00  1.07464492E+00  1.07422352E+00  1.07374978E+00
  1.07321453E+00  1.07260036E+00  1.07189035E+00  1.07106030E+00  1.07009339E+00
  1.06828499E+00  1.06586540E+00  1.06379199E+00  1.06196535E+00  1.06030715E+00
  1.05876398E+00  1.05731118E+00  1.05593002E+00  1.05461371E+00  1.05335355E+00
  1.05214906E+00  1.05099130E+00  1.04988050E+00  1.04881203E+00  1.04778171E+00
  1.04678690E+00  1.04582632E+00  1.04489744E+00  1.04399800E+00  1.04312539E+00
  1.04228055E+00  1.04145932E+00  1.04066277E+00  1.03988814E+00  1.03913641E+00
  1.03840590E+00  1.03769445E+00  1.03700340E+00  1.03633213E+00  1.03567958E+00
  1.03504455E+00  1.03442836E+00  1.03382862E+00  1.03324664E+00  1.03268123E+00
  1.03213203E+00  1.03159952E+00  1.03108323E+00  1.03058350E+00  1.03009892E+00
  1.02963018E+00  1.02918005E+00  1.02874267E+00  1.02832353E+00  1.02792060E+00
  1.02753341E+00  1.02716327E+00  1.02680898E+00  1.02647340E+00  1.02615440E+00
  1.02585435E+00  1.02557218E+00  1.02530861E+00  1.02506626E+00  1.02484322E+00
  1.02464163E+00  1.02446139E+00  1.02430570E+00  1.02417171E+00  1.02406073E+00
  1.02397025E+00  1.02390409E+00  1.02385271E+00  1.02380860E+00  1.02375340E+00
  1.02364361E+00  1.02338171E+00  1.02267754E+00  1.02043319E+00  1.01023400E+00
->       3      12       2     100                                 <-   
C-FACTOR                                                                        
 -5.16268616E+01 -5.28640099E+01 -5.32917137E+01 -5.35146332E+01 -5.36561012E+01
 -5.37554436E+01 -5.38298950E+01 -5.38883667E+01 -5.39354172E+01 -5.39742317E+01
 -5.40069809E+01 -5.40349998E+01 -5.40592422E+01 -5.40805550E+01 -5.40992508E+01
 -5.41160736E+01 -5.41311836E+01 -5.41447525E+01 -5.41574287E+01 -5.41689148E+01
 -5.41797791E+01 -5.41902695E+01 -5.42003632E+01 -5.42107964E+01 -5.42215309E+01
 -5.42334900E+01 -5.42470284E+01 -5.42634888E+01 -5.42847939E+01 -5.43146553E+01
 -5.43772507E+01 -5.44337502E+01 -5.44689064E+01 -5.44933472E+01 -5.45124741E+01
 -5.45282478E+01 -5.45420990E+01 -5.45546265E+01 -5.45661621E+01 -5.45768051E+01
 -5.45870056E+01 -5.45964432E+01 -5.46054382E+01 -5.46138268E+01 -5.46219215E+01
 -5.46293564E+01 -5.46364365E+01 -5.46430435E+01 -5.46494026E+01 -5.46552734E+01
 -5.46608315E+01 -5.46660690E+01 -5.46710052E+01 -5.46756248E+01 -5.46799431E+01
 -5.46839523E+01 -5.46876106E+01 -5.46909790E+01 -5.46941643E+01 -5.46968117E+01
 -5.46994324E+01 -5.47016678E+01 -5.47035561E+01 -5.47049751E+01 -5.47061920E+01
 -5.47069969E+01 -5.47075348E+01 -5.47075577E+01 -5.47072716E+01 -5.47064705E+01
 -5.47051468E+01 -5.47033997E+01 -5.47011871E+01 -5.46981697E+01 -5.46947823E+01
 -5.46907578E+01 -5.46856689E+01 -5.46799927E+01 -5.46733131E+01 -5.46656609E+01
 -5.46569824E+01 -5.46470070E+01 -5.46355972E+01 -5.46227455E+01 -5.46080055E+01
 -5.45910530E+01 -5.45717239E+01 -5.45497131E+01 -5.45241585E+01 -5.44945221E+01
 -5.44597054E+01 -5.44185867E+01 -5.43689804E+01 -5.43084717E+01 -5.42322884E+01
 -5.41326485E+01 -5.39951820E+01 -5.37857437E+01 -5.33969688E+01 -5.22831421E+01
->       3      12       2     100                                 <-   
FIXE                                                                            
  1.59154944E+09  1.59154944E+09  1.59154944E+09  1.59154944E+09  1.59154944E+09
  1.59154944E+09  1.59154944E+09  1.59154944E+09  1.59154944E+09  1.59154944E+09
  1.59154944E+09  1.59154944E+09  1.59154944E+09  1.59154944E+09  1.59154944E+09
  1.59154944E+09  1.59154944E+09  1.59154944E+09  1.59154944E+09  1.59154944E+09
  1.59154944E+09  1.59154944E+09  1.59154944E+09  1.59154944E+09  1.59154944E+09
  1.59154944E+09  1.59154944E+09  1.59154944E+09  1.59154944E+09  1.59154944E+09
  0.00000000E+00  0.00000000E+00  0.00000000E+00  0.00000000E+00  0.00000000E+00
  0.00000000E+00  0.00000000E+00  0.00000000E+00  0.00000000E+00  0.00000000E+00
  0.00000000E+00  0.00000000E+00  0.00000000E+00  0.00000000E+00  0.00000000E+00
  0.00000000E+00  0.00000000E+00  0.00000000E+00  0.00000000E+00  0.00000000E+00
  0.00000000E+00  0.00000000E+00  0.00000000E+00  0.00000000E+00  0.00000000E+00
  0.00000000E+00  0.00000000E+00  0.00000000E+00  0.00000000E+00  0.00000000E+00
  0.00000000E+00  0.00000000E+00  0.00000000E+00  0.00000000E+00  0.00000000E+00
  0.00000000E+00  0.00000000E+00  0.00000000E+00  0.00000000E+00  0.00000000E+00
  0.00000000E+00  0.00000000E+00  0.00000000E+00  0.00000000E+00  0.00000000E+00
  0.00000000E+00  0.00000000E+00  0.00000000E+00  0.00000000E+00  0.00000000E+00
  0.00000000E+00  0.00000000E+00  0.00000000E+00  0.00000000E+00  0.00000000E+00
  0.00000000E+00  0.00000000E+00  0.00000000E+00  0.00000000E+00  0.00000000E+00
  0.00000000E+00  0.00000000E+00  0.00000000E+00  0.00000000E+00  0.00000000E+00
  0.00000000E+00  0.00000000E+00  0.00000000E+00  0.00000000E+00  0.00000000E+00
->       3      12       2     100                                 <-   
SCAT00                                                                          
  5.08880472E+00  5.27986050E+00  5.34185457E+00  5.37267780E+00  5.39221191E+00
  5.40528727E+00  5.41522646E+00  5.42340374E+00  5.42921305E+00  5.43443918E+00
  5.43856287E+00  5.44234228E+00  5.44549417E+00  5.44820738E+00  5.45111942E+00
  5.45323277E+00  5.45519972E+00  5.45669174E+00  5.45825720E+00  5.45956039E+00
  5.46158743E+00  5.46298075E+00  5.46421432E+00  5.46569014E+00  5.46715212E+00
  5.46887112E+00  5.47041702E+00  5.47316551E+00  5.47597885E+00  5.48010635E+00
  5.48931742E+00  5.49680185E+00  5.50221109E+00  5.50515604E+00  5.50830936E+00
  5.51070404E+00  5.51280594E+00  5.51448727E+00  5.51670408E+00  5.51849413E+00
  5.51985741E+00  5.52140522E+00  5.52277946E+00  5.52444839E+00  5.52553225E+00
  5.52679968E+00  5.52795792E+00  5.52887535E+00  5.53000450E+00  5.53083801E+00
  5.53186798E+00  5.53247213E+00  5.53361034E+00  5.53411770E+00  5.53530884E+00
  5.53591967E+00  5.53647423E+00  5.53703880E+00  5.53772640E+00  5.53839636E+00
  5.53870964E+00  5.53919601E+00  5.53979492E+00  5.53997850E+00  5.54033089E+00
  5.54065657E+00  5.54063797E+00  5.54098272E+00  5.54078722E+00  5.54110241E+00
  5.54091930E+00  5.54090881E+00  5.54124069E+00  5.54034472E+00  5.54011869E+00
  5.53999710E+00  5.53909206E+00  5.53850269E+00  5.53786325E+00  5.53698874E+00
  5.53627443E+00  5.53469467E+00  5.53306437E+00  5.53161669E+00  5.53050470E+00
  5.52772713E+00  5.52588367E+00  5.52287388E+00  5.51967907E+00  5.51593065E+00
  5.51156330E+00  5.50657129E+00  5.49997759E+00  5.49211121E+00  5.48268318E+00
  5.46973848E+00  5.45192909E+00  5.42440033E+00  5.37230062E+00  5.21637535E+00
->       3      12       1     100                                 <-   
IPOS00                                                                          
         1         2         3         4         5         6         7         8
         9        10        11        12        13        14        15        16
        17        18        19        20        21        22        23        24
        25        26        27        28        29        30        31        32
        33        34        35        36        37        38        39        40
        41        42        43        44        45        46        47        48
        49        50        51        52        53        54        55        56
        57        58        59        60        61        62        63        64
        65        66        67        68        69        70        71        72
        73        74        75        76        77        78        79        80
        81        82        83        84        85        86        87        88
        89        90        91        92        93        94        95        96
        97        98        99       100
->       3      12       1     100                                 <-   
NJJS00                                                                          
         1         1         1         1         1         1         1         1
         1         1         1         1         1         1         1         1
         1         1         1         1         1         1         1         1
         1         1         1         1         1         1         1         1
         1         1         1         1         1         1         1         1
         1         1         1         1         1         1         1         1
         1         1         1         1         1         1         1         1
         1         1         1         1         1         1         1         1
         1         1         1         1         1         1         1         1
         1         1         1         1         1         1         1         1
         1         1         1         1         1         1         1         1
         1         1         1         1         1         1         1         1
         1         1         1         1
->       3      12       1     100                                 <-   
IJJS00                                                                          
         1         1         1         1         1         1         1         1
         1         1         1         1         1         1         1         1
         1         1         1         1         1         1         1         1
         1         1         1         1         1         1         1         1
         1         1         1         1         1         1         1         1
         1         1         1         1         1         1         1         1
         1         1         1         1         1         1         1         1
         1         1         1         1         1         1         1         1
         1         1         1         1         1         1         1         1
         1         1         1         1         1         1         1         1
         1         1         1         1         1         1         1         1
         1         1         1         1         1         1         1         1
         1         1         1         1
->       3      12       2     100                                 <-   
SCAT01                                                                          
  1.62084436E+00  1.67476618E+00  1.69239736E+00  1.70119655E+00  1.70680022E+00
  1.71054101E+00  1.71337521E+00  1.71573007E+00  1.71737850E+00  1.71886778E+00
  1.72004545E+00  1.72112179E+00  1.72201478E+00  1.72278237E+00  1.72362602E+00
  1.72421896E+00  1.72477162E+00  1.72517526E+00  1.72561336E+00  1.72596765E+00
  1.72654510E+00  1.72692537E+00  1.72726381E+00  1.72767007E+00  1.72806823E+00
  1.72854018E+00  1.72895658E+00  1.72972596E+00  1.73048222E+00  1.73161829E+00
  1.73415494E+00  1.73616552E+00  1.73763585E+00  1.73837948E+00  1.73921537E+00
  1.73984277E+00  1.74037921E+00  1.74078965E+00  1.74137139E+00  1.74183238E+00
  1.74215889E+00  1.74254954E+00  1.74289429E+00  1.74332905E+00  1.74358702E+00
  1.74391401E+00  1.74419701E+00  1.74441171E+00  1.74469602E+00  1.74488616E+00
  1.74515152E+00  1.74527931E+00  1.74557531E+00  1.74567640E+00  1.74599445E+00
  1.74612474E+00  1.74625480E+00  1.74638569E+00  1.74655688E+00  1.74671626E+00
  1.74677122E+00  1.74688721E+00  1.74702799E+00  1.74704993E+00  1.74712920E+00
  1.74719727E+00  1.74716222E+00  1.74723375E+00  1.74714923E+00  1.74723399E+00
  1.74715495E+00  1.74712288E+00  1.74722052E+00  1.74691486E+00  1.74683404E+00
  1.74678695E+00  1.74649048E+00  1.74630976E+00  1.74611247E+00  1.74584913E+00
  1.74562967E+00  1.74516046E+00  1.74466646E+00  1.74424291E+00  1.74392366E+00
  1.74309230E+00  1.74256957E+00  1.74169195E+00  1.74076557E+00  1.73968756E+00
  1.73842800E+00  1.73698699E+00  1.73508167E+00  1.73282158E+00  1.73012018E+00
  1.72640002E+00  1.72129381E+00  1.71340513E+00  1.69851160E+00  1.65411246E+00
->       3      12       1     100                                 <-   
IPOS01                                                                          
         1         2         3         4         5         6         7         8
         9        10        11        12        13        14        15        16
        17        18        19        20        21        22        23        24
        25        26        27        28        29        30        31        32
        33        34        35        36        37        38        39        40
        41        42        43        44        45        46        47        48
        49        50        51        52        53        54        55        56
        57        58        59        60        61        62        63        64
        65        66        67        68        69        70        71        72
        73        74        75        76        77        78        79        80
        81        82        83        84        85        86        87        88
        89        90        91        92        93        94        95        96
        97        98        99       100
->       3      12       1     100                                 <-   
NJJS01                                                                          
         1         1         1         1         1         1         1         1
         1         1         1         1         1         1         1         1
         1         1         1         1         1         1         1         1
         1         1         1         1         1         1         1         1
         1         1         1         1         1         1         1         1
         1         1         1         1         1         1         1         1
         1         1         1         1         1         1         1         1
         1         1         1         1         1         1         1         1
         1         1         1         1         1         1         1         1
         1         1         1         1         1         1         1         1
         1         1         1         1         1         1         1         1
         1         1         1         1         1         1         1         1
         1         1         1         1
->       3      12       1     100                                 <-   
IJJS01                                                                          
         1         1         1         1         1         1         1         1
         1         1         1         1         1         1         1         1
         1         1         1         1         1         1         1         1
         1         1         1         1         1         1         1         1
         1         1         1         1         1         1         1         1
         1         1         1         1         1         1         1         1
         1         1         1         1         1         1         1         1
         1         1         1         1         1         1         1         1
         1         1         1         1         1         1         1         1
         1         1         1         1         1         1         1         1
         1         1         1         1         1         1         1         1
         1         1         1         1         1         1         1         1
         1         1         1         1
->       3      12       2     100                                 <-   
SIGW01                                                                          
  1.62084436E+00  1.67476618E+00  1.69239736E+00  1.70119655E+00  1.70680022E+00
  1.71054101E+00  1.71337521E+00  1.71573007E+00  1.71737850E+00  1.71886778E+00
  1.72004545E+00  1.72112179E+00  1.72201478E+00  1.72278237E+00  1.72362602E+00
  1.72421896E+00  1.72477162E+00  1.72517526E+00  1.72561336E+00  1.72596765E+00
  1.72654510E+00  1.72692537E+00  1.72726381E+00  1.72767007E+00  1.72806823E+00
  1.72854018E+00  1.72895658E+00  1.72972596E+00  1.73048222E+00  1.73161829E+00
  1.73415494E+00  1.73616552E+00  1.73763585E+00  1.73837948E+00  1.73921537E+00
  1.73984277E+00  1.74037921E+00  1.74078965E+00  1.74137139E+00  1.74183238E+00
  1.74215889E+00  1.74254954E+00  1.74289429E+00  1.74332905E+00  1.74358702E+00
  1.74391401E+00  1.74419701E+00  1.74441171E+00  1.74469602E+00  1.74488616E+00
  1.74515152E+00  1.74527931E+00  1.74557531E+00  1.74567640E+00  1.74599445E+00
  1.74612474E+00  1.74625480E+00  1.74638569E+00  1.74655688E+00  1.74671626E+00
  1.74677122E+00  1.74688721E+00  1.74702799E+00  1.74704993E+00  1.74712920E+00
  1.74719727E+00  1.74716222E+00  1.74723375E+00  1.74714923E+00  1.74723399E+00
  1.74715495E+00  1.74712288E+00  1.74722052E+00  1.74691486E+00  1.74683404E+00
  1.74678695E+00  1.74649048E+00  1.74630976E+00  1.74611247E+00  1.74584913E+00
  1.74562967E+00  1.74516046E+00  1.74466646E+00  1.74424291E+00  1.74392366E+00
  1.74309230E+00  1.74256957E+00  1.74169195E+00  1.74076557E+00  1.73968756E+00
  1.73842800E+00  1.73698699E+00  1.73508167E+00  1.73282158E+00  1.73012018E+00
  1.72640002E+00  1.72129381E+00  1.71340513E+00  1.69851160E+00  1.65411246E+00
->       3      12       2     200                                 <-   
ESTOPW                                                                          
  1.49662828E+00  1.49662828E+00  1.49662828E+00  1.49662828E+00  1.49662817E+00
  1.49662828E+00  1.49662828E+00  1.49662828E+00  1.49662828E+00  1.49662828E+00
  1.49662828E+00  1.49662817E+00  1.49662828E+00  1.49662828E+00  1.49662840E+00
  1.49662828E+00  1.49662817E+00  1.49662828E+00  1.49662828E+00  1.49662828E+00
  1.49662828E+00  1.49662817E+00  1.49662817E+00  1.49662840E+00  1.49662817E+00
  1.49662817E+00  1.49662817E+00  1.49662817E+00  1.49662817E+00  1.49662828E+00
  1.49662817E+00  1.49662828E+00  1.49662840E+00  1.49662817E+00  1.49662828E+00
  1.49662817E+00  1.49662817E+00  1.49662840E+00  1.49662817E+00  1.49662828E+00
  1.49662828E+00  1.49662828E+00  1.49662828E+00  1.49662828E+00  1.49662828E+00
  1.49662840E+00  1.49662828E+00  1.49662828E+00  1.49662828E+00  1.49662828E+00
  1.49662828E+00  1.49662828E+00  1.49662817E+00  1.49662828E+00  1.49662828E+00
  1.49662817E+00  1.49662828E+00  1.49662828E+00  1.49662817E+00  1.49662828E+00
  1.49662828E+00  1.49662817E+00  1.49662817E+00  1.49662828E+00  1.49662817E+00
  1.49662828E+00  1.49662828E+00  1.49662828E+00  1.49662828E+00  1.49662828E+00
  1.49662828E+00  1.49662828E+00  1.49662817E+00  1.49662817E+00  1.49662828E+00
  1.49662828E+00  1.49662817E+00  1.49662828E+00  1.49662828E+00  1.49662828E+00
  1.49662828E+00  1.49662828E+00  1.49662828E+00  1.49662817E+00  1.49662817E+00
  1.49662828E+00  1.49662828E+00  1.49662828E+00  1.49662817E+00  1.49662817E+00
  1.49662828E+00  1.49662817E+00  1.49662828E+00  1.49662817E+00  1.49662817E+00
  1.49662828E+00  1.49662817E+00  1.49662828E+00  1.49662828E+00  1.49662817E+00
  3.65451431E+01  3.65451431E+01  3.65451431E+01  3.65451393E+01  3.65451431E+01
  3.65451431E+01  3.65451431E+01  3.65451431E+01  3.65451393E+01  3.65451431E+01
  3.65451431E+01  3.65451431E+01  3.65451431E+01  3.65451431E+01  3.65451469E+01
  3.65451469E+01  3.65451431E+01  3.65451431E+01  3.65451431E+01  3.65451393E+01
  3.65451469E+01  3.65451431E+01  3.65451393E+01  3.65451431E+01  3.65451393E+01
  3.65451431E+01  3.65451393E+01  3.65451393E+01  3.65451393E+01  3.65451431E+01
  3.65451393E+01  3.65451431E+01  3.65451469E+01  3.65451393E+01  3.65451431E+01
  3.65451393E+01  3.65451469E+01  3.65451431E+01  3.65451393E+01  3.65451431E+01
  3.65451431E+01  3.65451431E+01  3.65451431E+01  3.65451431E+01  3.65451431E+01
  3.65451431E+01  3.65451431E+01  3.65451431E+01  3.65451431E+01  3.65451431E+01
  3.65451431E+01  3.65451431E+01  3.65451431E+01  3.65451431E+01  3.65451431E+01
  3.65451431E+01  3.65451431E+01  3.65451431E+01  3.65451393E+01  3.65451431E+01
  3.65451431E+01  3.65451431E+01  3.65451431E+01  3.65451431E+01  3.65451431E+01
  3.65451393E+01  3.65451431E+01  3.65451393E+01  3.65451393E+01  3.65451393E+01
  3.65451431E+01  3.65451393E+01  3.65451431E+01  3.65451431E+01  3.65451431E+01
  3.65451393E+01  3.65451431E+01  3.65451431E+01  3.65451431E+01  3.65451431E+01
  3.65451431E+01  3.65451393E+01  3.65451431E+01  3.65451431E+01  3.65451393E+01
  3.65451393E+01  3.65451393E+01  3.65451393E+01  3.65451393E+01  3.65451393E+01
  3.65451393E+01  3.65451431E+01  3.65451431E+01  3.65451393E+01  3.65451393E+01
  3.65451393E+01  3.65451431E+01  3.65451431E+01  3.65451393E+01  3.65451431E+01
->      -3       0       0       0                                 <-   
->       1      12       2       2                                 <-   
ENERGY                                                                          
  2.03334000E+07  1.00000000E+03
->       1      12       3       3                                 <-   
PARTICLE                                                                        
         4         4         4
B       @ 2
->       1      12       1      40                                 <-   
STATE-VECTOR                                                                    
         1       100         2         1         0         0         0         0
         0         0         0         0         0         0         0         0
         0         0         0         0         0         0         0         0
         0         0         0         0         0         0         0         0
         0         0         0         0         0         0         0         0
->      -1       0       0       0                                 <-   
