->       1      12       1       2                                 <-   
MIX                                                                             
         1         2
->       1      12       2       3                                 <-   
MESHX                                                                           
  0.00000000E+00  3.00000012E-01  2.00000000E+00
->       1      12       1       2                                 <-   
SPLITX                                                                          
        30        70
->       1      12       3       3                                 <-   
SIGNATURE                                                                       
         4         4         4
L_GEOM      
->       1      12       1      40                                 <-   
STATE-VECTOR                                                                    
         2         0         2         0         0         2         2         0
         0         0         1         0         0         0         0         0
         0         0         0         0         0         0         0         0
         0         0         0         0         0         0         0         0
         0         0         0         0         0         0         0         0
->       1      12       1       6                                 <-   
NCODE                                                                           
         1         1         0         0         0         0
->       1      12       2       6                                 <-   
ZCODE                                                                           
  0.00000000E+00  0.00000000E+00  0.00000000E+00  0.00000000E+00  0.00000000E+00
  0.00000000E+00
->       1      12       1       6                                 <-   
ICODE                                                                           
         0         0         0         0         0         0
->      -1       0       0       0                                 <-   
