->       1      12       3       3                                 <-   
SIGNATURE                                                                       
         4         4         4
L_PIJ       
->       1      12       3       3                                 <-   
LINK.MACRO                                                                      
         4         4         4
MACRO       
->       1      12       3       3                                 <-   
LINK.TRACK                                                                      
         4         4         4
TRACK       
->       1      12       1      40                                 <-   
STATE-VECTOR                                                                    
         1         1         1         0         1         1         4        80
     13200         2         2         0         2         0         0         0
         0         0         0         0         0         0         0         0
         0         0         0         0         0         0         0         0
         0         0         0         0         0         0         0         0
->       1      12      10      80                                 <-   
GROUP                                                                           
->       2       0       0      -1                                 <-   00000001
->       3      12       2       3                                 <-   
DRAGON-TXSC                                                                     
  0.00000000E+00  1.00627697E+00  1.00627697E+00
->       3      12       2       6                                 <-   
DRAGON-S0XSC                                                                    
  0.00000000E+00  8.01111400E-01  8.01111400E-01  0.00000000E+00  5.21046817E-01
  5.21046817E-01
->       3      12       2       1                                 <-   
DRAGON-ECUTO                                                                    
  1.00000005E-03
->       3      12       2       6                                 <-   
DRAGON-ESTOP                                                                    
  0.00000000E+00  2.70222437E+03  2.70222437E+03  0.00000000E+00  2.71412842E+03
  2.71412842E+03
->       3      12       2       1                                 <-   
DRAGON-DELTE                                                                    
  3.02249998E-01
->      -3       0       0       0                                 <-   
->       2       0       0      -1                                 <-   00000002
->       3      12       2       3                                 <-   
DRAGON-TXSC                                                                     
  0.00000000E+00  1.16533613E+00  1.16533613E+00
->       3      12       2       6                                 <-   
DRAGON-S0XSC                                                                    
  0.00000000E+00  9.43015635E-01  9.43015635E-01  0.00000000E+00  6.13015532E-01
  6.13015532E-01
->       3      12       2       1                                 <-   
DRAGON-ECUTO                                                                    
  1.00000005E-03
->       3      12       2       6                                 <-   
DRAGON-ESTOP                                                                    
  0.00000000E+00  2.71412842E+03  2.71412842E+03  0.00000000E+00  2.72961108E+03
  2.72961108E+03
->       3      12       2       1                                 <-   
DRAGON-DELTE                                                                    
  2.73299992E-01
->      -3       0       0       0                                 <-   
->       2       0       0      -1                                 <-   00000003
->       3      12       2       3                                 <-   
DRAGON-TXSC                                                                     
  0.00000000E+00  1.34997320E+00  1.34997320E+00
->       3      12       2       6                                 <-   
DRAGON-S0XSC                                                                    
  0.00000000E+00  1.10861552E+00  1.10861552E+00  0.00000000E+00  7.20238686E-01
  7.20238686E-01
->       3      12       2       1                                 <-   
DRAGON-ECUTO                                                                    
  1.00000005E-03
->       3      12       2       6                                 <-   
DRAGON-ESTOP                                                                    
  0.00000000E+00  2.72961108E+03  2.72961108E+03  0.00000000E+00  2.74885864E+03
  2.74885864E+03
->       3      12       2       1                                 <-   
DRAGON-DELTE                                                                    
  2.47119993E-01
->      -3       0       0       0                                 <-   
->       2       0       0      -1                                 <-   00000004
->       3      12       2       3                                 <-   
DRAGON-TXSC                                                                     
  0.00000000E+00  1.56408238E+00  1.56408238E+00
->       3      12       2       6                                 <-   
DRAGON-S0XSC                                                                    
  0.00000000E+00  1.30159044E+00  1.30159044E+00  0.00000000E+00  8.45069051E-01
  8.45069051E-01
->       3      12       2       1                                 <-   
DRAGON-ECUTO                                                                    
  1.00000005E-03
->       3      12       2       6                                 <-   
DRAGON-ESTOP                                                                    
  0.00000000E+00  2.74885864E+03  2.74885864E+03  0.00000000E+00  2.77233838E+03
  2.77233838E+03
->       3      12       2       1                                 <-   
DRAGON-DELTE                                                                    
  2.23440006E-01
->      -3       0       0       0                                 <-   
->       2       0       0      -1                                 <-   00000005
->       3      12       2       3                                 <-   
DRAGON-TXSC                                                                     
  0.00000000E+00  1.81214118E+00  1.81214118E+00
->       3      12       2       6                                 <-   
DRAGON-S0XSC                                                                    
  0.00000000E+00  1.52617419E+00  1.52617419E+00  0.00000000E+00  9.90209818E-01
  9.90209818E-01
->       3      12       2       1                                 <-   
DRAGON-ECUTO                                                                    
  1.00000005E-03
->       3      12       2       6                                 <-   
DRAGON-ESTOP                                                                    
  0.00000000E+00  2.77233838E+03  2.77233838E+03  0.00000000E+00  2.80034351E+03
  2.80034351E+03
->       3      12       2       1                                 <-   
DRAGON-DELTE                                                                    
  2.02030003E-01
->      -3       0       0       0                                 <-   
->       2       0       0      -1                                 <-   00000006
->       3      12       2       3                                 <-   
DRAGON-TXSC                                                                     
  0.00000000E+00  2.09832907E+00  2.09832907E+00
->       3      12       2       6                                 <-   
DRAGON-S0XSC                                                                    
  0.00000000E+00  1.78621757E+00  1.78621757E+00  0.00000000E+00  1.15846777E+00
  1.15846777E+00
->       3      12       2       1                                 <-   
DRAGON-ECUTO                                                                    
  1.00000005E-03
->       3      12       2       6                                 <-   
DRAGON-ESTOP                                                                    
  0.00000000E+00  2.80034351E+03  2.80034351E+03  0.00000000E+00  2.83314526E+03
  2.83314526E+03
->       3      12       2       1                                 <-   
DRAGON-DELTE                                                                    
  1.82679996E-01
->      -3       0       0       0                                 <-   
->       2       0       0      -1                                 <-   00000007
->       3      12       2       3                                 <-   
DRAGON-TXSC                                                                     
  0.00000000E+00  2.42980242E+00  2.42980242E+00
->       3      12       2       6                                 <-   
DRAGON-S0XSC                                                                    
  0.00000000E+00  2.08857369E+00  2.08857369E+00  0.00000000E+00  1.35380244E+00
  1.35380244E+00
->       3      12       2       1                                 <-   
DRAGON-ECUTO                                                                    
  1.00000005E-03
->       3      12       2       6                                 <-   
DRAGON-ESTOP                                                                    
  0.00000000E+00  2.83314526E+03  2.83314526E+03  0.00000000E+00  2.87148828E+03
  2.87148828E+03
->       3      12       2       1                                 <-   
DRAGON-DELTE                                                                    
  1.65169999E-01
->      -3       0       0       0                                 <-   
->       2       0       0      -1                                 <-   00000008
->       3      12       2       3                                 <-   
DRAGON-TXSC                                                                     
  0.00000000E+00  2.81367970E+00  2.81367970E+00
->       3      12       2       6                                 <-   
DRAGON-S0XSC                                                                    
  0.00000000E+00  2.43987584E+00  2.43987584E+00  0.00000000E+00  1.58041573E+00
  1.58041573E+00
->       3      12       2       1                                 <-   
DRAGON-ECUTO                                                                    
  1.00000005E-03
->       3      12       2       6                                 <-   
DRAGON-ESTOP                                                                    
  0.00000000E+00  2.87148828E+03  2.87148828E+03  0.00000000E+00  2.91582520E+03
  2.91582520E+03
->       3      12       2       1                                 <-   
DRAGON-DELTE                                                                    
  1.49360001E-01
->      -3       0       0       0                                 <-   
->       2       0       0      -1                                 <-   00000009
->       3      12       2       3                                 <-   
DRAGON-TXSC                                                                     
  0.00000000E+00  3.25804543E+00  3.25804543E+00
->       3      12       2       6                                 <-   
DRAGON-S0XSC                                                                    
  0.00000000E+00  2.84778309E+00  2.84778309E+00  0.00000000E+00  1.84315443E+00
  1.84315443E+00
->       3      12       2       1                                 <-   
DRAGON-ECUTO                                                                    
  1.00000005E-03
->       3      12       2       6                                 <-   
DRAGON-ESTOP                                                                    
  0.00000000E+00  2.91582520E+03  2.91582520E+03  0.00000000E+00  2.96678687E+03
  2.96678687E+03
->       3      12       2       1                                 <-   
DRAGON-DELTE                                                                    
  1.35040000E-01
->      -3       0       0       0                                 <-   
->       2       0       0      -1                                 <-   00000010
->       3      12       2       3                                 <-   
DRAGON-TXSC                                                                     
  0.00000000E+00  3.77243781E+00  3.77243781E+00
->       3      12       2       6                                 <-   
DRAGON-S0XSC                                                                    
  0.00000000E+00  3.32119012E+00  3.32119012E+00  0.00000000E+00  2.14766359E+00
  2.14766359E+00
->       3      12       2       1                                 <-   
DRAGON-ECUTO                                                                    
  1.00000005E-03
->       3      12       2       6                                 <-   
DRAGON-ESTOP                                                                    
  0.00000000E+00  2.96678687E+03  2.96678687E+03  0.00000000E+00  3.02502124E+03
  3.02502124E+03
->       3      12       2       1                                 <-   
DRAGON-DELTE                                                                    
  1.22110002E-01
->      -3       0       0       0                                 <-   
->       2       0       0      -1                                 <-   00000011
->       3      12       2       3                                 <-   
DRAGON-TXSC                                                                     
  0.00000000E+00  4.36787605E+00  4.36787605E+00
->       3      12       2       6                                 <-   
DRAGON-S0XSC                                                                    
  0.00000000E+00  3.87049389E+00  3.87049389E+00  0.00000000E+00  2.50052810E+00
  2.50052810E+00
->       3      12       2       1                                 <-   
DRAGON-ECUTO                                                                    
  1.00000005E-03
->       3      12       2       6                                 <-   
DRAGON-ESTOP                                                                    
  0.00000000E+00  3.02502124E+03  3.02502124E+03  0.00000000E+00  3.09140088E+03
  3.09140088E+03
->       3      12       2       1                                 <-   
DRAGON-DELTE                                                                    
  1.10399999E-01
->      -3       0       0       0                                 <-   
->       2       0       0      -1                                 <-   00000012
->       3      12       2       3                                 <-   
DRAGON-TXSC                                                                     
  0.00000000E+00  5.05729246E+00  5.05729246E+00
->       3      12       2       6                                 <-   
DRAGON-S0XSC                                                                    
  0.00000000E+00  4.50778866E+00  4.50778866E+00  0.00000000E+00  2.90943360E+00
  2.90943360E+00
->       3      12       2       1                                 <-   
DRAGON-ECUTO                                                                    
  1.00000005E-03
->       3      12       2       6                                 <-   
DRAGON-ESTOP                                                                    
  0.00000000E+00  3.09140088E+03  3.09140088E+03  0.00000000E+00  3.16644873E+03
  3.16644873E+03
->       3      12       2       1                                 <-   
DRAGON-DELTE                                                                    
  9.98340026E-02
->      -3       0       0       0                                 <-   
->       2       0       0      -1                                 <-   00000013
->       3      12       2       3                                 <-   
DRAGON-TXSC                                                                     
  0.00000000E+00  5.85500050E+00  5.85500050E+00
->       3      12       2       6                                 <-   
DRAGON-S0XSC                                                                    
  0.00000000E+00  5.24634457E+00  5.24634457E+00  0.00000000E+00  3.38314795E+00
  3.38314795E+00
->       3      12       2       1                                 <-   
DRAGON-ECUTO                                                                    
  1.00000005E-03
->       3      12       2       6                                 <-   
DRAGON-ESTOP                                                                    
  0.00000000E+00  3.16644873E+03  3.16644873E+03  0.00000000E+00  3.25170483E+03
  3.25170483E+03
->       3      12       2       1                                 <-   
DRAGON-DELTE                                                                    
  9.02659968E-02
->      -3       0       0       0                                 <-   
->       2       0       0      -1                                 <-   00000014
->       3      12       2       3                                 <-   
DRAGON-TXSC                                                                     
  0.00000000E+00  6.78129530E+00  6.78129530E+00
->       3      12       2       6                                 <-   
DRAGON-S0XSC                                                                    
  0.00000000E+00  6.10538912E+00  6.10538912E+00  0.00000000E+00  3.93305182E+00
  3.93305182E+00
->       3      12       2       1                                 <-   
DRAGON-ECUTO                                                                    
  1.00000005E-03
->       3      12       2       6                                 <-   
DRAGON-ESTOP                                                                    
  0.00000000E+00  3.25170483E+03  3.25170483E+03  0.00000000E+00  3.34807739E+03
  3.34807739E+03
->       3      12       2       1                                 <-   
DRAGON-DELTE                                                                    
  8.16180035E-02
->      -3       0       0       0                                 <-   
->       2       0       0      -1                                 <-   00000015
->       3      12       2       3                                 <-   
DRAGON-TXSC                                                                     
  0.00000000E+00  7.85784340E+00  7.85784340E+00
->       3      12       2       6                                 <-   
DRAGON-S0XSC                                                                    
  0.00000000E+00  7.10510731E+00  7.10510731E+00  0.00000000E+00  4.57184649E+00
  4.57184649E+00
->       3      12       2       1                                 <-   
DRAGON-ECUTO                                                                    
  1.00000005E-03
->       3      12       2       6                                 <-   
DRAGON-ESTOP                                                                    
  0.00000000E+00  3.34807739E+03  3.34807739E+03  0.00000000E+00  3.45679199E+03
  3.45679199E+03
->       3      12       2       1                                 <-   
DRAGON-DELTE                                                                    
  7.37989992E-02
->      -3       0       0       0                                 <-   
->       2       0       0      -1                                 <-   00000016
->       3      12       2       3                                 <-   
DRAGON-TXSC                                                                     
  0.00000000E+00  9.11042023E+00  9.11042023E+00
->       3      12       2       6                                 <-   
DRAGON-S0XSC                                                                    
  0.00000000E+00  8.26956272E+00  8.26956272E+00  0.00000000E+00  5.31458950E+00
  5.31458950E+00
->       3      12       2       1                                 <-   
DRAGON-ECUTO                                                                    
  1.00000005E-03
->       3      12       2       6                                 <-   
DRAGON-ESTOP                                                                    
  0.00000000E+00  3.45679199E+03  3.45679199E+03  0.00000000E+00  3.57922412E+03
  3.57922412E+03
->       3      12       2       1                                 <-   
DRAGON-DELTE                                                                    
  6.67290017E-02
->      -3       0       0       0                                 <-   
->       2       0       0      -1                                 <-   00000017
->       3      12       2       3                                 <-   
DRAGON-TXSC                                                                     
  0.00000000E+00  1.05627861E+01  1.05627861E+01
->       3      12       2       6                                 <-   
DRAGON-S0XSC                                                                    
  0.00000000E+00  9.62058353E+00  9.62058353E+00  0.00000000E+00  6.17725182E+00
  6.17725182E+00
->       3      12       2       1                                 <-   
DRAGON-ECUTO                                                                    
  1.00000005E-03
->       3      12       2       6                                 <-   
DRAGON-ESTOP                                                                    
  0.00000000E+00  3.57922412E+03  3.57922412E+03  0.00000000E+00  3.71689185E+03
  3.71689185E+03
->       3      12       2       1                                 <-   
DRAGON-DELTE                                                                    
  6.03349991E-02
->      -3       0       0       0                                 <-   
->       2       0       0      -1                                 <-   00000018
->       3      12       2       3                                 <-   
DRAGON-TXSC                                                                     
  0.00000000E+00  1.22625284E+01  1.22625284E+01
->       3      12       2       6                                 <-   
DRAGON-S0XSC                                                                    
  0.00000000E+00  1.12031889E+01  1.12031889E+01  0.00000000E+00  7.18426180E+00
  7.18426180E+00
->       3      12       2       1                                 <-   
DRAGON-ECUTO                                                                    
  1.00000005E-03
->       3      12       2       6                                 <-   
DRAGON-ESTOP                                                                    
  0.00000000E+00  3.71689185E+03  3.71689185E+03  0.00000000E+00  3.87147217E+03
  3.87147217E+03
->       3      12       2       1                                 <-   
DRAGON-DELTE                                                                    
  5.45560010E-02
->      -3       0       0       0                                 <-   
->       2       0       0      -1                                 <-   00000019
->       3      12       2       3                                 <-   
DRAGON-TXSC                                                                     
  0.00000000E+00  1.42505846E+01  1.42505846E+01
->       3      12       2       6                                 <-   
DRAGON-S0XSC                                                                    
  0.00000000E+00  1.30554867E+01  1.30554867E+01  0.00000000E+00  8.36018372E+00
  8.36018372E+00
->       3      12       2       1                                 <-   
DRAGON-ECUTO                                                                    
  1.00000005E-03
->       3      12       2       6                                 <-   
DRAGON-ESTOP                                                                    
  0.00000000E+00  3.87147217E+03  3.87147217E+03  0.00000000E+00  4.04424707E+03
  4.04424707E+03
->       3      12       2       1                                 <-   
DRAGON-DELTE                                                                    
  4.93290015E-02
->      -3       0       0       0                                 <-   
->       2       0       0      -1                                 <-   00000020
->       3      12       2       3                                 <-   
DRAGON-TXSC                                                                     
  0.00000000E+00  1.65790882E+01  1.65790882E+01
->       3      12       2       6                                 <-   
DRAGON-S0XSC                                                                    
  0.00000000E+00  1.52259808E+01  1.52259808E+01  0.00000000E+00  9.73521137E+00
  9.73521137E+00
->       3      12       2       1                                 <-   
DRAGON-ECUTO                                                                    
  1.00000005E-03
->       3      12       2       6                                 <-   
DRAGON-ESTOP                                                                    
  0.00000000E+00  4.04424707E+03  4.04424707E+03  0.00000000E+00  4.18301465E+03
  4.18301465E+03
->       3      12       2       1                                 <-   
DRAGON-DELTE                                                                    
  4.46019992E-02
->      -3       0       0       0                                 <-   
->       2       0       0      -1                                 <-   00000021
->       3      12       2       3                                 <-   
DRAGON-TXSC                                                                     
  0.00000000E+00  1.93103256E+01  1.93103256E+01
->       3      12       2       6                                 <-   
DRAGON-S0XSC                                                                    
  0.00000000E+00  1.77727795E+01  1.77727795E+01  0.00000000E+00  1.13453789E+01
  1.13453789E+01
->       3      12       2       1                                 <-   
DRAGON-ECUTO                                                                    
  1.00000005E-03
->       3      12       2       6                                 <-   
DRAGON-ESTOP                                                                    
  0.00000000E+00  4.18301465E+03  4.18301465E+03  0.00000000E+00  4.29951074E+03
  4.29951074E+03
->       3      12       2       1                                 <-   
DRAGON-DELTE                                                                    
  4.03300002E-02
->      -3       0       0       0                                 <-   
->       2       0       0      -1                                 <-   00000022
->       3      12       2       3                                 <-   
DRAGON-TXSC                                                                     
  0.00000000E+00  2.25088291E+01  2.25088291E+01
->       3      12       2       6                                 <-   
DRAGON-S0XSC                                                                    
  0.00000000E+00  2.07551117E+01  2.07551117E+01  0.00000000E+00  1.32310534E+01
  1.32310534E+01
->       3      12       2       1                                 <-   
DRAGON-ECUTO                                                                    
  1.00000005E-03
->       3      12       2       6                                 <-   
DRAGON-ESTOP                                                                    
  0.00000000E+00  4.29951074E+03  4.29951074E+03  0.00000000E+00  4.43252637E+03
  4.43252637E+03
->       3      12       2       1                                 <-   
DRAGON-DELTE                                                                    
  3.64659987E-02
->      -3       0       0       0                                 <-   
->       2       0       0      -1                                 <-   00000023
->       3      12       2       3                                 <-   
DRAGON-TXSC                                                                     
  0.00000000E+00  2.62757473E+01  2.62757473E+01
->       3      12       2       6                                 <-   
DRAGON-S0XSC                                                                    
  0.00000000E+00  2.42679577E+01  2.42679577E+01  0.00000000E+00  1.54467163E+01
  1.54467163E+01
->       3      12       2       1                                 <-   
DRAGON-ECUTO                                                                    
  1.00000005E-03
->       3      12       2       6                                 <-   
DRAGON-ESTOP                                                                    
  0.00000000E+00  4.43252637E+03  4.43252637E+03  0.00000000E+00  4.58331836E+03
  4.58331836E+03
->       3      12       2       1                                 <-   
DRAGON-DELTE                                                                    
  3.29729989E-02
->      -3       0       0       0                                 <-   
->       2       0       0      -1                                 <-   00000024
->       3      12       2       3                                 <-   
DRAGON-TXSC                                                                     
  0.00000000E+00  3.07182446E+01  3.07182446E+01
->       3      12       2       6                                 <-   
DRAGON-S0XSC                                                                    
  0.00000000E+00  2.84109745E+01  2.84109745E+01  0.00000000E+00  1.80537338E+01
  1.80537338E+01
->       3      12       2       1                                 <-   
DRAGON-ECUTO                                                                    
  1.00000005E-03
->       3      12       2       6                                 <-   
DRAGON-ESTOP                                                                    
  0.00000000E+00  4.58331836E+03  4.58331836E+03  0.00000000E+00  4.75324805E+03
  4.75324805E+03
->       3      12       2       1                                 <-   
DRAGON-DELTE                                                                    
  2.98129991E-02
->      -3       0       0       0                                 <-   
->       2       0       0      -1                                 <-   00000025
->       3      12       2       3                                 <-   
DRAGON-TXSC                                                                     
  0.00000000E+00  3.59644547E+01  3.59644547E+01
->       3      12       2       6                                 <-   
DRAGON-S0XSC                                                                    
  0.00000000E+00  3.33032303E+01  3.33032303E+01  0.00000000E+00  2.11254139E+01
  2.11254139E+01
->       3      12       2       1                                 <-   
DRAGON-ECUTO                                                                    
  1.00000005E-03
->       3      12       2       6                                 <-   
DRAGON-ESTOP                                                                    
  0.00000000E+00  4.75324805E+03  4.75324805E+03  0.00000000E+00  4.94268408E+03
  4.94268408E+03
->       3      12       2       1                                 <-   
DRAGON-DELTE                                                                    
  2.69569997E-02
->      -3       0       0       0                                 <-   
->       2       0       0      -1                                 <-   00000026
->       3      12       2       3                                 <-   
DRAGON-TXSC                                                                     
  0.00000000E+00  4.16762009E+01  4.16762009E+01
->       3      12       2       6                                 <-   
DRAGON-S0XSC                                                                    
  0.00000000E+00  3.85952263E+01  3.85952263E+01  0.00000000E+00  2.44177818E+01
  2.44177818E+01
->       3      12       2       1                                 <-   
DRAGON-ECUTO                                                                    
  1.00000005E-03
->       3      12       2       6                                 <-   
DRAGON-ESTOP                                                                    
  0.00000000E+00  4.94268408E+03  4.94268408E+03  0.00000000E+00  5.15545703E+03
  5.15545703E+03
->       3      12       2       1                                 <-   
DRAGON-DELTE                                                                    
  2.43749991E-02
->      -3       0       0       0                                 <-   
->       2       0       0      -1                                 <-   00000027
->       3      12       2       3                                 <-   
DRAGON-TXSC                                                                     
  0.00000000E+00  4.89313507E+01  4.89313507E+01
->       3      12       2       6                                 <-   
DRAGON-S0XSC                                                                    
  0.00000000E+00  4.53516655E+01  4.53516655E+01  0.00000000E+00  2.86387482E+01
  2.86387482E+01
->       3      12       2       1                                 <-   
DRAGON-ECUTO                                                                    
  1.00000005E-03
->       3      12       2       6                                 <-   
DRAGON-ESTOP                                                                    
  0.00000000E+00  5.15545703E+03  5.15545703E+03  0.00000000E+00  5.39232422E+03
  5.39232422E+03
->       3      12       2       1                                 <-   
DRAGON-DELTE                                                                    
  2.20400002E-02
->      -3       0       0       0                                 <-   
->       2       0       0      -1                                 <-   00000028
->       3      12       2       3                                 <-   
DRAGON-TXSC                                                                     
  0.00000000E+00  5.75260353E+01  5.75260353E+01
->       3      12       2       6                                 <-   
DRAGON-S0XSC                                                                    
  0.00000000E+00  5.33517265E+01  5.33517265E+01  0.00000000E+00  3.36271248E+01
  3.36271248E+01
->       3      12       2       1                                 <-   
DRAGON-ECUTO                                                                    
  1.00000005E-03
->       3      12       2       6                                 <-   
DRAGON-ESTOP                                                                    
  0.00000000E+00  5.39232422E+03  5.39232422E+03  0.00000000E+00  5.65516748E+03
  5.65516748E+03
->       3      12       2       1                                 <-   
DRAGON-DELTE                                                                    
  1.99280009E-02
->      -3       0       0       0                                 <-   
->       2       0       0      -1                                 <-   00000029
->       3      12       2       3                                 <-   
DRAGON-TXSC                                                                     
  0.00000000E+00  6.77180634E+01  6.77180634E+01
->       3      12       2       6                                 <-   
DRAGON-S0XSC                                                                    
  0.00000000E+00  6.28346710E+01  6.28346710E+01  0.00000000E+00  3.95287971E+01
  3.95287971E+01
->       3      12       2       1                                 <-   
DRAGON-ECUTO                                                                    
  1.00000005E-03
->       3      12       2       6                                 <-   
DRAGON-ESTOP                                                                    
  0.00000000E+00  5.65516748E+03  5.65516748E+03  0.00000000E+00  5.94601660E+03
  5.94601660E+03
->       3      12       2       1                                 <-   
DRAGON-DELTE                                                                    
  1.80179998E-02
->      -3       0       0       0                                 <-   
->       2       0       0      -1                                 <-   00000030
->       3      12       2       3                                 <-   
DRAGON-TXSC                                                                     
  0.00000000E+00  7.98193512E+01  7.98193512E+01
->       3      12       2       6                                 <-   
DRAGON-S0XSC                                                                    
  0.00000000E+00  7.40878143E+01  7.40878143E+01  0.00000000E+00  4.65181580E+01
  4.65181580E+01
->       3      12       2       1                                 <-   
DRAGON-ECUTO                                                                    
  1.00000005E-03
->       3      12       2       6                                 <-   
DRAGON-ESTOP                                                                    
  0.00000000E+00  5.94601660E+03  5.94601660E+03  0.00000000E+00  6.26701514E+03
  6.26701514E+03
->       3      12       2       1                                 <-   
DRAGON-DELTE                                                                    
  1.62930004E-02
->      -3       0       0       0                                 <-   
->       2       0       0      -1                                 <-   00000031
->       3      12       2       3                                 <-   
DRAGON-TXSC                                                                     
  0.00000000E+00  9.42049789E+01  9.42049789E+01
->       3      12       2       6                                 <-   
DRAGON-S0XSC                                                                    
  0.00000000E+00  8.74565964E+01  8.74565964E+01  0.00000000E+00  5.48055153E+01
  5.48055153E+01
->       3      12       2       1                                 <-   
DRAGON-ECUTO                                                                    
  1.00000005E-03
->       3      12       2       6                                 <-   
DRAGON-ESTOP                                                                    
  0.00000000E+00  6.26701514E+03  6.26701514E+03  0.00000000E+00  6.61863037E+03
  6.61863037E+03
->       3      12       2       1                                 <-   
DRAGON-DELTE                                                                    
  1.47320004E-02
->      -3       0       0       0                                 <-   
->       2       0       0      -1                                 <-   00000032
->       3      12       2       3                                 <-   
DRAGON-TXSC                                                                     
  0.00000000E+00  1.11324066E+02  1.11324066E+02
->       3      12       2       6                                 <-   
DRAGON-S0XSC                                                                    
  0.00000000E+00  1.03355072E+02  1.03355072E+02  0.00000000E+00  6.46416473E+01
  6.46416473E+01
->       3      12       2       1                                 <-   
DRAGON-ECUTO                                                                    
  1.00000005E-03
->       3      12       2       6                                 <-   
DRAGON-ESTOP                                                                    
  0.00000000E+00  6.61863037E+03  6.61863037E+03  0.00000000E+00  7.00717236E+03
  7.00717236E+03
->       3      12       2       1                                 <-   
DRAGON-DELTE                                                                    
  1.33199999E-02
->      -3       0       0       0                                 <-   
->       2       0       0      -1                                 <-   00000033
->       3      12       2       3                                 <-   
DRAGON-TXSC                                                                     
  0.00000000E+00  1.31719696E+02  1.31719696E+02
->       3      12       2       6                                 <-   
DRAGON-S0XSC                                                                    
  0.00000000E+00  1.22283272E+02  1.22283272E+02  0.00000000E+00  7.63285522E+01
  7.63285522E+01
->       3      12       2       1                                 <-   
DRAGON-ECUTO                                                                    
  1.00000005E-03
->       3      12       2       6                                 <-   
DRAGON-ESTOP                                                                    
  0.00000000E+00  7.00717236E+03  7.00717236E+03  0.00000000E+00  7.43385693E+03
  7.43385693E+03
->       3      12       2       1                                 <-   
DRAGON-DELTE                                                                    
  1.20440004E-02
->      -3       0       0       0                                 <-   
->       2       0       0      -1                                 <-   00000034
->       3      12       2       3                                 <-   
DRAGON-TXSC                                                                     
  0.00000000E+00  1.56045471E+02  1.56045471E+02
->       3      12       2       6                                 <-   
DRAGON-S0XSC                                                                    
  0.00000000E+00  1.44843018E+02  1.44843018E+02  0.00000000E+00  9.02299957E+01
  9.02299957E+01
->       3      12       2       1                                 <-   
DRAGON-ECUTO                                                                    
  1.00000005E-03
->       3      12       2       6                                 <-   
DRAGON-ESTOP                                                                    
  0.00000000E+00  7.43385693E+03  7.43385693E+03  0.00000000E+00  7.90166602E+03
  7.90166602E+03
->       3      12       2       1                                 <-   
DRAGON-DELTE                                                                    
  1.08899996E-02
->      -3       0       0       0                                 <-   
->       2       0       0      -1                                 <-   00000035
->       3      12       2       3                                 <-   
DRAGON-TXSC                                                                     
  0.00000000E+00  1.85094910E+02  1.85094910E+02
->       3      12       2       6                                 <-   
DRAGON-S0XSC                                                                    
  0.00000000E+00  1.71761810E+02  1.71761810E+02  0.00000000E+00  1.06783325E+02
  1.06783325E+02
->       3      12       2       1                                 <-   
DRAGON-ECUTO                                                                    
  1.00000005E-03
->       3      12       2       6                                 <-   
DRAGON-ESTOP                                                                    
  0.00000000E+00  7.90166602E+03  7.90166602E+03  0.00000000E+00  8.41378613E+03
  8.41378613E+03
->       3      12       2       1                                 <-   
DRAGON-DELTE                                                                    
  9.84750036E-03
->      -3       0       0       0                                 <-   
->       2       0       0      -1                                 <-   00000036
->       3      12       2       3                                 <-   
DRAGON-TXSC                                                                     
  0.00000000E+00  2.19822159E+02  2.19822159E+02
->       3      12       2       6                                 <-   
DRAGON-S0XSC                                                                    
  0.00000000E+00  2.03917023E+02  2.03917023E+02  0.00000000E+00  1.26515945E+02
  1.26515945E+02
->       3      12       2       1                                 <-   
DRAGON-ECUTO                                                                    
  1.00000005E-03
->       3      12       2       6                                 <-   
DRAGON-ESTOP                                                                    
  0.00000000E+00  8.41378613E+03  8.41378613E+03  0.00000000E+00  8.97365723E+03
  8.97365723E+03
->       3      12       2       1                                 <-   
DRAGON-DELTE                                                                    
  8.90349969E-03
->      -3       0       0       0                                 <-   
->       2       0       0      -1                                 <-   00000037
->       3      12       2       3                                 <-   
DRAGON-TXSC                                                                     
  0.00000000E+00  2.61380432E+02  2.61380432E+02
->       3      12       2       6                                 <-   
DRAGON-S0XSC                                                                    
  0.00000000E+00  2.42367233E+02  2.42367233E+02  0.00000000E+00  1.50062698E+02
  1.50062698E+02
->       3      12       2       1                                 <-   
DRAGON-ECUTO                                                                    
  1.00000005E-03
->       3      12       2       6                                 <-   
DRAGON-ESTOP                                                                    
  0.00000000E+00  8.97365723E+03  8.97365723E+03  0.00000000E+00  9.58195801E+03
  9.58195801E+03
->       3      12       2       1                                 <-   
DRAGON-DELTE                                                                    
  8.05060193E-03
->      -3       0       0       0                                 <-   
->       2       0       0      -1                                 <-   00000038
->       3      12       2       3                                 <-   
DRAGON-TXSC                                                                     
  0.00000000E+00  3.11170563E+02  3.11170563E+02
->       3      12       2       6                                 <-   
DRAGON-S0XSC                                                                    
  0.00000000E+00  2.88397217E+02  2.88397217E+02  0.00000000E+00  1.78191818E+02
  1.78191818E+02
->       3      12       2       1                                 <-   
DRAGON-ECUTO                                                                    
  1.00000005E-03
->       3      12       2       6                                 <-   
DRAGON-ESTOP                                                                    
  0.00000000E+00  9.58195801E+03  9.58195801E+03  0.00000000E+00  1.02486602E+04
  1.02486602E+04
->       3      12       2       1                                 <-   
DRAGON-DELTE                                                                    
  7.27929687E-03
->      -3       0       0       0                                 <-   
->       2       0       0      -1                                 <-   00000039
->       3      12       2       3                                 <-   
DRAGON-TXSC                                                                     
  0.00000000E+00  3.70888184E+02  3.70888184E+02
->       3      12       2       6                                 <-   
DRAGON-S0XSC                                                                    
  0.00000000E+00  3.43561798E+02  3.43561798E+02  0.00000000E+00  2.11831863E+02
  2.11831863E+02
->       3      12       2       1                                 <-   
DRAGON-ECUTO                                                                    
  1.00000005E-03
->       3      12       2       6                                 <-   
DRAGON-ESTOP                                                                    
  0.00000000E+00  1.02486602E+04  1.02486602E+04  0.00000000E+00  1.09757852E+04
  1.09757852E+04
->       3      12       2       1                                 <-   
DRAGON-DELTE                                                                    
  6.58199983E-03
->      -3       0       0       0                                 <-   
->       2       0       0      -1                                 <-   00000040
->       3      12       2       3                                 <-   
DRAGON-TXSC                                                                     
  0.00000000E+00  4.41961334E+02  4.41961334E+02
->       3      12       2       6                                 <-   
DRAGON-S0XSC                                                                    
  0.00000000E+00  4.09111664E+02  4.09111664E+02  0.00000000E+00  2.51716370E+02
  2.51716370E+02
->       3      12       2       1                                 <-   
DRAGON-ECUTO                                                                    
  1.00000005E-03
->       3      12       2       6                                 <-   
DRAGON-ESTOP                                                                    
  0.00000000E+00  1.09757852E+04  1.09757852E+04  0.00000000E+00  1.17678779E+04
  1.17678779E+04
->       3      12       2       1                                 <-   
DRAGON-DELTE                                                                    
  5.95130073E-03
->      -3       0       0       0                                 <-   
->       2       0       0      -1                                 <-   00000041
->       3      12       2       3                                 <-   
DRAGON-TXSC                                                                     
  0.00000000E+00  5.26838989E+02  5.26838989E+02
->       3      12       2       6                                 <-   
DRAGON-S0XSC                                                                    
  0.00000000E+00  4.87297607E+02  4.87297607E+02  0.00000000E+00  2.99180634E+02
  2.99180634E+02
->       3      12       2       1                                 <-   
DRAGON-ECUTO                                                                    
  1.00000005E-03
->       3      12       2       6                                 <-   
DRAGON-ESTOP                                                                    
  0.00000000E+00  1.17678779E+04  1.17678779E+04  0.00000000E+00  1.26298496E+04
  1.26298496E+04
->       3      12       2       1                                 <-   
DRAGON-DELTE                                                                    
  5.38119907E-03
->      -3       0       0       0                                 <-   
->       2       0       0      -1                                 <-   00000042
->       3      12       2       3                                 <-   
DRAGON-TXSC                                                                     
  0.00000000E+00  6.28458923E+02  6.28458923E+02
->       3      12       2       6                                 <-   
DRAGON-S0XSC                                                                    
  0.00000000E+00  5.80786072E+02  5.80786072E+02  0.00000000E+00  3.55811890E+02
  3.55811890E+02
->       3      12       2       1                                 <-   
DRAGON-ECUTO                                                                    
  1.00000005E-03
->       3      12       2       6                                 <-   
DRAGON-ESTOP                                                                    
  0.00000000E+00  1.26298496E+04  1.26298496E+04  0.00000000E+00  1.35670635E+04
  1.35670635E+04
->       3      12       2       1                                 <-   
DRAGON-DELTE                                                                    
  4.86570317E-03
->      -3       0       0       0                                 <-   
->       2       0       0      -1                                 <-   00000043
->       3      12       2       3                                 <-   
DRAGON-TXSC                                                                     
  0.00000000E+00  7.50196228E+02  7.50196228E+02
->       3      12       2       6                                 <-   
DRAGON-S0XSC                                                                    
  0.00000000E+00  6.92649109E+02  6.92649109E+02  0.00000000E+00  4.23420471E+02
  4.23420471E+02
->       3      12       2       1                                 <-   
DRAGON-ECUTO                                                                    
  1.00000005E-03
->       3      12       2       6                                 <-   
DRAGON-ESTOP                                                                    
  0.00000000E+00  1.35670635E+04  1.35670635E+04  0.00000000E+00  1.45802607E+04
  1.45802607E+04
->       3      12       2       1                                 <-   
DRAGON-DELTE                                                                    
  4.39949986E-03
->      -3       0       0       0                                 <-   
->       2       0       0      -1                                 <-   00000044
->       3      12       2       3                                 <-   
DRAGON-TXSC                                                                     
  0.00000000E+00  8.96123901E+02  8.96123901E+02
->       3      12       2       6                                 <-   
DRAGON-S0XSC                                                                    
  0.00000000E+00  8.26572327E+02  8.26572327E+02  0.00000000E+00  5.04178406E+02
  5.04178406E+02
->       3      12       2       1                                 <-   
DRAGON-ECUTO                                                                    
  1.00000005E-03
->       3      12       2       6                                 <-   
DRAGON-ESTOP                                                                    
  0.00000000E+00  1.45802607E+04  1.45802607E+04  0.00000000E+00  1.56851533E+04
  1.56851533E+04
->       3      12       2       1                                 <-   
DRAGON-DELTE                                                                    
  3.97800002E-03
->      -3       0       0       0                                 <-   
->       2       0       0      -1                                 <-   00000045
->       3      12       2       3                                 <-   
DRAGON-TXSC                                                                     
  0.00000000E+00  1.07115894E+03  1.07115894E+03
->       3      12       2       6                                 <-   
DRAGON-S0XSC                                                                    
  0.00000000E+00  9.87008240E+02  9.87008240E+02  0.00000000E+00  6.00705688E+02
  6.00705688E+02
->       3      12       2       1                                 <-   
DRAGON-ECUTO                                                                    
  1.00000005E-03
->       3      12       2       6                                 <-   
DRAGON-ESTOP                                                                    
  0.00000000E+00  1.56851533E+04  1.56851533E+04  0.00000000E+00  1.68843047E+04
  1.68843047E+04
->       3      12       2       1                                 <-   
DRAGON-DELTE                                                                    
  3.59689840E-03
->      -3       0       0       0                                 <-   
->       2       0       0      -1                                 <-   00000046
->       3      12       2       3                                 <-   
DRAGON-TXSC                                                                     
  0.00000000E+00  1.28124548E+03  1.28124548E+03
->       3      12       2       6                                 <-   
DRAGON-S0XSC                                                                    
  0.00000000E+00  1.17932898E+03  1.17932898E+03  0.00000000E+00  7.16146606E+02
  7.16146606E+02
->       3      12       2       1                                 <-   
DRAGON-ECUTO                                                                    
  1.00000005E-03
->       3      12       2       6                                 <-   
DRAGON-ESTOP                                                                    
  0.00000000E+00  1.68843047E+04  1.68843047E+04  0.00000000E+00  1.81848145E+04
  1.81848145E+04
->       3      12       2       1                                 <-   
DRAGON-DELTE                                                                    
  3.25230067E-03
->      -3       0       0       0                                 <-   
->       2       0       0      -1                                 <-   00000047
->       3      12       2       3                                 <-   
DRAGON-TXSC                                                                     
  0.00000000E+00  1.53143518E+03  1.53143518E+03
->       3      12       2       6                                 <-   
DRAGON-S0XSC                                                                    
  0.00000000E+00  1.40788916E+03  1.40788916E+03  0.00000000E+00  8.52919861E+02
  8.52919861E+02
->       3      12       2       1                                 <-   
DRAGON-ECUTO                                                                    
  1.00000005E-03
->       3      12       2       6                                 <-   
DRAGON-ESTOP                                                                    
  0.00000000E+00  1.81848145E+04  1.81848145E+04  0.00000000E+00  1.95939727E+04
  1.95939727E+04
->       3      12       2       1                                 <-   
DRAGON-DELTE                                                                    
  2.94069923E-03
->      -3       0       0       0                                 <-   
->       2       0       0      -1                                 <-   00000048
->       3      12       2       3                                 <-   
DRAGON-TXSC                                                                     
  0.00000000E+00  1.83073376E+03  1.83073376E+03
->       3      12       2       6                                 <-   
DRAGON-S0XSC                                                                    
  0.00000000E+00  1.68084424E+03  1.68084424E+03  0.00000000E+00  1.01581116E+03
  1.01581116E+03
->       3      12       2       1                                 <-   
DRAGON-ECUTO                                                                    
  1.00000005E-03
->       3      12       2       6                                 <-   
DRAGON-ESTOP                                                                    
  0.00000000E+00  1.95939727E+04  1.95939727E+04  0.00000000E+00  2.11195215E+04
  2.11195215E+04
->       3      12       2       1                                 <-   
DRAGON-DELTE                                                                    
  2.65899999E-03
->      -3       0       0       0                                 <-   
->       2       0       0      -1                                 <-   00000049
->       3      12       2       3                                 <-   
DRAGON-TXSC                                                                     
  0.00000000E+00  2.18909229E+03  2.18909229E+03
->       3      12       2       6                                 <-   
DRAGON-S0XSC                                                                    
  0.00000000E+00  2.00711816E+03  2.00711816E+03  0.00000000E+00  1.20998218E+03
  1.20998218E+03
->       3      12       2       1                                 <-   
DRAGON-ECUTO                                                                    
  1.00000005E-03
->       3      12       2       6                                 <-   
DRAGON-ESTOP                                                                    
  0.00000000E+00  2.11195215E+04  2.11195215E+04  0.00000000E+00  2.27620430E+04
  2.27620430E+04
->       3      12       2       1                                 <-   
DRAGON-DELTE                                                                    
  2.40419921E-03
->      -3       0       0       0                                 <-   
->       2       0       0      -1                                 <-   00000050
->       3      12       2       3                                 <-   
DRAGON-TXSC                                                                     
  0.00000000E+00  2.61831421E+03  2.61831421E+03
->       3      12       2       6                                 <-   
DRAGON-S0XSC                                                                    
  0.00000000E+00  2.39720947E+03  2.39720947E+03  0.00000000E+00  1.44148584E+03
  1.44148584E+03
->       3      12       2       1                                 <-   
DRAGON-ECUTO                                                                    
  1.00000005E-03
->       3      12       2       6                                 <-   
DRAGON-ESTOP                                                                    
  0.00000000E+00  2.27620430E+04  2.27620430E+04  0.00000000E+00  2.45449980E+04
  2.45449980E+04
->       3      12       2       1                                 <-   
DRAGON-DELTE                                                                    
  2.17400002E-03
->      -3       0       0       0                                 <-   
->       2       0       0      -1                                 <-   00000051
->       3      12       2       3                                 <-   
DRAGON-TXSC                                                                     
  0.00000000E+00  3.13250562E+03  3.13250562E+03
->       3      12       2       6                                 <-   
DRAGON-S0XSC                                                                    
  0.00000000E+00  2.86369556E+03  2.86369556E+03  0.00000000E+00  1.71753308E+03
  1.71753308E+03
->       3      12       2       1                                 <-   
DRAGON-ECUTO                                                                    
  1.00000005E-03
->       3      12       2       6                                 <-   
DRAGON-ESTOP                                                                    
  0.00000000E+00  2.45449980E+04  2.45449980E+04  0.00000000E+00  2.64720703E+04
  2.64720703E+04
->       3      12       2       1                                 <-   
DRAGON-DELTE                                                                    
  1.96560146E-03
->      -3       0       0       0                                 <-   
->       2       0       0      -1                                 <-   00000052
->       3      12       2       3                                 <-   
DRAGON-TXSC                                                                     
  0.00000000E+00  3.74859253E+03  3.74859253E+03
->       3      12       2       6                                 <-   
DRAGON-S0XSC                                                                    
  0.00000000E+00  3.42162280E+03  3.42162280E+03  0.00000000E+00  2.04672375E+03
  2.04672375E+03
->       3      12       2       1                                 <-   
DRAGON-ECUTO                                                                    
  1.00000005E-03
->       3      12       2       6                                 <-   
DRAGON-ESTOP                                                                    
  0.00000000E+00  2.64720703E+04  2.64720703E+04  0.00000000E+00  2.85531152E+04
  2.85531152E+04
->       3      12       2       1                                 <-   
DRAGON-DELTE                                                                    
  1.77729886E-03
->      -3       0       0       0                                 <-   
->       2       0       0      -1                                 <-   00000053
->       3      12       2       3                                 <-   
DRAGON-TXSC                                                                     
  0.00000000E+00  4.48692139E+03  4.48692139E+03
->       3      12       2       6                                 <-   
DRAGON-S0XSC                                                                    
  0.00000000E+00  4.08898950E+03  4.08898950E+03  0.00000000E+00  2.43930786E+03
  2.43930786E+03
->       3      12       2       1                                 <-   
DRAGON-ECUTO                                                                    
  1.00000005E-03
->       3      12       2       6                                 <-   
DRAGON-ESTOP                                                                    
  0.00000000E+00  2.85531152E+04  2.85531152E+04  0.00000000E+00  3.07981875E+04
  3.07981875E+04
->       3      12       2       1                                 <-   
DRAGON-DELTE                                                                    
  1.60710060E-03
->      -3       0       0       0                                 <-   
->       2       0       0      -1                                 <-   00000054
->       3      12       2       3                                 <-   
DRAGON-TXSC                                                                     
  0.00000000E+00  5.36480957E+03  5.36480957E+03
->       3      12       2       6                                 <-   
DRAGON-S0XSC                                                                    
  0.00000000E+00  4.88022998E+03  4.88022998E+03  0.00000000E+00  2.90277686E+03
  2.90277686E+03
->       3      12       2       1                                 <-   
DRAGON-ECUTO                                                                    
  1.00000005E-03
->       3      12       2       6                                 <-   
DRAGON-ESTOP                                                                    
  0.00000000E+00  3.07981875E+04  3.07981875E+04  0.00000000E+00  3.32178984E+04
  3.32178984E+04
->       3      12       2       1                                 <-   
DRAGON-DELTE                                                                    
  1.45309966E-03
->      -3       0       0       0                                 <-   
->       2       0       0      -1                                 <-   00000055
->       3      12       2       3                                 <-   
DRAGON-TXSC                                                                     
  0.00000000E+00  6.41371924E+03  6.41371924E+03
->       3      12       2       6                                 <-   
DRAGON-S0XSC                                                                    
  0.00000000E+00  5.82343994E+03  5.82343994E+03  0.00000000E+00  3.45328784E+03
  3.45328784E+03
->       3      12       2       1                                 <-   
DRAGON-ECUTO                                                                    
  1.00000005E-03
->       3      12       2       6                                 <-   
DRAGON-ESTOP                                                                    
  0.00000000E+00  3.32178984E+04  3.32178984E+04  0.00000000E+00  3.58234141E+04
  3.58234141E+04
->       3      12       2       1                                 <-   
DRAGON-DELTE                                                                    
  1.31379976E-03
->      -3       0       0       0                                 <-   
->       2       0       0      -1                                 <-   00000056
->       3      12       2       3                                 <-   
DRAGON-TXSC                                                                     
  0.00000000E+00  7.66698584E+03  7.66698584E+03
->       3      12       2       6                                 <-   
DRAGON-S0XSC                                                                    
  0.00000000E+00  6.94768994E+03  6.94768994E+03  0.00000000E+00  4.10700488E+03
  4.10700488E+03
->       3      12       2       1                                 <-   
DRAGON-ECUTO                                                                    
  1.00000005E-03
->       3      12       2       6                                 <-   
DRAGON-ESTOP                                                                    
  0.00000000E+00  3.58234141E+04  3.58234141E+04  0.00000000E+00  3.86136289E+04
  3.86136289E+04
->       3      12       2       1                                 <-   
DRAGON-DELTE                                                                    
  1.18799997E-03
->      -3       0       0       0                                 <-   
->       2       0       0      -1                                 <-   00000057
->       3      12       2       3                                 <-   
DRAGON-TXSC                                                                     
  0.00000000E+00  9.16434473E+03  9.16434473E+03
->       3      12       2       6                                 <-   
DRAGON-S0XSC                                                                    
  0.00000000E+00  8.28753320E+03  8.28753320E+03  0.00000000E+00  4.88306006E+03
  4.88306006E+03
->       3      12       2       1                                 <-   
DRAGON-ECUTO                                                                    
  1.00000005E-03
->       3      12       2       6                                 <-   
DRAGON-ESTOP                                                                    
  0.00000000E+00  3.86136289E+04  3.86136289E+04  0.00000000E+00  4.16267617E+04
  4.16267617E+04
->       3      12       2       1                                 <-   
DRAGON-DELTE                                                                    
  1.07420015E-03
->      -3       0       0       0                                 <-   
->       2       0       0      -1                                 <-   00000058
->       3      12       2       3                                 <-   
DRAGON-TXSC                                                                     
  0.00000000E+00  1.09532090E+04  1.09532090E+04
->       3      12       2       6                                 <-   
DRAGON-S0XSC                                                                    
  0.00000000E+00  9.88395801E+03  9.88395801E+03  0.00000000E+00  5.80407568E+03
  5.80407568E+03
->       3      12       2       1                                 <-   
DRAGON-ECUTO                                                                    
  1.00000005E-03
->       3      12       2       6                                 <-   
DRAGON-ESTOP                                                                    
  0.00000000E+00  4.16267617E+04  4.16267617E+04  0.00000000E+00  4.48703750E+04
  4.48703750E+04
->       3      12       2       1                                 <-   
DRAGON-DELTE                                                                    
  9.71310539E-04
->      -3       0       0       0                                 <-   
->       2       0       0      -1                                 <-   00000059
->       3      12       2       3                                 <-   
DRAGON-TXSC                                                                     
  0.00000000E+00  1.30900234E+04  1.30900234E+04
->       3      12       2       6                                 <-   
DRAGON-S0XSC                                                                    
  0.00000000E+00  1.17857891E+04  1.17857891E+04  0.00000000E+00  6.89677881E+03
  6.89677881E+03
->       3      12       2       1                                 <-   
DRAGON-ECUTO                                                                    
  1.00000005E-03
->       3      12       2       6                                 <-   
DRAGON-ESTOP                                                                    
  0.00000000E+00  4.48703750E+04  4.48703750E+04  0.00000000E+00  4.83624375E+04
  4.83624375E+04
->       3      12       2       1                                 <-   
DRAGON-DELTE                                                                    
  8.78219726E-04
->      -3       0       0       0                                 <-   
->       2       0       0      -1                                 <-   00000060
->       3      12       2       3                                 <-   
DRAGON-TXSC                                                                     
  0.00000000E+00  1.56399414E+04  1.56399414E+04
->       3      12       2       6                                 <-   
DRAGON-S0XSC                                                                    
  0.00000000E+00  1.40486270E+04  1.40486270E+04  0.00000000E+00  8.19112598E+03
  8.19112598E+03
->       3      12       2       1                                 <-   
DRAGON-ECUTO                                                                    
  1.00000005E-03
->       3      12       2       6                                 <-   
DRAGON-ESTOP                                                                    
  0.00000000E+00  4.83624375E+04  4.83624375E+04  0.00000000E+00  5.21211055E+04
  5.21211055E+04
->       3      12       2       1                                 <-   
DRAGON-DELTE                                                                    
  7.94089865E-04
->      -3       0       0       0                                 <-   
->       2       0       0      -1                                 <-   00000061
->       3      12       2       3                                 <-   
DRAGON-TXSC                                                                     
  0.00000000E+00  1.86640410E+04  1.86640410E+04
->       3      12       2       6                                 <-   
DRAGON-S0XSC                                                                    
  0.00000000E+00  1.67220469E+04  1.67220469E+04  0.00000000E+00  9.71112988E+03
  9.71112988E+03
->       3      12       2       1                                 <-   
DRAGON-ECUTO                                                                    
  1.00000005E-03
->       3      12       2       6                                 <-   
DRAGON-ESTOP                                                                    
  0.00000000E+00  5.21211055E+04  5.21211055E+04  0.00000000E+00  5.61656602E+04
  5.61656602E+04
->       3      12       2       1                                 <-   
DRAGON-DELTE                                                                    
  7.18010240E-04
->      -3       0       0       0                                 <-   
->       2       0       0      -1                                 <-   00000062
->       3      12       2       3                                 <-   
DRAGON-TXSC                                                                     
  0.00000000E+00  2.22641406E+04  2.22641406E+04
->       3      12       2       6                                 <-   
DRAGON-S0XSC                                                                    
  0.00000000E+00  1.98936660E+04  1.98936660E+04  0.00000000E+00  1.15049082E+04
  1.15049082E+04
->       3      12       2       1                                 <-   
DRAGON-ECUTO                                                                    
  1.00000005E-03
->       3      12       2       6                                 <-   
DRAGON-ESTOP                                                                    
  0.00000000E+00  5.61656602E+04  5.61656602E+04  0.00000000E+00  6.04955742E+04
  6.04955742E+04
->       3      12       2       1                                 <-   
DRAGON-DELTE                                                                    
  6.49219728E-04
->      -3       0       0       0                                 <-   
->       2       0       0      -1                                 <-   00000063
->       3      12       2       3                                 <-   
DRAGON-TXSC                                                                     
  0.00000000E+00  2.65483789E+04  2.65483789E+04
->       3      12       2       6                                 <-   
DRAGON-S0XSC                                                                    
  0.00000000E+00  2.36543594E+04  2.36543594E+04  0.00000000E+00  1.36201387E+04
  1.36201387E+04
->       3      12       2       1                                 <-   
DRAGON-ECUTO                                                                    
  1.00000005E-03
->       3      12       2       6                                 <-   
DRAGON-ESTOP                                                                    
  0.00000000E+00  6.04955742E+04  6.04955742E+04  0.00000000E+00  6.51769766E+04
  6.51769766E+04
->       3      12       2       1                                 <-   
DRAGON-DELTE                                                                    
  5.87020011E-04
->      -3       0       0       0                                 <-   
->       2       0       0      -1                                 <-   00000064
->       3      12       2       3                                 <-   
DRAGON-TXSC                                                                     
  0.00000000E+00  3.16451035E+04  3.16451035E+04
->       3      12       2       6                                 <-   
DRAGON-S0XSC                                                                    
  0.00000000E+00  2.81111855E+04  2.81111855E+04  0.00000000E+00  1.61125869E+04
  1.61125869E+04
->       3      12       2       1                                 <-   
DRAGON-ECUTO                                                                    
  1.00000005E-03
->       3      12       2       6                                 <-   
DRAGON-ESTOP                                                                    
  0.00000000E+00  6.51769766E+04  6.51769766E+04  0.00000000E+00  7.02151562E+04
  7.02151562E+04
->       3      12       2       1                                 <-   
DRAGON-DELTE                                                                    
  5.30790014E-04
->      -3       0       0       0                                 <-   
->       2       0       0      -1                                 <-   00000065
->       3      12       2       3                                 <-   
DRAGON-TXSC                                                                     
  0.00000000E+00  3.77059688E+04  3.77059688E+04
->       3      12       2       6                                 <-   
DRAGON-S0XSC                                                                    
  0.00000000E+00  3.33901484E+04  3.33901484E+04  0.00000000E+00  1.90471484E+04
  1.90471484E+04
->       3      12       2       1                                 <-   
DRAGON-ECUTO                                                                    
  1.00000005E-03
->       3      12       2       6                                 <-   
DRAGON-ESTOP                                                                    
  0.00000000E+00  7.02151562E+04  7.02151562E+04  0.00000000E+00  7.56360391E+04
  7.56360391E+04
->       3      12       2       1                                 <-   
DRAGON-DELTE                                                                    
  4.79930168E-04
->      -3       0       0       0                                 <-   
->       2       0       0      -1                                 <-   00000066
->       3      12       2       3                                 <-   
DRAGON-TXSC                                                                     
  0.00000000E+00  4.49114219E+04  4.49114219E+04
->       3      12       2       6                                 <-   
DRAGON-S0XSC                                                                    
  0.00000000E+00  3.96394648E+04  3.96394648E+04  0.00000000E+00  2.24995820E+04
  2.24995820E+04
->       3      12       2       1                                 <-   
DRAGON-ECUTO                                                                    
  1.00000005E-03
->       3      12       2       6                                 <-   
DRAGON-ESTOP                                                                    
  0.00000000E+00  7.56360391E+04  7.56360391E+04  0.00000000E+00  8.14666719E+04
  8.14666719E+04
->       3      12       2       1                                 <-   
DRAGON-DELTE                                                                    
  4.33959969E-04
->      -3       0       0       0                                 <-   
->       2       0       0      -1                                 <-   00000067
->       3      12       2       3                                 <-   
DRAGON-TXSC                                                                     
  0.00000000E+00  5.34560078E+04  5.34560078E+04
->       3      12       2       6                                 <-   
DRAGON-S0XSC                                                                    
  0.00000000E+00  4.70157344E+04  4.70157344E+04  0.00000000E+00  2.65453301E+04
  2.65453301E+04
->       3      12       2       1                                 <-   
DRAGON-ECUTO                                                                    
  1.00000005E-03
->       3      12       2       6                                 <-   
DRAGON-ESTOP                                                                    
  0.00000000E+00  8.14666719E+04  8.14666719E+04  0.00000000E+00  8.77361562E+04
  8.77361562E+04
->       3      12       2       1                                 <-   
DRAGON-DELTE                                                                    
  3.92379879E-04
->      -3       0       0       0                                 <-   
->       2       0       0      -1                                 <-   00000068
->       3      12       2       3                                 <-   
DRAGON-TXSC                                                                     
  0.00000000E+00  6.35249766E+04  6.35249766E+04
->       3      12       2       6                                 <-   
DRAGON-S0XSC                                                                    
  0.00000000E+00  5.56568906E+04  5.56568906E+04  0.00000000E+00  3.12401641E+04
  3.12401641E+04
->       3      12       2       1                                 <-   
DRAGON-ECUTO                                                                    
  1.00000005E-03
->       3      12       2       6                                 <-   
DRAGON-ESTOP                                                                    
  0.00000000E+00  8.77361562E+04  8.77361562E+04  0.00000000E+00  9.44419766E+04
  9.44419766E+04
->       3      12       2       1                                 <-   
DRAGON-DELTE                                                                    
  3.54780030E-04
->      -3       0       0       0                                 <-   
->       2       0       0      -1                                 <-   00000069
->       3      12       2       3                                 <-   
DRAGON-TXSC                                                                     
  0.00000000E+00  7.54369609E+04  7.54369609E+04
->       3      12       2       6                                 <-   
DRAGON-S0XSC                                                                    
  0.00000000E+00  6.58231562E+04  6.58231562E+04  0.00000000E+00  3.67177930E+04
  3.67177930E+04
->       3      12       2       1                                 <-   
DRAGON-ECUTO                                                                    
  1.00000005E-03
->       3      12       2       6                                 <-   
DRAGON-ESTOP                                                                    
  0.00000000E+00  9.44419766E+04  9.44419766E+04  0.00000000E+00  1.01686969E+05
  1.01686969E+05
->       3      12       2       1                                 <-   
DRAGON-DELTE                                                                    
  3.20800056E-04
->      -3       0       0       0                                 <-   
->       2       0       0      -1                                 <-   00000070
->       3      12       2       3                                 <-   
DRAGON-TXSC                                                                     
  0.00000000E+00  8.95215547E+04  8.95215547E+04
->       3      12       2       6                                 <-   
DRAGON-S0XSC                                                                    
  0.00000000E+00  7.77726406E+04  7.77726406E+04  0.00000000E+00  4.30992109E+04
  4.30992109E+04
->       3      12       2       1                                 <-   
DRAGON-ECUTO                                                                    
  1.00000005E-03
->       3      12       2       6                                 <-   
DRAGON-ESTOP                                                                    
  0.00000000E+00  1.01686969E+05  1.01686969E+05  0.00000000E+00  1.09478719E+05
  1.09478719E+05
->       3      12       2       1                                 <-   
DRAGON-DELTE                                                                    
  2.90069816E-04
->      -3       0       0       0                                 <-   
->       2       0       0      -1                                 <-   00000071
->       3      12       2       3                                 <-   
DRAGON-TXSC                                                                     
  0.00000000E+00  1.06162555E+05  1.06162555E+05
->       3      12       2       6                                 <-   
DRAGON-S0XSC                                                                    
  0.00000000E+00  9.18042344E+04  9.18042344E+04  0.00000000E+00  5.05227578E+04
  5.05227578E+04
->       3      12       2       1                                 <-   
DRAGON-ECUTO                                                                    
  1.00000005E-03
->       3      12       2       6                                 <-   
DRAGON-ESTOP                                                                    
  0.00000000E+00  1.09478719E+05  1.09478719E+05  0.00000000E+00  1.17854852E+05
  1.17854852E+05
->       3      12       2       1                                 <-   
DRAGON-DELTE                                                                    
  2.62270012E-04
->      -3       0       0       0                                 <-   
->       2       0       0      -1                                 <-   00000072
->       3      12       2       3                                 <-   
DRAGON-TXSC                                                                     
  0.00000000E+00  1.25813562E+05  1.25813562E+05
->       3      12       2       6                                 <-   
DRAGON-S0XSC                                                                    
  0.00000000E+00  1.08264945E+05  1.08264945E+05  0.00000000E+00  5.91464102E+04
  5.91464102E+04
->       3      12       2       1                                 <-   
DRAGON-ECUTO                                                                    
  1.00000005E-03
->       3      12       2       6                                 <-   
DRAGON-ESTOP                                                                    
  0.00000000E+00  1.17854852E+05  1.17854852E+05  0.00000000E+00  1.26856602E+05
  1.26856602E+05
->       3      12       2       1                                 <-   
DRAGON-DELTE                                                                    
  2.37150147E-04
->      -3       0       0       0                                 <-   
->       2       0       0      -1                                 <-   00000073
->       3      12       2       3                                 <-   
DRAGON-TXSC                                                                     
  0.00000000E+00  1.49007344E+05  1.49007344E+05
->       3      12       2       6                                 <-   
DRAGON-S0XSC                                                                    
  0.00000000E+00  1.27556875E+05  1.27556875E+05  0.00000000E+00  6.91485625E+04
  6.91485625E+04
->       3      12       2       1                                 <-   
DRAGON-ECUTO                                                                    
  1.00000005E-03
->       3      12       2       6                                 <-   
DRAGON-ESTOP                                                                    
  0.00000000E+00  1.26856602E+05  1.26856602E+05  0.00000000E+00  1.36527969E+05
  1.36527969E+05
->       3      12       2       1                                 <-   
DRAGON-DELTE                                                                    
  2.14429936E-04
->      -3       0       0       0                                 <-   
->       2       0       0      -1                                 <-   00000074
->       3      12       2       3                                 <-   
DRAGON-TXSC                                                                     
  0.00000000E+00  1.76237938E+05  1.76237938E+05
->       3      12       2       6                                 <-   
DRAGON-S0XSC                                                                    
  0.00000000E+00  1.50017328E+05  1.50017328E+05  0.00000000E+00  8.06395469E+04
  8.06395469E+04
->       3      12       2       1                                 <-   
DRAGON-ECUTO                                                                    
  1.00000005E-03
->       3      12       2       6                                 <-   
DRAGON-ESTOP                                                                    
  0.00000000E+00  1.36527969E+05  1.36527969E+05  0.00000000E+00  1.46862016E+05
  1.46862016E+05
->       3      12       2       1                                 <-   
DRAGON-DELTE                                                                    
  1.93879998E-04
->      -3       0       0       0                                 <-   
->       2       0       0      -1                                 <-   00000075
->       3      12       2       3                                 <-   
DRAGON-TXSC                                                                     
  0.00000000E+00  2.07990172E+05  2.07990172E+05
->       3      12       2       6                                 <-   
DRAGON-S0XSC                                                                    
  0.00000000E+00  1.75938828E+05  1.75938828E+05  0.00000000E+00  9.36704688E+04
  9.36704688E+04
->       3      12       2       1                                 <-   
DRAGON-ECUTO                                                                    
  1.00000005E-03
->       3      12       2       6                                 <-   
DRAGON-ESTOP                                                                    
  0.00000000E+00  1.46862016E+05  1.46862016E+05  0.00000000E+00  1.58015781E+05
  1.58015781E+05
->       3      12       2       1                                 <-   
DRAGON-DELTE                                                                    
  1.75310051E-04
->      -3       0       0       0                                 <-   
->       2       0       0      -1                                 <-   00000076
->       3      12       2       3                                 <-   
DRAGON-TXSC                                                                     
  0.00000000E+00  2.45201312E+05  2.45201312E+05
->       3      12       2       6                                 <-   
DRAGON-S0XSC                                                                    
  0.00000000E+00  2.06017312E+05  2.06017312E+05  0.00000000E+00  1.08558672E+05
  1.08558672E+05
->       3      12       2       1                                 <-   
DRAGON-ECUTO                                                                    
  1.00000005E-03
->       3      12       2       6                                 <-   
DRAGON-ESTOP                                                                    
  0.00000000E+00  1.58015781E+05  1.58015781E+05  0.00000000E+00  1.69998797E+05
  1.69998797E+05
->       3      12       2       1                                 <-   
DRAGON-DELTE                                                                    
  1.58519892E-04
->      -3       0       0       0                                 <-   
->       2       0       0      -1                                 <-   00000077
->       3      12       2       3                                 <-   
DRAGON-TXSC                                                                     
  0.00000000E+00  2.88771562E+05  2.88771562E+05
->       3      12       2       6                                 <-   
DRAGON-S0XSC                                                                    
  0.00000000E+00  2.40862766E+05  2.40862766E+05  0.00000000E+00  1.25520461E+05
  1.25520461E+05
->       3      12       2       1                                 <-   
DRAGON-ECUTO                                                                    
  1.00000005E-03
->       3      12       2       6                                 <-   
DRAGON-ESTOP                                                                    
  0.00000000E+00  1.69998797E+05  1.69998797E+05  0.00000000E+00  1.82868906E+05
  1.82868906E+05
->       3      12       2       1                                 <-   
DRAGON-DELTE                                                                    
  1.43330079E-04
->      -3       0       0       0                                 <-   
->       2       0       0      -1                                 <-   00000078
->       3      12       2       3                                 <-   
DRAGON-TXSC                                                                     
  0.00000000E+00  3.39729562E+05  3.39729562E+05
->       3      12       2       6                                 <-   
DRAGON-S0XSC                                                                    
  0.00000000E+00  2.81162062E+05  2.81162062E+05  0.00000000E+00  1.44788391E+05
  1.44788391E+05
->       3      12       2       1                                 <-   
DRAGON-ECUTO                                                                    
  1.00000005E-03
->       3      12       2       6                                 <-   
DRAGON-ESTOP                                                                    
  0.00000000E+00  1.82868906E+05  1.82868906E+05  0.00000000E+00  1.96688594E+05
  1.96688594E+05
->       3      12       2       1                                 <-   
DRAGON-DELTE                                                                    
  1.29589971E-04
->      -3       0       0       0                                 <-   
->       2       0       0      -1                                 <-   00000079
->       3      12       2       3                                 <-   
DRAGON-TXSC                                                                     
  0.00000000E+00  3.99309625E+05  3.99309625E+05
->       3      12       2       6                                 <-   
DRAGON-S0XSC                                                                    
  0.00000000E+00  3.27696812E+05  3.27696812E+05  0.00000000E+00  1.66611875E+05
  1.66611875E+05
->       3      12       2       1                                 <-   
DRAGON-ECUTO                                                                    
  1.00000005E-03
->       3      12       2       6                                 <-   
DRAGON-ESTOP                                                                    
  0.00000000E+00  1.96688594E+05  1.96688594E+05  0.00000000E+00  2.28615547E+05
  2.28615547E+05
->       3      12       2       1                                 <-   
DRAGON-DELTE                                                                    
  1.17190066E-04
->      -3       0       0       0                                 <-   
->       2       0       0      -1                                 <-   00000080
->       3      12       2       3                                 <-   
DRAGON-TXSC                                                                     
  0.00000000E+00  3.81320812E+05  3.81320812E+05
->       3      12       2       6                                 <-   
DRAGON-S0XSC                                                                    
  0.00000000E+00  3.81341938E+05  3.81341938E+05  0.00000000E+00  1.91253828E+05
  1.91253828E+05
->       3      12       2       1                                 <-   
DRAGON-ECUTO                                                                    
  1.00000005E-03
->       3      12       2       6                                 <-   
DRAGON-ESTOP                                                                    
  0.00000000E+00  2.28615547E+05  2.28615547E+05  0.00000000E+00  2.78433062E+05
  2.78433062E+05
->       3      12       2       1                                 <-   
DRAGON-DELTE                                                                    
  1.05949948E-04
->      -3       0       0       0                                 <-   
->      -1       0       0       0                                 <-   
