->       1      12       3       3                                 <-   
SIGNATURE                                                                       
         4         4         4
L_PIJ       
->       1      12       3       3                                 <-   
LINK.MACRO                                                                      
         4         4         4
MACRO       
->       1      12       3       3                                 <-   
LINK.TRACK                                                                      
         4         4         4
TRACK       
->       1      12       1      40                                 <-   
STATE-VECTOR                                                                    
         1         1         1         0         1         1         4        80
     13200         2         2         0         2         0         0         0
         0         0         0         0         0         0         0         0
         0         0         0         0         0         0         0         0
         0         0         0         0         0         0         0         0
->       1      12      10      80                                 <-   
GROUP                                                                           
->       2       0       0      -1                                 <-   00000001
->       3      12       2       3                                 <-   
DRAGON-TXSC                                                                     
  0.00000000E+00  1.00945997E+00  1.00945997E+00
->       3      12       2       6                                 <-   
DRAGON-S0XSC                                                                    
  0.00000000E+00  8.03978980E-01  8.03978980E-01  0.00000000E+00  5.22907972E-01
  5.22907972E-01
->       3      12       2       1                                 <-   
DRAGON-ECUTO                                                                    
  1.00000005E-03
->       3      12       2       6                                 <-   
DRAGON-ESTOP                                                                    
  0.00000000E+00  1.75623000E+00  1.75623000E+00  0.00000000E+00  1.74728000E+00
  1.74728000E+00
->       3      12       2       1                                 <-   
DRAGON-DELTE                                                                    
  3.02249998E-01
->      -3       0       0       0                                 <-   
->       2       0       0      -1                                 <-   00000002
->       3      12       2       3                                 <-   
DRAGON-TXSC                                                                     
  0.00000000E+00  1.16904998E+00  1.16904998E+00
->       3      12       2       6                                 <-   
DRAGON-S0XSC                                                                    
  0.00000000E+00  9.46376979E-01  9.46376979E-01  0.00000000E+00  6.15198016E-01
  6.15198016E-01
->       3      12       2       1                                 <-   
DRAGON-ECUTO                                                                    
  1.00000005E-03
->       3      12       2       6                                 <-   
DRAGON-ESTOP                                                                    
  0.00000000E+00  1.74728000E+00  1.74728000E+00  0.00000000E+00  1.73925996E+00
  1.73925996E+00
->       3      12       2       1                                 <-   
DRAGON-DELTE                                                                    
  2.73299992E-01
->      -3       0       0       0                                 <-   
->       2       0       0      -1                                 <-   00000003
->       3      12       2       3                                 <-   
DRAGON-TXSC                                                                     
  0.00000000E+00  1.35427999E+00  1.35427999E+00
->       3      12       2       6                                 <-   
DRAGON-S0XSC                                                                    
  0.00000000E+00  1.11255002E+00  1.11255002E+00  0.00000000E+00  7.22788990E-01
  7.22788990E-01
->       3      12       2       1                                 <-   
DRAGON-ECUTO                                                                    
  1.00000005E-03
->       3      12       2       6                                 <-   
DRAGON-ESTOP                                                                    
  0.00000000E+00  1.73925996E+00  1.73925996E+00  0.00000000E+00  1.73227000E+00
  1.73227000E+00
->       3      12       2       1                                 <-   
DRAGON-DELTE                                                                    
  2.47119993E-01
->      -3       0       0       0                                 <-   
->       2       0       0      -1                                 <-   00000004
->       3      12       2       3                                 <-   
DRAGON-TXSC                                                                     
  0.00000000E+00  1.56908000E+00  1.56908000E+00
->       3      12       2       6                                 <-   
DRAGON-S0XSC                                                                    
  0.00000000E+00  1.30619001E+00  1.30619001E+00  0.00000000E+00  8.48046005E-01
  8.48046005E-01
->       3      12       2       1                                 <-   
DRAGON-ECUTO                                                                    
  1.00000005E-03
->       3      12       2       6                                 <-   
DRAGON-ESTOP                                                                    
  0.00000000E+00  1.73227000E+00  1.73227000E+00  0.00000000E+00  1.72652996E+00
  1.72652996E+00
->       3      12       2       1                                 <-   
DRAGON-DELTE                                                                    
  2.23440006E-01
->      -3       0       0       0                                 <-   
->       2       0       0      -1                                 <-   00000005
->       3      12       2       3                                 <-   
DRAGON-TXSC                                                                     
  0.00000000E+00  1.81795001E+00  1.81795001E+00
->       3      12       2       6                                 <-   
DRAGON-S0XSC                                                                    
  0.00000000E+00  1.53154004E+00  1.53154004E+00  0.00000000E+00  9.93682981E-01
  9.93682981E-01
->       3      12       2       1                                 <-   
DRAGON-ECUTO                                                                    
  1.00000005E-03
->       3      12       2       6                                 <-   
DRAGON-ESTOP                                                                    
  0.00000000E+00  1.72652996E+00  1.72652996E+00  0.00000000E+00  1.72219002E+00
  1.72219002E+00
->       3      12       2       1                                 <-   
DRAGON-DELTE                                                                    
  2.02030003E-01
->      -3       0       0       0                                 <-   
->       2       0       0      -1                                 <-   00000006
->       3      12       2       3                                 <-   
DRAGON-TXSC                                                                     
  0.00000000E+00  2.10504007E+00  2.10504007E+00
->       3      12       2       6                                 <-   
DRAGON-S0XSC                                                                    
  0.00000000E+00  1.79245996E+00  1.79245996E+00  0.00000000E+00  1.16251004E+00
  1.16251004E+00
->       3      12       2       1                                 <-   
DRAGON-ECUTO                                                                    
  1.00000005E-03
->       3      12       2       6                                 <-   
DRAGON-ESTOP                                                                    
  0.00000000E+00  1.72219002E+00  1.72219002E+00  0.00000000E+00  1.71938002E+00
  1.71938002E+00
->       3      12       2       1                                 <-   
DRAGON-DELTE                                                                    
  1.82679996E-01
->      -3       0       0       0                                 <-   
->       2       0       0      -1                                 <-   00000007
->       3      12       2       3                                 <-   
DRAGON-TXSC                                                                     
  0.00000000E+00  2.43761992E+00  2.43761992E+00
->       3      12       2       6                                 <-   
DRAGON-S0XSC                                                                    
  0.00000000E+00  2.09584999E+00  2.09584999E+00  0.00000000E+00  1.35851002E+00
  1.35851002E+00
->       3      12       2       1                                 <-   
DRAGON-ECUTO                                                                    
  1.00000005E-03
->       3      12       2       6                                 <-   
DRAGON-ESTOP                                                                    
  0.00000000E+00  1.71938002E+00  1.71938002E+00  0.00000000E+00  1.71844995E+00
  1.71844995E+00
->       3      12       2       1                                 <-   
DRAGON-DELTE                                                                    
  1.65169999E-01
->      -3       0       0       0                                 <-   
->       2       0       0      -1                                 <-   00000008
->       3      12       2       3                                 <-   
DRAGON-TXSC                                                                     
  0.00000000E+00  2.82273006E+00  2.82273006E+00
->       3      12       2       6                                 <-   
DRAGON-S0XSC                                                                    
  0.00000000E+00  2.44835997E+00  2.44835997E+00  0.00000000E+00  1.58589005E+00
  1.58589005E+00
->       3      12       2       1                                 <-   
DRAGON-ECUTO                                                                    
  1.00000005E-03
->       3      12       2       6                                 <-   
DRAGON-ESTOP                                                                    
  0.00000000E+00  1.71844995E+00  1.71844995E+00  0.00000000E+00  1.71958995E+00
  1.71958995E+00
->       3      12       2       1                                 <-   
DRAGON-DELTE                                                                    
  1.49360001E-01
->      -3       0       0       0                                 <-   
->       2       0       0      -1                                 <-   00000009
->       3      12       2       3                                 <-   
DRAGON-TXSC                                                                     
  0.00000000E+00  3.26854992E+00  3.26854992E+00
->       3      12       2       6                                 <-   
DRAGON-S0XSC                                                                    
  0.00000000E+00  2.85764003E+00  2.85764003E+00  0.00000000E+00  1.84951997E+00
  1.84951997E+00
->       3      12       2       1                                 <-   
DRAGON-ECUTO                                                                    
  1.00000005E-03
->       3      12       2       6                                 <-   
DRAGON-ESTOP                                                                    
  0.00000000E+00  1.71958995E+00  1.71958995E+00  0.00000000E+00  1.72307003E+00
  1.72307003E+00
->       3      12       2       1                                 <-   
DRAGON-DELTE                                                                    
  1.35040000E-01
->      -3       0       0       0                                 <-   
->       2       0       0      -1                                 <-   00000010
->       3      12       2       3                                 <-   
DRAGON-TXSC                                                                     
  0.00000000E+00  3.78457999E+00  3.78457999E+00
->       3      12       2       6                                 <-   
DRAGON-S0XSC                                                                    
  0.00000000E+00  3.33265996E+00  3.33265996E+00  0.00000000E+00  2.15505004E+00
  2.15505004E+00
->       3      12       2       1                                 <-   
DRAGON-ECUTO                                                                    
  1.00000005E-03
->       3      12       2       6                                 <-   
DRAGON-ESTOP                                                                    
  0.00000000E+00  1.72307003E+00  1.72307003E+00  0.00000000E+00  1.72913003E+00
  1.72913003E+00
->       3      12       2       1                                 <-   
DRAGON-DELTE                                                                    
  1.22110002E-01
->      -3       0       0       0                                 <-   
->       2       0       0      -1                                 <-   00000011
->       3      12       2       3                                 <-   
DRAGON-TXSC                                                                     
  0.00000000E+00  4.38198996E+00  4.38198996E+00
->       3      12       2       6                                 <-   
DRAGON-S0XSC                                                                    
  0.00000000E+00  3.88385010E+00  3.88385010E+00  0.00000000E+00  2.50911999E+00
  2.50911999E+00
->       3      12       2       1                                 <-   
DRAGON-ECUTO                                                                    
  1.00000005E-03
->       3      12       2       6                                 <-   
DRAGON-ESTOP                                                                    
  0.00000000E+00  1.72913003E+00  1.72913003E+00  0.00000000E+00  1.73811996E+00
  1.73811996E+00
->       3      12       2       1                                 <-   
DRAGON-DELTE                                                                    
  1.10399999E-01
->      -3       0       0       0                                 <-   
->       2       0       0      -1                                 <-   00000012
->       3      12       2       3                                 <-   
DRAGON-TXSC                                                                     
  0.00000000E+00  5.07365990E+00  5.07365990E+00
->       3      12       2       6                                 <-   
DRAGON-S0XSC                                                                    
  0.00000000E+00  4.52330017E+00  4.52330017E+00  0.00000000E+00  2.91940999E+00
  2.91940999E+00
->       3      12       2       1                                 <-   
DRAGON-ECUTO                                                                    
  1.00000005E-03
->       3      12       2       6                                 <-   
DRAGON-ESTOP                                                                    
  0.00000000E+00  1.73811996E+00  1.73811996E+00  0.00000000E+00  1.75016999E+00
  1.75016999E+00
->       3      12       2       1                                 <-   
DRAGON-DELTE                                                                    
  9.98340026E-02
->      -3       0       0       0                                 <-   
->       2       0       0      -1                                 <-   00000013
->       3      12       2       3                                 <-   
DRAGON-TXSC                                                                     
  0.00000000E+00  5.87393999E+00  5.87393999E+00
->       3      12       2       6                                 <-   
DRAGON-S0XSC                                                                    
  0.00000000E+00  5.26437998E+00  5.26437998E+00  0.00000000E+00  3.39473009E+00
  3.39473009E+00
->       3      12       2       1                                 <-   
DRAGON-ECUTO                                                                    
  1.00000005E-03
->       3      12       2       6                                 <-   
DRAGON-ESTOP                                                                    
  0.00000000E+00  1.75016999E+00  1.75016999E+00  0.00000000E+00  1.76591003E+00
  1.76591003E+00
->       3      12       2       1                                 <-   
DRAGON-DELTE                                                                    
  9.02659968E-02
->      -3       0       0       0                                 <-   
->       2       0       0      -1                                 <-   00000014
->       3      12       2       3                                 <-   
DRAGON-TXSC                                                                     
  0.00000000E+00  6.80328989E+00  6.80328989E+00
->       3      12       2       6                                 <-   
DRAGON-S0XSC                                                                    
  0.00000000E+00  6.12633991E+00  6.12633991E+00  0.00000000E+00  3.94649005E+00
  3.94649005E+00
->       3      12       2       1                                 <-   
DRAGON-ECUTO                                                                    
  1.00000005E-03
->       3      12       2       6                                 <-   
DRAGON-ESTOP                                                                    
  0.00000000E+00  1.76591003E+00  1.76591003E+00  0.00000000E+00  1.78559005E+00
  1.78559005E+00
->       3      12       2       1                                 <-   
DRAGON-DELTE                                                                    
  8.16180035E-02
->      -3       0       0       0                                 <-   
->       2       0       0      -1                                 <-   00000015
->       3      12       2       3                                 <-   
DRAGON-TXSC                                                                     
  0.00000000E+00  7.88341999E+00  7.88341999E+00
->       3      12       2       6                                 <-   
DRAGON-S0XSC                                                                    
  0.00000000E+00  7.12951994E+00  7.12951994E+00  0.00000000E+00  4.58747005E+00
  4.58747005E+00
->       3      12       2       1                                 <-   
DRAGON-ECUTO                                                                    
  1.00000005E-03
->       3      12       2       6                                 <-   
DRAGON-ESTOP                                                                    
  0.00000000E+00  1.78559005E+00  1.78559005E+00  0.00000000E+00  1.80958998E+00
  1.80958998E+00
->       3      12       2       1                                 <-   
DRAGON-DELTE                                                                    
  7.37989992E-02
->      -3       0       0       0                                 <-   
->       2       0       0      -1                                 <-   00000016
->       3      12       2       3                                 <-   
DRAGON-TXSC                                                                     
  0.00000000E+00  9.14011955E+00  9.14011955E+00
->       3      12       2       6                                 <-   
DRAGON-S0XSC                                                                    
  0.00000000E+00  8.29798985E+00  8.29798985E+00  0.00000000E+00  5.33276987E+00
  5.33276987E+00
->       3      12       2       1                                 <-   
DRAGON-ECUTO                                                                    
  1.00000005E-03
->       3      12       2       6                                 <-   
DRAGON-ESTOP                                                                    
  0.00000000E+00  1.80958998E+00  1.80958998E+00  0.00000000E+00  1.83829999E+00
  1.83829999E+00
->       3      12       2       1                                 <-   
DRAGON-DELTE                                                                    
  6.67290017E-02
->      -3       0       0       0                                 <-   
->       2       0       0      -1                                 <-   00000017
->       3      12       2       3                                 <-   
DRAGON-TXSC                                                                     
  0.00000000E+00  1.05972996E+01  1.05972996E+01
->       3      12       2       6                                 <-   
DRAGON-S0XSC                                                                    
  0.00000000E+00  9.65365982E+00  9.65365982E+00  0.00000000E+00  6.19840002E+00
  6.19840002E+00
->       3      12       2       1                                 <-   
DRAGON-ECUTO                                                                    
  1.00000005E-03
->       3      12       2       6                                 <-   
DRAGON-ESTOP                                                                    
  0.00000000E+00  1.83829999E+00  1.83829999E+00  0.00000000E+00  1.87215996E+00
  1.87215996E+00
->       3      12       2       1                                 <-   
DRAGON-DELTE                                                                    
  6.03349991E-02
->      -3       0       0       0                                 <-   
->       2       0       0      -1                                 <-   00000018
->       3      12       2       3                                 <-   
DRAGON-TXSC                                                                     
  0.00000000E+00  1.23028002E+01  1.23028002E+01
->       3      12       2       6                                 <-   
DRAGON-S0XSC                                                                    
  0.00000000E+00  1.12418003E+01  1.12418003E+01  0.00000000E+00  7.20888996E+00
  7.20888996E+00
->       3      12       2       1                                 <-   
DRAGON-ECUTO                                                                    
  1.00000005E-03
->       3      12       2       6                                 <-   
DRAGON-ESTOP                                                                    
  0.00000000E+00  1.87215996E+00  1.87215996E+00  0.00000000E+00  1.91159999E+00
  1.91159999E+00
->       3      12       2       1                                 <-   
DRAGON-DELTE                                                                    
  5.45560010E-02
->      -3       0       0       0                                 <-   
->       2       0       0      -1                                 <-   00000019
->       3      12       2       3                                 <-   
DRAGON-TXSC                                                                     
  0.00000000E+00  1.42974997E+01  1.42974997E+01
->       3      12       2       6                                 <-   
DRAGON-S0XSC                                                                    
  0.00000000E+00  1.31006002E+01  1.31006002E+01  0.00000000E+00  8.38889980E+00
  8.38889980E+00
->       3      12       2       1                                 <-   
DRAGON-ECUTO                                                                    
  1.00000005E-03
->       3      12       2       6                                 <-   
DRAGON-ESTOP                                                                    
  0.00000000E+00  1.91159999E+00  1.91159999E+00  0.00000000E+00  1.95710003E+00
  1.95710003E+00
->       3      12       2       1                                 <-   
DRAGON-DELTE                                                                    
  4.93290015E-02
->      -3       0       0       0                                 <-   
->       2       0       0      -1                                 <-   00000020
->       3      12       2       3                                 <-   
DRAGON-TXSC                                                                     
  0.00000000E+00  1.66338997E+01  1.66338997E+01
->       3      12       2       6                                 <-   
DRAGON-S0XSC                                                                    
  0.00000000E+00  1.52788000E+01  1.52788000E+01  0.00000000E+00  9.76875019E+00
  9.76875019E+00
->       3      12       2       1                                 <-   
DRAGON-ECUTO                                                                    
  1.00000005E-03
->       3      12       2       6                                 <-   
DRAGON-ESTOP                                                                    
  0.00000000E+00  1.95710003E+00  1.95710003E+00  0.00000000E+00  2.00738001E+00
  2.00738001E+00
->       3      12       2       1                                 <-   
DRAGON-DELTE                                                                    
  4.46019992E-02
->      -3       0       0       0                                 <-   
->       2       0       0      -1                                 <-   00000021
->       3      12       2       3                                 <-   
DRAGON-TXSC                                                                     
  0.00000000E+00  1.93745003E+01  1.93745003E+01
->       3      12       2       6                                 <-   
DRAGON-S0XSC                                                                    
  0.00000000E+00  1.78346004E+01  1.78346004E+01  0.00000000E+00  1.13845997E+01
  1.13845997E+01
->       3      12       2       1                                 <-   
DRAGON-ECUTO                                                                    
  1.00000005E-03
->       3      12       2       6                                 <-   
DRAGON-ESTOP                                                                    
  0.00000000E+00  2.00738001E+00  2.00738001E+00  0.00000000E+00  2.06428003E+00
  2.06428003E+00
->       3      12       2       1                                 <-   
DRAGON-DELTE                                                                    
  4.03300002E-02
->      -3       0       0       0                                 <-   
->       2       0       0      -1                                 <-   00000022
->       3      12       2       3                                 <-   
DRAGON-TXSC                                                                     
  0.00000000E+00  2.25837994E+01  2.25837994E+01
->       3      12       2       6                                 <-   
DRAGON-S0XSC                                                                    
  0.00000000E+00  2.08274994E+01  2.08274994E+01  0.00000000E+00  1.32769003E+01
  1.32769003E+01
->       3      12       2       1                                 <-   
DRAGON-ECUTO                                                                    
  1.00000005E-03
->       3      12       2       6                                 <-   
DRAGON-ESTOP                                                                    
  0.00000000E+00  2.06428003E+00  2.06428003E+00  0.00000000E+00  2.12916994E+00
  2.12916994E+00
->       3      12       2       1                                 <-   
DRAGON-DELTE                                                                    
  3.64659987E-02
->      -3       0       0       0                                 <-   
->       2       0       0      -1                                 <-   00000023
->       3      12       2       3                                 <-   
DRAGON-TXSC                                                                     
  0.00000000E+00  2.63637009E+01  2.63637009E+01
->       3      12       2       6                                 <-   
DRAGON-S0XSC                                                                    
  0.00000000E+00  2.43528996E+01  2.43528996E+01  0.00000000E+00  1.55003996E+01
  1.55003996E+01
->       3      12       2       1                                 <-   
DRAGON-ECUTO                                                                    
  1.00000005E-03
->       3      12       2       6                                 <-   
DRAGON-ESTOP                                                                    
  0.00000000E+00  2.12916994E+00  2.12916994E+00  0.00000000E+00  2.20268011E+00
  2.20268011E+00
->       3      12       2       1                                 <-   
DRAGON-DELTE                                                                    
  3.29729989E-02
->      -3       0       0       0                                 <-   
->       2       0       0      -1                                 <-   00000024
->       3      12       2       3                                 <-   
DRAGON-TXSC                                                                     
  0.00000000E+00  3.08215008E+01  3.08215008E+01
->       3      12       2       6                                 <-   
DRAGON-S0XSC                                                                    
  0.00000000E+00  2.85107994E+01  2.85107994E+01  0.00000000E+00  1.81168003E+01
  1.81168003E+01
->       3      12       2       1                                 <-   
DRAGON-ECUTO                                                                    
  1.00000005E-03
->       3      12       2       6                                 <-   
DRAGON-ESTOP                                                                    
  0.00000000E+00  2.20268011E+00  2.20268011E+00  0.00000000E+00  2.28546000E+00
  2.28546000E+00
->       3      12       2       1                                 <-   
DRAGON-DELTE                                                                    
  2.98129991E-02
->      -3       0       0       0                                 <-   
->       2       0       0      -1                                 <-   00000025
->       3      12       2       3                                 <-   
DRAGON-TXSC                                                                     
  0.00000000E+00  3.60862007E+01  3.60862007E+01
->       3      12       2       6                                 <-   
DRAGON-S0XSC                                                                    
  0.00000000E+00  3.34207993E+01  3.34207993E+01  0.00000000E+00  2.11996002E+01
  2.11996002E+01
->       3      12       2       1                                 <-   
DRAGON-ECUTO                                                                    
  1.00000005E-03
->       3      12       2       6                                 <-   
DRAGON-ESTOP                                                                    
  0.00000000E+00  2.28546000E+00  2.28546000E+00  0.00000000E+00  2.37772012E+00
  2.37772012E+00
->       3      12       2       1                                 <-   
DRAGON-DELTE                                                                    
  2.69569997E-02
->      -3       0       0       0                                 <-   
->       2       0       0      -1                                 <-   00000026
->       3      12       2       3                                 <-   
DRAGON-TXSC                                                                     
  0.00000000E+00  4.18210983E+01  4.18210983E+01
->       3      12       2       6                                 <-   
DRAGON-S0XSC                                                                    
  0.00000000E+00  3.87354012E+01  3.87354012E+01  0.00000000E+00  2.45060005E+01
  2.45060005E+01
->       3      12       2       1                                 <-   
DRAGON-ECUTO                                                                    
  1.00000005E-03
->       3      12       2       6                                 <-   
DRAGON-ESTOP                                                                    
  0.00000000E+00  2.37772012E+00  2.37772012E+00  0.00000000E+00  2.48131990E+00
  2.48131990E+00
->       3      12       2       1                                 <-   
DRAGON-DELTE                                                                    
  2.43749991E-02
->      -3       0       0       0                                 <-   
->       2       0       0      -1                                 <-   00000027
->       3      12       2       3                                 <-   
DRAGON-TXSC                                                                     
  0.00000000E+00  4.91021996E+01  4.91021996E+01
->       3      12       2       6                                 <-   
DRAGON-S0XSC                                                                    
  0.00000000E+00  4.55169983E+01  4.55169983E+01  0.00000000E+00  2.87425003E+01
  2.87425003E+01
->       3      12       2       1                                 <-   
DRAGON-ECUTO                                                                    
  1.00000005E-03
->       3      12       2       6                                 <-   
DRAGON-ESTOP                                                                    
  0.00000000E+00  2.48131990E+00  2.48131990E+00  0.00000000E+00  2.59664989E+00
  2.59664989E+00
->       3      12       2       1                                 <-   
DRAGON-DELTE                                                                    
  2.20400002E-02
->      -3       0       0       0                                 <-   
->       2       0       0      -1                                 <-   00000028
->       3      12       2       3                                 <-   
DRAGON-TXSC                                                                     
  0.00000000E+00  5.77272987E+01  5.77272987E+01
->       3      12       2       6                                 <-   
DRAGON-S0XSC                                                                    
  0.00000000E+00  5.35470009E+01  5.35470009E+01  0.00000000E+00  3.37494011E+01
  3.37494011E+01
->       3      12       2       1                                 <-   
DRAGON-ECUTO                                                                    
  1.00000005E-03
->       3      12       2       6                                 <-   
DRAGON-ESTOP                                                                    
  0.00000000E+00  2.59664989E+00  2.59664989E+00  0.00000000E+00  2.72463989E+00
  2.72463989E+00
->       3      12       2       1                                 <-   
DRAGON-DELTE                                                                    
  1.99280009E-02
->      -3       0       0       0                                 <-   
->       2       0       0      -1                                 <-   00000029
->       3      12       2       3                                 <-   
DRAGON-TXSC                                                                     
  0.00000000E+00  6.79562988E+01  6.79562988E+01
->       3      12       2       6                                 <-   
DRAGON-S0XSC                                                                    
  0.00000000E+00  6.30657005E+01  6.30657005E+01  0.00000000E+00  3.96730003E+01
  3.96730003E+01
->       3      12       2       1                                 <-   
DRAGON-ECUTO                                                                    
  1.00000005E-03
->       3      12       2       6                                 <-   
DRAGON-ESTOP                                                                    
  0.00000000E+00  2.72463989E+00  2.72463989E+00  0.00000000E+00  2.86628008E+00
  2.86628008E+00
->       3      12       2       1                                 <-   
DRAGON-DELTE                                                                    
  1.80179998E-02
->      -3       0       0       0                                 <-   
->       2       0       0      -1                                 <-   00000030
->       3      12       2       3                                 <-   
DRAGON-TXSC                                                                     
  0.00000000E+00  8.01016006E+01  8.01016006E+01
->       3      12       2       6                                 <-   
DRAGON-S0XSC                                                                    
  0.00000000E+00  7.43612976E+01  7.43612976E+01  0.00000000E+00  4.66889000E+01
  4.66889000E+01
->       3      12       2       1                                 <-   
DRAGON-ECUTO                                                                    
  1.00000005E-03
->       3      12       2       6                                 <-   
DRAGON-ESTOP                                                                    
  0.00000000E+00  2.86628008E+00  2.86628008E+00  0.00000000E+00  3.02263999E+00
  3.02263999E+00
->       3      12       2       1                                 <-   
DRAGON-DELTE                                                                    
  1.62930004E-02
->      -3       0       0       0                                 <-   
->       2       0       0      -1                                 <-   00000031
->       3      12       2       3                                 <-   
DRAGON-TXSC                                                                     
  0.00000000E+00  9.45388031E+01  9.45388031E+01
->       3      12       2       6                                 <-   
DRAGON-S0XSC                                                                    
  0.00000000E+00  8.77804031E+01  8.77804031E+01  0.00000000E+00  5.50071983E+01
  5.50071983E+01
->       3      12       2       1                                 <-   
DRAGON-ECUTO                                                                    
  1.00000005E-03
->       3      12       2       6                                 <-   
DRAGON-ESTOP                                                                    
  0.00000000E+00  3.02263999E+00  3.02263999E+00  0.00000000E+00  3.19398999E+00
  3.19398999E+00
->       3      12       2       1                                 <-   
DRAGON-DELTE                                                                    
  1.47320004E-02
->      -3       0       0       0                                 <-   
->       2       0       0      -1                                 <-   00000032
->       3      12       2       3                                 <-   
DRAGON-TXSC                                                                     
  0.00000000E+00  1.11720001E+02  1.11720001E+02
->       3      12       2       6                                 <-   
DRAGON-S0XSC                                                                    
  0.00000000E+00  1.03738998E+02  1.03738998E+02  0.00000000E+00  6.48804016E+01
  6.48804016E+01
->       3      12       2       1                                 <-   
DRAGON-ECUTO                                                                    
  1.00000005E-03
->       3      12       2       6                                 <-   
DRAGON-ESTOP                                                                    
  0.00000000E+00  3.19398999E+00  3.19398999E+00  0.00000000E+00  3.38339996E+00
  3.38339996E+00
->       3      12       2       1                                 <-   
DRAGON-DELTE                                                                    
  1.33199999E-02
->      -3       0       0       0                                 <-   
->       2       0       0      -1                                 <-   00000033
->       3      12       2       3                                 <-   
DRAGON-TXSC                                                                     
  0.00000000E+00  1.32190002E+02  1.32190002E+02
->       3      12       2       6                                 <-   
DRAGON-S0XSC                                                                    
  0.00000000E+00  1.22739998E+02  1.22739998E+02  0.00000000E+00  7.66119003E+01
  7.66119003E+01
->       3      12       2       1                                 <-   
DRAGON-ECUTO                                                                    
  1.00000005E-03
->       3      12       2       6                                 <-   
DRAGON-ESTOP                                                                    
  0.00000000E+00  3.38339996E+00  3.38339996E+00  0.00000000E+00  3.59151006E+00
  3.59151006E+00
->       3      12       2       1                                 <-   
DRAGON-DELTE                                                                    
  1.20440004E-02
->      -3       0       0       0                                 <-   
->       2       0       0      -1                                 <-   00000034
->       3      12       2       3                                 <-   
DRAGON-TXSC                                                                     
  0.00000000E+00  1.56606003E+02  1.56606003E+02
->       3      12       2       6                                 <-   
DRAGON-S0XSC                                                                    
  0.00000000E+00  1.45386993E+02  1.45386993E+02  0.00000000E+00  9.05662994E+01
  9.05662994E+01
->       3      12       2       1                                 <-   
DRAGON-ECUTO                                                                    
  1.00000005E-03
->       3      12       2       6                                 <-   
DRAGON-ESTOP                                                                    
  0.00000000E+00  3.59151006E+00  3.59151006E+00  0.00000000E+00  3.81978989E+00
  3.81978989E+00
->       3      12       2       1                                 <-   
DRAGON-DELTE                                                                    
  1.08899996E-02
->      -3       0       0       0                                 <-   
->       2       0       0      -1                                 <-   00000035
->       3      12       2       3                                 <-   
DRAGON-TXSC                                                                     
  0.00000000E+00  1.85761993E+02  1.85761993E+02
->       3      12       2       6                                 <-   
DRAGON-S0XSC                                                                    
  0.00000000E+00  1.72408997E+02  1.72408997E+02  0.00000000E+00  1.07182999E+02
  1.07182999E+02
->       3      12       2       1                                 <-   
DRAGON-ECUTO                                                                    
  1.00000005E-03
->       3      12       2       6                                 <-   
DRAGON-ESTOP                                                                    
  0.00000000E+00  3.81978989E+00  3.81978989E+00  0.00000000E+00  4.06984997E+00
  4.06984997E+00
->       3      12       2       1                                 <-   
DRAGON-DELTE                                                                    
  9.84750036E-03
->      -3       0       0       0                                 <-   
->       2       0       0      -1                                 <-   00000036
->       3      12       2       3                                 <-   
DRAGON-TXSC                                                                     
  0.00000000E+00  2.20615997E+02  2.20615997E+02
->       3      12       2       6                                 <-   
DRAGON-S0XSC                                                                    
  0.00000000E+00  2.04686996E+02  2.04686996E+02  0.00000000E+00  1.26989998E+02
  1.26989998E+02
->       3      12       2       1                                 <-   
DRAGON-ECUTO                                                                    
  1.00000005E-03
->       3      12       2       6                                 <-   
DRAGON-ESTOP                                                                    
  0.00000000E+00  4.06984997E+00  4.06984997E+00  0.00000000E+00  4.34341002E+00
  4.34341002E+00
->       3      12       2       1                                 <-   
DRAGON-DELTE                                                                    
  8.90349969E-03
->      -3       0       0       0                                 <-   
->       2       0       0      -1                                 <-   00000037
->       3      12       2       3                                 <-   
DRAGON-TXSC                                                                     
  0.00000000E+00  2.62328003E+02  2.62328003E+02
->       3      12       2       6                                 <-   
DRAGON-S0XSC                                                                    
  0.00000000E+00  2.43285995E+02  2.43285995E+02  0.00000000E+00  1.50628006E+02
  1.50628006E+02
->       3      12       2       1                                 <-   
DRAGON-ECUTO                                                                    
  1.00000005E-03
->       3      12       2       6                                 <-   
DRAGON-ESTOP                                                                    
  0.00000000E+00  4.34341002E+00  4.34341002E+00  0.00000000E+00  4.64081001E+00
  4.64081001E+00
->       3      12       2       1                                 <-   
DRAGON-DELTE                                                                    
  8.05060193E-03
->      -3       0       0       0                                 <-   
->       2       0       0      -1                                 <-   00000038
->       3      12       2       3                                 <-   
DRAGON-TXSC                                                                     
  0.00000000E+00  3.12303009E+02  3.12303009E+02
->       3      12       2       6                                 <-   
DRAGON-S0XSC                                                                    
  0.00000000E+00  2.89494995E+02  2.89494995E+02  0.00000000E+00  1.78865997E+02
  1.78865997E+02
->       3      12       2       1                                 <-   
DRAGON-ECUTO                                                                    
  1.00000005E-03
->       3      12       2       6                                 <-   
DRAGON-ESTOP                                                                    
  0.00000000E+00  4.64081001E+00  4.64081001E+00  0.00000000E+00  4.96707010E+00
  4.96707010E+00
->       3      12       2       1                                 <-   
DRAGON-DELTE                                                                    
  7.27929687E-03
->      -3       0       0       0                                 <-   
->       2       0       0      -1                                 <-   00000039
->       3      12       2       3                                 <-   
DRAGON-TXSC                                                                     
  0.00000000E+00  3.72243011E+02  3.72243011E+02
->       3      12       2       6                                 <-   
DRAGON-S0XSC                                                                    
  0.00000000E+00  3.44873993E+02  3.44873993E+02  0.00000000E+00  2.12636002E+02
  2.12636002E+02
->       3      12       2       1                                 <-   
DRAGON-ECUTO                                                                    
  1.00000005E-03
->       3      12       2       6                                 <-   
DRAGON-ESTOP                                                                    
  0.00000000E+00  4.96707010E+00  4.96707010E+00  0.00000000E+00  5.32314014E+00
  5.32314014E+00
->       3      12       2       1                                 <-   
DRAGON-DELTE                                                                    
  6.58200402E-03
->      -3       0       0       0                                 <-   
->       2       0       0      -1                                 <-   00000040
->       3      12       2       3                                 <-   
DRAGON-TXSC                                                                     
  0.00000000E+00  4.43566986E+02  4.43566986E+02
->       3      12       2       6                                 <-   
DRAGON-S0XSC                                                                    
  0.00000000E+00  4.10670990E+02  4.10670990E+02  0.00000000E+00  2.52667999E+02
  2.52667999E+02
->       3      12       2       1                                 <-   
DRAGON-ECUTO                                                                    
  1.00000005E-03
->       3      12       2       6                                 <-   
DRAGON-ESTOP                                                                    
  0.00000000E+00  5.32314014E+00  5.32314014E+00  0.00000000E+00  5.71136999E+00
  5.71136999E+00
->       3      12       2       1                                 <-   
DRAGON-DELTE                                                                    
  5.95130073E-03
->      -3       0       0       0                                 <-   
->       2       0       0      -1                                 <-   00000041
->       3      12       2       3                                 <-   
DRAGON-TXSC                                                                     
  0.00000000E+00  5.28757996E+02  5.28757996E+02
->       3      12       2       6                                 <-   
DRAGON-S0XSC                                                                    
  0.00000000E+00  4.89156006E+02  4.89156006E+02  0.00000000E+00  3.00313995E+02
  3.00313995E+02
->       3      12       2       1                                 <-   
DRAGON-ECUTO                                                                    
  1.00000005E-03
->       3      12       2       6                                 <-   
DRAGON-ESTOP                                                                    
  0.00000000E+00  5.71136999E+00  5.71136999E+00  0.00000000E+00  6.13427019E+00
  6.13427019E+00
->       3      12       2       1                                 <-   
DRAGON-DELTE                                                                    
  5.38119534E-03
->      -3       0       0       0                                 <-   
->       2       0       0      -1                                 <-   00000042
->       3      12       2       3                                 <-   
DRAGON-TXSC                                                                     
  0.00000000E+00  6.30750000E+02  6.30750000E+02
->       3      12       2       6                                 <-   
DRAGON-S0XSC                                                                    
  0.00000000E+00  5.83007019E+02  5.83007019E+02  0.00000000E+00  3.57161987E+02
  3.57161987E+02
->       3      12       2       1                                 <-   
DRAGON-ECUTO                                                                    
  1.00000005E-03
->       3      12       2       6                                 <-   
DRAGON-ESTOP                                                                    
  0.00000000E+00  6.13427019E+00  6.13427019E+00  0.00000000E+00  6.59452009E+00
  6.59452009E+00
->       3      12       2       1                                 <-   
DRAGON-DELTE                                                                    
  4.86570317E-03
->      -3       0       0       0                                 <-   
->       2       0       0      -1                                 <-   00000043
->       3      12       2       3                                 <-   
DRAGON-TXSC                                                                     
  0.00000000E+00  7.52932983E+02  7.52932983E+02
->       3      12       2       6                                 <-   
DRAGON-S0XSC                                                                    
  0.00000000E+00  6.95299988E+02  6.95299988E+02  0.00000000E+00  4.25028992E+02
  4.25028992E+02
->       3      12       2       1                                 <-   
DRAGON-ECUTO                                                                    
  1.00000005E-03
->       3      12       2       6                                 <-   
DRAGON-ESTOP                                                                    
  0.00000000E+00  6.59452009E+00  6.59452009E+00  0.00000000E+00  7.09257984E+00
  7.09257984E+00
->       3      12       2       1                                 <-   
DRAGON-DELTE                                                                    
  4.39949986E-03
->      -3       0       0       0                                 <-   
->       2       0       0      -1                                 <-   00000044
->       3      12       2       3                                 <-   
DRAGON-TXSC                                                                     
  0.00000000E+00  8.99398010E+02  8.99398010E+02
->       3      12       2       6                                 <-   
DRAGON-S0XSC                                                                    
  0.00000000E+00  8.29744019E+02  8.29744019E+02  0.00000000E+00  5.06100006E+02
  5.06100006E+02
->       3      12       2       1                                 <-   
DRAGON-ECUTO                                                                    
  1.00000005E-03
->       3      12       2       6                                 <-   
DRAGON-ESTOP                                                                    
  0.00000000E+00  7.09257984E+00  7.09257984E+00  0.00000000E+00  7.63629007E+00
  7.63629007E+00
->       3      12       2       1                                 <-   
DRAGON-DELTE                                                                    
  3.97800002E-03
->      -3       0       0       0                                 <-   
->       2       0       0      -1                                 <-   00000045
->       3      12       2       3                                 <-   
DRAGON-TXSC                                                                     
  0.00000000E+00  1.07507996E+03  1.07507996E+03
->       3      12       2       6                                 <-   
DRAGON-S0XSC                                                                    
  0.00000000E+00  9.90804993E+02  9.90804993E+02  0.00000000E+00  6.02999023E+02
  6.02999023E+02
->       3      12       2       1                                 <-   
DRAGON-ECUTO                                                                    
  1.00000005E-03
->       3      12       2       6                                 <-   
DRAGON-ESTOP                                                                    
  0.00000000E+00  7.63629007E+00  7.63629007E+00  0.00000000E+00  8.22712994E+00
  8.22712994E+00
->       3      12       2       1                                 <-   
DRAGON-DELTE                                                                    
  3.59689840E-03
->      -3       0       0       0                                 <-   
->       2       0       0      -1                                 <-   00000046
->       3      12       2       3                                 <-   
DRAGON-TXSC                                                                     
  0.00000000E+00  1.28593994E+03  1.28593994E+03
->       3      12       2       6                                 <-   
DRAGON-S0XSC                                                                    
  0.00000000E+00  1.18387000E+03  1.18387000E+03  0.00000000E+00  7.18887024E+02
  7.18887024E+02
->       3      12       2       1                                 <-   
DRAGON-ECUTO                                                                    
  1.00000005E-03
->       3      12       2       6                                 <-   
DRAGON-ESTOP                                                                    
  0.00000000E+00  8.22712994E+00  8.22712994E+00  0.00000000E+00  8.86865044E+00
  8.86865044E+00
->       3      12       2       1                                 <-   
DRAGON-DELTE                                                                    
  3.25230067E-03
->      -3       0       0       0                                 <-   
->       2       0       0      -1                                 <-   00000047
->       3      12       2       3                                 <-   
DRAGON-TXSC                                                                     
  0.00000000E+00  1.53702002E+03  1.53702002E+03
->       3      12       2       6                                 <-   
DRAGON-S0XSC                                                                    
  0.00000000E+00  1.41330005E+03  1.41330005E+03  0.00000000E+00  8.56169006E+02
  8.56169006E+02
->       3      12       2       1                                 <-   
DRAGON-ECUTO                                                                    
  1.00000005E-03
->       3      12       2       6                                 <-   
DRAGON-ESTOP                                                                    
  0.00000000E+00  8.86865044E+00  8.86865044E+00  0.00000000E+00  9.56464958E+00
  9.56464958E+00
->       3      12       2       1                                 <-   
DRAGON-DELTE                                                                    
  2.94069923E-03
->      -3       0       0       0                                 <-   
->       2       0       0      -1                                 <-   00000048
->       3      12       2       3                                 <-   
DRAGON-TXSC                                                                     
  0.00000000E+00  1.83741003E+03  1.83741003E+03
->       3      12       2       6                                 <-   
DRAGON-S0XSC                                                                    
  0.00000000E+00  1.68730005E+03  1.68730005E+03  0.00000000E+00  1.01967999E+03
  1.01967999E+03
->       3      12       2       1                                 <-   
DRAGON-ECUTO                                                                    
  1.00000005E-03
->       3      12       2       6                                 <-   
DRAGON-ESTOP                                                                    
  0.00000000E+00  9.56464958E+00  9.56464958E+00  0.00000000E+00  1.03191996E+01
  1.03191996E+01
->       3      12       2       1                                 <-   
DRAGON-DELTE                                                                    
  2.65899999E-03
->      -3       0       0       0                                 <-   
->       2       0       0      -1                                 <-   00000049
->       3      12       2       3                                 <-   
DRAGON-TXSC                                                                     
  0.00000000E+00  2.19709009E+03  2.19709009E+03
->       3      12       2       6                                 <-   
DRAGON-S0XSC                                                                    
  0.00000000E+00  2.01483997E+03  2.01483997E+03  0.00000000E+00  1.21459998E+03
  1.21459998E+03
->       3      12       2       1                                 <-   
DRAGON-ECUTO                                                                    
  1.00000005E-03
->       3      12       2       6                                 <-   
DRAGON-ESTOP                                                                    
  0.00000000E+00  1.03191996E+01  1.03191996E+01  0.00000000E+00  1.11325998E+01
  1.11325998E+01
->       3      12       2       1                                 <-   
DRAGON-DELTE                                                                    
  2.40419921E-03
->      -3       0       0       0                                 <-   
->       2       0       0      -1                                 <-   00000050
->       3      12       2       3                                 <-   
DRAGON-TXSC                                                                     
  0.00000000E+00  2.62786011E+03  2.62786011E+03
->       3      12       2       6                                 <-   
DRAGON-S0XSC                                                                    
  0.00000000E+00  2.40642993E+03  2.40642993E+03  0.00000000E+00  1.44697998E+03
  1.44697998E+03
->       3      12       2       1                                 <-   
DRAGON-ECUTO                                                                    
  1.00000005E-03
->       3      12       2       6                                 <-   
DRAGON-ESTOP                                                                    
  0.00000000E+00  1.11325998E+01  1.11325998E+01  0.00000000E+00  1.20170002E+01
  1.20170002E+01
->       3      12       2       1                                 <-   
DRAGON-DELTE                                                                    
  2.17400002E-03
->      -3       0       0       0                                 <-   
->       2       0       0      -1                                 <-   00000051
->       3      12       2       3                                 <-   
DRAGON-TXSC                                                                     
  0.00000000E+00  3.14390991E+03  3.14390991E+03
->       3      12       2       6                                 <-   
DRAGON-S0XSC                                                                    
  0.00000000E+00  2.87470996E+03  2.87470996E+03  0.00000000E+00  1.72407996E+03
  1.72407996E+03
->       3      12       2       1                                 <-   
DRAGON-ECUTO                                                                    
  1.00000005E-03
->       3      12       2       6                                 <-   
DRAGON-ESTOP                                                                    
  0.00000000E+00  1.20170002E+01  1.20170002E+01  0.00000000E+00  1.29743996E+01
  1.29743996E+01
->       3      12       2       1                                 <-   
DRAGON-DELTE                                                                    
  1.96560146E-03
->      -3       0       0       0                                 <-   
->       2       0       0      -1                                 <-   00000052
->       3      12       2       3                                 <-   
DRAGON-TXSC                                                                     
  0.00000000E+00  3.76227002E+03  3.76227002E+03
->       3      12       2       6                                 <-   
DRAGON-S0XSC                                                                    
  0.00000000E+00  3.43481006E+03  3.43481006E+03  0.00000000E+00  2.05454004E+03
  2.05454004E+03
->       3      12       2       1                                 <-   
DRAGON-ECUTO                                                                    
  1.00000005E-03
->       3      12       2       6                                 <-   
DRAGON-ESTOP                                                                    
  0.00000000E+00  1.29743996E+01  1.29743996E+01  0.00000000E+00  1.40099001E+01
  1.40099001E+01
->       3      12       2       1                                 <-   
DRAGON-DELTE                                                                    
  1.77730073E-03
->      -3       0       0       0                                 <-   
->       2       0       0      -1                                 <-   00000053
->       3      12       2       3                                 <-   
DRAGON-TXSC                                                                     
  0.00000000E+00  4.50322021E+03  4.50322021E+03
->       3      12       2       6                                 <-   
DRAGON-S0XSC                                                                    
  0.00000000E+00  4.10468018E+03  4.10468018E+03  0.00000000E+00  2.44858008E+03
  2.44858008E+03
->       3      12       2       1                                 <-   
DRAGON-ECUTO                                                                    
  1.00000005E-03
->       3      12       2       6                                 <-   
DRAGON-ESTOP                                                                    
  0.00000000E+00  1.40099001E+01  1.40099001E+01  0.00000000E+00  1.51289997E+01
  1.51289997E+01
->       3      12       2       1                                 <-   
DRAGON-DELTE                                                                    
  1.60709862E-03
->      -3       0       0       0                                 <-   
->       2       0       0      -1                                 <-   00000054
->       3      12       2       3                                 <-   
DRAGON-TXSC                                                                     
  0.00000000E+00  5.38418994E+03  5.38418994E+03
->       3      12       2       6                                 <-   
DRAGON-S0XSC                                                                    
  0.00000000E+00  4.89891992E+03  4.89891992E+03  0.00000000E+00  2.91379004E+03
  2.91379004E+03
->       3      12       2       1                                 <-   
DRAGON-ECUTO                                                                    
  1.00000005E-03
->       3      12       2       6                                 <-   
DRAGON-ESTOP                                                                    
  0.00000000E+00  1.51289997E+01  1.51289997E+01  0.00000000E+00  1.63374996E+01
  1.63374996E+01
->       3      12       2       1                                 <-   
DRAGON-DELTE                                                                    
  1.45309966E-03
->      -3       0       0       0                                 <-   
->       2       0       0      -1                                 <-   00000055
->       3      12       2       3                                 <-   
DRAGON-TXSC                                                                     
  0.00000000E+00  6.43689990E+03  6.43689990E+03
->       3      12       2       6                                 <-   
DRAGON-S0XSC                                                                    
  0.00000000E+00  5.84577002E+03  5.84577002E+03  0.00000000E+00  3.46638989E+03
  3.46638989E+03
->       3      12       2       1                                 <-   
DRAGON-ECUTO                                                                    
  1.00000005E-03
->       3      12       2       6                                 <-   
DRAGON-ESTOP                                                                    
  0.00000000E+00  1.63374996E+01  1.63374996E+01  0.00000000E+00  1.76413002E+01
  1.76413002E+01
->       3      12       2       1                                 <-   
DRAGON-DELTE                                                                    
  1.31380081E-03
->      -3       0       0       0                                 <-   
->       2       0       0      -1                                 <-   00000056
->       3      12       2       3                                 <-   
DRAGON-TXSC                                                                     
  0.00000000E+00  7.69470996E+03  7.69470996E+03
->       3      12       2       6                                 <-   
DRAGON-S0XSC                                                                    
  0.00000000E+00  6.97435010E+03  6.97435010E+03  0.00000000E+00  4.12258984E+03
  4.12258984E+03
->       3      12       2       1                                 <-   
DRAGON-ECUTO                                                                    
  1.00000005E-03
->       3      12       2       6                                 <-   
DRAGON-ESTOP                                                                    
  0.00000000E+00  1.76413002E+01  1.76413002E+01  0.00000000E+00  1.90401993E+01
  1.90401993E+01
->       3      12       2       1                                 <-   
DRAGON-DELTE                                                                    
  1.18799903E-03
->      -3       0       0       0                                 <-   
->       2       0       0      -1                                 <-   00000057
->       3      12       2       3                                 <-   
DRAGON-TXSC                                                                     
  0.00000000E+00  9.19744043E+03  9.19744043E+03
->       3      12       2       6                                 <-   
DRAGON-S0XSC                                                                    
  0.00000000E+00  8.31929980E+03  8.31929980E+03  0.00000000E+00  4.90158008E+03
  4.90158008E+03
->       3      12       2       1                                 <-   
DRAGON-ECUTO                                                                    
  1.00000005E-03
->       3      12       2       6                                 <-   
DRAGON-ESTOP                                                                    
  0.00000000E+00  1.90401993E+01  1.90401993E+01  0.00000000E+00  2.05543995E+01
  2.05543995E+01
->       3      12       2       1                                 <-   
DRAGON-DELTE                                                                    
  1.07420119E-03
->      -3       0       0       0                                 <-   
->       2       0       0      -1                                 <-   00000058
->       3      12       2       3                                 <-   
DRAGON-TXSC                                                                     
  0.00000000E+00  1.09925996E+04  1.09925996E+04
->       3      12       2       6                                 <-   
DRAGON-S0XSC                                                                    
  0.00000000E+00  9.92179980E+03  9.92179980E+03  0.00000000E+00  5.82606006E+03
  5.82606006E+03
->       3      12       2       1                                 <-   
DRAGON-ECUTO                                                                    
  1.00000005E-03
->       3      12       2       6                                 <-   
DRAGON-ESTOP                                                                    
  0.00000000E+00  2.05543995E+01  2.05543995E+01  0.00000000E+00  2.21872005E+01
  2.21872005E+01
->       3      12       2       1                                 <-   
DRAGON-DELTE                                                                    
  9.71309550E-04
->      -3       0       0       0                                 <-   
->       2       0       0      -1                                 <-   00000059
->       3      12       2       3                                 <-   
DRAGON-TXSC                                                                     
  0.00000000E+00  1.31370000E+04  1.31370000E+04
->       3      12       2       6                                 <-   
DRAGON-S0XSC                                                                    
  0.00000000E+00  1.18307998E+04  1.18307998E+04  0.00000000E+00  6.92283984E+03
  6.92283984E+03
->       3      12       2       1                                 <-   
DRAGON-ECUTO                                                                    
  1.00000005E-03
->       3      12       2       6                                 <-   
DRAGON-ESTOP                                                                    
  0.00000000E+00  2.21872005E+01  2.21872005E+01  0.00000000E+00  2.39479008E+01
  2.39479008E+01
->       3      12       2       1                                 <-   
DRAGON-DELTE                                                                    
  8.78219726E-04
->      -3       0       0       0                                 <-   
->       2       0       0      -1                                 <-   00000060
->       3      12       2       3                                 <-   
DRAGON-TXSC                                                                     
  0.00000000E+00  1.56957002E+04  1.56957002E+04
->       3      12       2       6                                 <-   
DRAGON-S0XSC                                                                    
  0.00000000E+00  1.41020996E+04  1.41020996E+04  0.00000000E+00  8.22190039E+03
  8.22190039E+03
->       3      12       2       1                                 <-   
DRAGON-ECUTO                                                                    
  1.00000005E-03
->       3      12       2       6                                 <-   
DRAGON-ESTOP                                                                    
  0.00000000E+00  2.39479008E+01  2.39479008E+01  0.00000000E+00  2.58460999E+01
  2.58460999E+01
->       3      12       2       1                                 <-   
DRAGON-DELTE                                                                    
  7.94089865E-04
->      -3       0       0       0                                 <-   
->       2       0       0      -1                                 <-   00000061
->       3      12       2       3                                 <-   
DRAGON-TXSC                                                                     
  0.00000000E+00  1.87304004E+04  1.87304004E+04
->       3      12       2       6                                 <-   
DRAGON-S0XSC                                                                    
  0.00000000E+00  1.67855000E+04  1.67855000E+04  0.00000000E+00  9.74750000E+03
  9.74750000E+03
->       3      12       2       1                                 <-   
DRAGON-ECUTO                                                                    
  1.00000005E-03
->       3      12       2       6                                 <-   
DRAGON-ESTOP                                                                    
  0.00000000E+00  2.58460999E+01  2.58460999E+01  0.00000000E+00  2.78920002E+01
  2.78920002E+01
->       3      12       2       1                                 <-   
DRAGON-DELTE                                                                    
  7.18010240E-04
->      -3       0       0       0                                 <-   
->       2       0       0      -1                                 <-   00000062
->       3      12       2       3                                 <-   
DRAGON-TXSC                                                                     
  0.00000000E+00  2.23430996E+04  2.23430996E+04
->       3      12       2       6                                 <-   
DRAGON-S0XSC                                                                    
  0.00000000E+00  1.99690996E+04  1.99690996E+04  0.00000000E+00  1.15479004E+04
  1.15479004E+04
->       3      12       2       1                                 <-   
DRAGON-ECUTO                                                                    
  1.00000005E-03
->       3      12       2       6                                 <-   
DRAGON-ESTOP                                                                    
  0.00000000E+00  2.78920002E+01  2.78920002E+01  0.00000000E+00  3.00858002E+01
  3.00858002E+01
->       3      12       2       1                                 <-   
DRAGON-DELTE                                                                    
  6.49219728E-04
->      -3       0       0       0                                 <-   
->       2       0       0      -1                                 <-   00000063
->       3      12       2       3                                 <-   
DRAGON-TXSC                                                                     
  0.00000000E+00  2.66421992E+04  2.66421992E+04
->       3      12       2       6                                 <-   
DRAGON-S0XSC                                                                    
  0.00000000E+00  2.37439004E+04  2.37439004E+04  0.00000000E+00  1.36709004E+04
  1.36709004E+04
->       3      12       2       1                                 <-   
DRAGON-ECUTO                                                                    
  1.00000005E-03
->       3      12       2       6                                 <-   
DRAGON-ESTOP                                                                    
  0.00000000E+00  3.00858002E+01  3.00858002E+01  0.00000000E+00  3.24616013E+01
  3.24616013E+01
->       3      12       2       1                                 <-   
DRAGON-DELTE                                                                    
  5.87020011E-04
->      -3       0       0       0                                 <-   
->       2       0       0      -1                                 <-   00000064
->       3      12       2       3                                 <-   
DRAGON-TXSC                                                                     
  0.00000000E+00  3.17565000E+04  3.17565000E+04
->       3      12       2       6                                 <-   
DRAGON-S0XSC                                                                    
  0.00000000E+00  2.82174004E+04  2.82174004E+04  0.00000000E+00  1.61725000E+04
  1.61725000E+04
->       3      12       2       1                                 <-   
DRAGON-ECUTO                                                                    
  1.00000005E-03
->       3      12       2       6                                 <-   
DRAGON-ESTOP                                                                    
  0.00000000E+00  3.24616013E+01  3.24616013E+01  0.00000000E+00  3.50228996E+01
  3.50228996E+01
->       3      12       2       1                                 <-   
DRAGON-DELTE                                                                    
  5.30790014E-04
->      -3       0       0       0                                 <-   
->       2       0       0      -1                                 <-   00000065
->       3      12       2       3                                 <-   
DRAGON-TXSC                                                                     
  0.00000000E+00  3.78383984E+04  3.78383984E+04
->       3      12       2       6                                 <-   
DRAGON-S0XSC                                                                    
  0.00000000E+00  3.35161016E+04  3.35161016E+04  0.00000000E+00  1.91178008E+04
  1.91178008E+04
->       3      12       2       1                                 <-   
DRAGON-ECUTO                                                                    
  1.00000005E-03
->       3      12       2       6                                 <-   
DRAGON-ESTOP                                                                    
  0.00000000E+00  3.50228996E+01  3.50228996E+01  0.00000000E+00  3.77832985E+01
  3.77832985E+01
->       3      12       2       1                                 <-   
DRAGON-DELTE                                                                    
  4.79930168E-04
->      -3       0       0       0                                 <-   
->       2       0       0      -1                                 <-   00000066
->       3      12       2       3                                 <-   
DRAGON-TXSC                                                                     
  0.00000000E+00  4.50683984E+04  4.50683984E+04
->       3      12       2       6                                 <-   
DRAGON-S0XSC                                                                    
  0.00000000E+00  3.97888984E+04  3.97888984E+04  0.00000000E+00  2.25828008E+04
  2.25828008E+04
->       3      12       2       1                                 <-   
DRAGON-ECUTO                                                                    
  1.00000005E-03
->       3      12       2       6                                 <-   
DRAGON-ESTOP                                                                    
  0.00000000E+00  3.77832985E+01  3.77832985E+01  0.00000000E+00  4.07574997E+01
  4.07574997E+01
->       3      12       2       1                                 <-   
DRAGON-DELTE                                                                    
  4.33959969E-04
->      -3       0       0       0                                 <-   
->       2       0       0      -1                                 <-   00000067
->       3      12       2       3                                 <-   
DRAGON-TXSC                                                                     
  0.00000000E+00  5.36411992E+04  5.36411992E+04
->       3      12       2       6                                 <-   
DRAGON-S0XSC                                                                    
  0.00000000E+00  4.71916016E+04  4.71916016E+04  0.00000000E+00  2.66425996E+04
  2.66425996E+04
->       3      12       2       1                                 <-   
DRAGON-ECUTO                                                                    
  1.00000005E-03
->       3      12       2       6                                 <-   
DRAGON-ESTOP                                                                    
  0.00000000E+00  4.07574997E+01  4.07574997E+01  0.00000000E+00  4.39613991E+01
  4.39613991E+01
->       3      12       2       1                                 <-   
DRAGON-DELTE                                                                    
  3.92379879E-04
->      -3       0       0       0                                 <-   
->       2       0       0      -1                                 <-   00000068
->       3      12       2       3                                 <-   
DRAGON-TXSC                                                                     
  0.00000000E+00  6.37440000E+04  6.37440000E+04
->       3      12       2       6                                 <-   
DRAGON-S0XSC                                                                    
  0.00000000E+00  5.58641016E+04  5.58641016E+04  0.00000000E+00  3.13541992E+04
  3.13541992E+04
->       3      12       2       1                                 <-   
DRAGON-ECUTO                                                                    
  1.00000005E-03
->       3      12       2       6                                 <-   
DRAGON-ESTOP                                                                    
  0.00000000E+00  4.39613991E+01  4.39613991E+01  0.00000000E+00  4.73944016E+01
  4.73944016E+01
->       3      12       2       1                                 <-   
DRAGON-DELTE                                                                    
  3.54780030E-04
->      -3       0       0       0                                 <-   
->       2       0       0      -1                                 <-   00000069
->       3      12       2       3                                 <-   
DRAGON-TXSC                                                                     
  0.00000000E+00  7.56960000E+04  7.56960000E+04
->       3      12       2       6                                 <-   
DRAGON-S0XSC                                                                    
  0.00000000E+00  6.60676016E+04  6.60676016E+04  0.00000000E+00  3.68511016E+04
  3.68511016E+04
->       3      12       2       1                                 <-   
DRAGON-ECUTO                                                                    
  1.00000005E-03
->       3      12       2       6                                 <-   
DRAGON-ESTOP                                                                    
  0.00000000E+00  4.73944016E+01  4.73944016E+01  0.00000000E+00  5.11099014E+01
  5.11099014E+01
->       3      12       2       1                                 <-   
DRAGON-DELTE                                                                    
  3.20799794E-04
->      -3       0       0       0                                 <-   
->       2       0       0      -1                                 <-   00000070
->       3      12       2       3                                 <-   
DRAGON-TXSC                                                                     
  0.00000000E+00  8.98266016E+04  8.98266016E+04
->       3      12       2       6                                 <-   
DRAGON-S0XSC                                                                    
  0.00000000E+00  7.80606016E+04  7.80606016E+04  0.00000000E+00  4.32550000E+04
  4.32550000E+04
->       3      12       2       1                                 <-   
DRAGON-ECUTO                                                                    
  1.00000005E-03
->       3      12       2       6                                 <-   
DRAGON-ESTOP                                                                    
  0.00000000E+00  5.11099014E+01  5.11099014E+01  0.00000000E+00  5.51128998E+01
  5.51128998E+01
->       3      12       2       1                                 <-   
DRAGON-DELTE                                                                    
  2.90070311E-04
->      -3       0       0       0                                 <-   
->       2       0       0      -1                                 <-   00000071
->       3      12       2       3                                 <-   
DRAGON-TXSC                                                                     
  0.00000000E+00  1.06523000E+05  1.06523000E+05
->       3      12       2       6                                 <-   
DRAGON-S0XSC                                                                    
  0.00000000E+00  9.21431016E+04  9.21431016E+04  0.00000000E+00  5.07048008E+04
  5.07048008E+04
->       3      12       2       1                                 <-   
DRAGON-ECUTO                                                                    
  1.00000005E-03
->       3      12       2       6                                 <-   
DRAGON-ESTOP                                                                    
  0.00000000E+00  5.51128998E+01  5.51128998E+01  0.00000000E+00  5.94244003E+01
  5.94244003E+01
->       3      12       2       1                                 <-   
DRAGON-DELTE                                                                    
  2.62270012E-04
->      -3       0       0       0                                 <-   
->       2       0       0      -1                                 <-   00000072
->       3      12       2       3                                 <-   
DRAGON-TXSC                                                                     
  0.00000000E+00  1.26238000E+05  1.26238000E+05
->       3      12       2       6                                 <-   
DRAGON-S0XSC                                                                    
  0.00000000E+00  1.08663000E+05  1.08663000E+05  0.00000000E+00  5.93583008E+04
  5.93583008E+04
->       3      12       2       1                                 <-   
DRAGON-ECUTO                                                                    
  1.00000005E-03
->       3      12       2       6                                 <-   
DRAGON-ESTOP                                                                    
  0.00000000E+00  5.94244003E+01  5.94244003E+01  0.00000000E+00  6.40669022E+01
  6.40669022E+01
->       3      12       2       1                                 <-   
DRAGON-DELTE                                                                    
  2.37149899E-04
->      -3       0       0       0                                 <-   
->       2       0       0      -1                                 <-   00000073
->       3      12       2       3                                 <-   
DRAGON-TXSC                                                                     
  0.00000000E+00  1.49506000E+05  1.49506000E+05
->       3      12       2       6                                 <-   
DRAGON-S0XSC                                                                    
  0.00000000E+00  1.28024000E+05  1.28024000E+05  0.00000000E+00  6.93950000E+04
  6.93950000E+04
->       3      12       2       1                                 <-   
DRAGON-ECUTO                                                                    
  1.00000005E-03
->       3      12       2       6                                 <-   
DRAGON-ESTOP                                                                    
  0.00000000E+00  6.40669022E+01  6.40669022E+01  0.00000000E+00  6.90643005E+01
  6.90643005E+01
->       3      12       2       1                                 <-   
DRAGON-DELTE                                                                    
  2.14429936E-04
->      -3       0       0       0                                 <-   
->       2       0       0      -1                                 <-   00000074
->       3      12       2       3                                 <-   
DRAGON-TXSC                                                                     
  0.00000000E+00  1.76820000E+05  1.76820000E+05
->       3      12       2       6                                 <-   
DRAGON-S0XSC                                                                    
  0.00000000E+00  1.50561000E+05  1.50561000E+05  0.00000000E+00  8.09222969E+04
  8.09222969E+04
->       3      12       2       1                                 <-   
DRAGON-ECUTO                                                                    
  1.00000005E-03
->       3      12       2       6                                 <-   
DRAGON-ESTOP                                                                    
  0.00000000E+00  6.90643005E+01  6.90643005E+01  0.00000000E+00  7.44143982E+01
  7.44143982E+01
->       3      12       2       1                                 <-   
DRAGON-DELTE                                                                    
  1.93880129E-04
->      -3       0       0       0                                 <-   
->       2       0       0      -1                                 <-   00000075
->       3      12       2       3                                 <-   
DRAGON-TXSC                                                                     
  0.00000000E+00  2.08673000E+05  2.08673000E+05
->       3      12       2       6                                 <-   
DRAGON-S0XSC                                                                    
  0.00000000E+00  1.76573000E+05  1.76573000E+05  0.00000000E+00  9.39966016E+04
  9.39966016E+04
->       3      12       2       1                                 <-   
DRAGON-ECUTO                                                                    
  1.00000005E-03
->       3      12       2       6                                 <-   
DRAGON-ESTOP                                                                    
  0.00000000E+00  7.44143982E+01  7.44143982E+01  0.00000000E+00  8.02004013E+01
  8.02004013E+01
->       3      12       2       1                                 <-   
DRAGON-DELTE                                                                    
  1.75309935E-04
->      -3       0       0       0                                 <-   
->       2       0       0      -1                                 <-   00000076
->       3      12       2       3                                 <-   
DRAGON-TXSC                                                                     
  0.00000000E+00  2.45999000E+05  2.45999000E+05
->       3      12       2       6                                 <-   
DRAGON-S0XSC                                                                    
  0.00000000E+00  2.06756000E+05  2.06756000E+05  0.00000000E+00  1.08933000E+05
  1.08933000E+05
->       3      12       2       1                                 <-   
DRAGON-ECUTO                                                                    
  1.00000005E-03
->       3      12       2       6                                 <-   
DRAGON-ESTOP                                                                    
  0.00000000E+00  8.02004013E+01  8.02004013E+01  0.00000000E+00  8.64294968E+01
  8.64294968E+01
->       3      12       2       1                                 <-   
DRAGON-DELTE                                                                    
  1.58519892E-04
->      -3       0       0       0                                 <-   
->       2       0       0      -1                                 <-   00000077
->       3      12       2       3                                 <-   
DRAGON-TXSC                                                                     
  0.00000000E+00  2.89698000E+05  2.89698000E+05
->       3      12       2       6                                 <-   
DRAGON-S0XSC                                                                    
  0.00000000E+00  2.41721000E+05  2.41721000E+05  0.00000000E+00  1.25949000E+05
  1.25949000E+05
->       3      12       2       1                                 <-   
DRAGON-ECUTO                                                                    
  1.00000005E-03
->       3      12       2       6                                 <-   
DRAGON-ESTOP                                                                    
  0.00000000E+00  8.64294968E+01  8.64294968E+01  0.00000000E+00  9.31334991E+01
  9.31334991E+01
->       3      12       2       1                                 <-   
DRAGON-DELTE                                                                    
  1.43330079E-04
->      -3       0       0       0                                 <-   
->       2       0       0      -1                                 <-   00000078
->       3      12       2       3                                 <-   
DRAGON-TXSC                                                                     
  0.00000000E+00  3.40816000E+05  3.40816000E+05
->       3      12       2       6                                 <-   
DRAGON-S0XSC                                                                    
  0.00000000E+00  2.82159000E+05  2.82159000E+05  0.00000000E+00  1.45279000E+05
  1.45279000E+05
->       3      12       2       1                                 <-   
DRAGON-ECUTO                                                                    
  1.00000005E-03
->       3      12       2       6                                 <-   
DRAGON-ESTOP                                                                    
  0.00000000E+00  9.31334991E+01  9.31334991E+01  0.00000000E+00  1.00346001E+02
  1.00346001E+02
->       3      12       2       1                                 <-   
DRAGON-DELTE                                                                    
  1.29589971E-04
->      -3       0       0       0                                 <-   
->       2       0       0      -1                                 <-   00000079
->       3      12       2       3                                 <-   
DRAGON-TXSC                                                                     
  0.00000000E+00  4.00569000E+05  4.00569000E+05
->       3      12       2       6                                 <-   
DRAGON-S0XSC                                                                    
  0.00000000E+00  3.28852000E+05  3.28852000E+05  0.00000000E+00  1.67171000E+05
  1.67171000E+05
->       3      12       2       1                                 <-   
DRAGON-ECUTO                                                                    
  1.00000005E-03
->       3      12       2       6                                 <-   
DRAGON-ESTOP                                                                    
  0.00000000E+00  1.00346001E+02  1.00346001E+02  0.00000000E+00  1.16032997E+02
  1.16032997E+02
->       3      12       2       1                                 <-   
DRAGON-DELTE                                                                    
  1.17190066E-04
->      -3       0       0       0                                 <-   
->       2       0       0      -1                                 <-   00000080
->       3      12       2       3                                 <-   
DRAGON-TXSC                                                                     
  0.00000000E+00  3.82679000E+05  3.82679000E+05
->       3      12       2       6                                 <-   
DRAGON-S0XSC                                                                    
  0.00000000E+00  3.82679000E+05  3.82679000E+05  0.00000000E+00  1.91889000E+05
  1.91889000E+05
->       3      12       2       1                                 <-   
DRAGON-ECUTO                                                                    
  1.00000005E-03
->       3      12       2       6                                 <-   
DRAGON-ESTOP                                                                    
  0.00000000E+00  1.16032997E+02  1.16032997E+02  0.00000000E+00  1.40100006E+02
  1.40100006E+02
->       3      12       2       1                                 <-   
DRAGON-DELTE                                                                    
  1.05949890E-04
->      -3       0       0       0                                 <-   
->      -1       0       0       0                                 <-   
