->       1      12       3       3                                 <-   
SIGNATURE                                                                       
         4         4         4
L_TRACK     
->       1      12       3       3                                 <-   
TRACK-TYPE                                                                      
         4         4         4
SN          
->       1      12       3      18                                 <-   
TITLE                                                                           
         4         4         4         4         4         4         4         4
         4         4         4         4         4         4         4         4
         4         4
Water-Slab:Cepxsr-Dragon                                                
->       1      12       3       3                                 <-   
LINK.GEOM                                                                       
         4         4         4
GEOM        
->       1      12       2      64                                 <-   
U                                                                               
 -9.99305069E-01 -9.96340096E-01 -9.91013348E-01 -9.83336270E-01 -9.73326802E-01
 -9.61008787E-01 -9.46411371E-01 -9.29569185E-01 -9.10522163E-01 -8.89315426E-01
 -8.65999401E-01 -8.40629280E-01 -8.13265324E-01 -7.83972383E-01 -7.52819896E-01
 -7.19881833E-01 -6.85236335E-01 -6.48965478E-01 -6.11155331E-01 -5.71895659E-01
 -5.31279445E-01 -4.89403158E-01 -4.46366012E-01 -4.02270168E-01 -3.57220173E-01
 -3.11322868E-01 -2.64687151E-01 -2.17423648E-01 -1.69644415E-01 -1.21462822E-01
 -7.29931220E-02 -2.43502930E-02  2.43502930E-02  7.29931220E-02  1.21462822E-01
  1.69644415E-01  2.17423648E-01  2.64687151E-01  3.11322868E-01  3.57220173E-01
  4.02270168E-01  4.46366012E-01  4.89403158E-01  5.31279445E-01  5.71895659E-01
  6.11155331E-01  6.48965478E-01  6.85236335E-01  7.19881833E-01  7.52819896E-01
  7.83972383E-01  8.13265324E-01  8.40629280E-01  8.65999401E-01  8.89315426E-01
  9.10522163E-01  9.29569185E-01  9.46411371E-01  9.61008787E-01  9.73326802E-01
  9.83336270E-01  9.91013348E-01  9.96340096E-01  9.99305069E-01
->       1      12       2      64                                 <-   
W                                                                               
  1.78328075E-03  4.14703321E-03  6.50445791E-03  8.84675980E-03  1.11681391E-02
  1.34630483E-02  1.57260299E-02  1.79517157E-02  2.01348234E-02  2.22701747E-02
  2.43527032E-02  2.63774693E-02  2.83396728E-02  3.02346572E-02  3.20579298E-02
  3.38051617E-02  3.54722142E-02  3.70551273E-02  3.85501534E-02  3.99537422E-02
  4.12625633E-02  4.24735136E-02  4.35837246E-02  4.45905589E-02  4.54916283E-02
  4.62847948E-02  4.69681844E-02  4.75401655E-02  4.79993895E-02  4.83447611E-02
  4.85754684E-02  4.86909561E-02  4.86909561E-02  4.85754684E-02  4.83447611E-02
  4.79993895E-02  4.75401655E-02  4.69681844E-02  4.62847948E-02  4.54916283E-02
  4.45905589E-02  4.35837246E-02  4.24735136E-02  4.12625633E-02  3.99537422E-02
  3.85501534E-02  3.70551273E-02  3.54722142E-02  3.38051617E-02  3.20579298E-02
  3.02346572E-02  2.83396728E-02  2.63774693E-02  2.43527032E-02  2.22701747E-02
  2.01348234E-02  1.79517157E-02  1.57260299E-02  1.34630483E-02  1.11681391E-02
  8.84675980E-03  6.50445791E-03  4.14703321E-03  1.78328075E-03
->       1      12       2     128                                 <-   
PL                                                                              
  1.00000000E+00 -9.99305069E-01  1.00000000E+00 -9.96340096E-01  1.00000000E+00
 -9.91013348E-01  1.00000000E+00 -9.83336270E-01  1.00000000E+00 -9.73326802E-01
  1.00000000E+00 -9.61008787E-01  1.00000000E+00 -9.46411371E-01  1.00000000E+00
 -9.29569185E-01  1.00000000E+00 -9.10522163E-01  1.00000000E+00 -8.89315426E-01
  1.00000000E+00 -8.65999401E-01  1.00000000E+00 -8.40629280E-01  1.00000000E+00
 -8.13265324E-01  1.00000000E+00 -7.83972383E-01  1.00000000E+00 -7.52819896E-01
  1.00000000E+00 -7.19881833E-01  1.00000000E+00 -6.85236335E-01  1.00000000E+00
 -6.48965478E-01  1.00000000E+00 -6.11155331E-01  1.00000000E+00 -5.71895659E-01
  1.00000000E+00 -5.31279445E-01  1.00000000E+00 -4.89403158E-01  1.00000000E+00
 -4.46366012E-01  1.00000000E+00 -4.02270168E-01  1.00000000E+00 -3.57220173E-01
  1.00000000E+00 -3.11322868E-01  1.00000000E+00 -2.64687151E-01  1.00000000E+00
 -2.17423648E-01  1.00000000E+00 -1.69644415E-01  1.00000000E+00 -1.21462822E-01
  1.00000000E+00 -7.29931220E-02  1.00000000E+00 -2.43502930E-02  1.00000000E+00
  2.43502930E-02  1.00000000E+00  7.29931220E-02  1.00000000E+00  1.21462822E-01
  1.00000000E+00  1.69644415E-01  1.00000000E+00  2.17423648E-01  1.00000000E+00
  2.64687151E-01  1.00000000E+00  3.11322868E-01  1.00000000E+00  3.57220173E-01
  1.00000000E+00  4.02270168E-01  1.00000000E+00  4.46366012E-01  1.00000000E+00
  4.89403158E-01  1.00000000E+00  5.31279445E-01  1.00000000E+00  5.71895659E-01
  1.00000000E+00  6.11155331E-01  1.00000000E+00  6.48965478E-01  1.00000000E+00
  6.85236335E-01  1.00000000E+00  7.19881833E-01  1.00000000E+00  7.52819896E-01
  1.00000000E+00  7.83972383E-01  1.00000000E+00  8.13265324E-01  1.00000000E+00
  8.40629280E-01  1.00000000E+00  8.65999401E-01  1.00000000E+00  8.89315426E-01
  1.00000000E+00  9.10522163E-01  1.00000000E+00  9.29569185E-01  1.00000000E+00
  9.46411371E-01  1.00000000E+00  9.61008787E-01  1.00000000E+00  9.73326802E-01
  1.00000000E+00  9.83336270E-01  1.00000000E+00  9.91013348E-01  1.00000000E+00
  9.96340096E-01  1.00000000E+00  9.99305069E-01
->       1      12       1      40                                 <-   
STATE-VECTOR                                                                    
       100     13200         0         2         1         2         2         2
         1         1       400       100         1         1        64         2
         1         0         0         0        10       300         0         3
         3         0         0         0         0         1         2         0
         0         0         0         0         0         0         0         0
->       1      12       1     100                                 <-   
MATCOD                                                                          
         1         1         1         1         1         1         1         1
         1         1         1         1         1         1         1         1
         1         1         1         1         1         1         1         1
         1         1         1         1         1         1         2         2
         2         2         2         2         2         2         2         2
         2         2         2         2         2         2         2         2
         2         2         2         2         2         2         2         2
         2         2         2         2         2         2         2         2
         2         2         2         2         2         2         2         2
         2         2         2         2         2         2         2         2
         2         2         2         2         2         2         2         2
         2         2         2         2         2         2         2         2
         2         2         2         2
->       1      12       2     100                                 <-   
VOLUME                                                                          
  1.00000007E-02  1.00000007E-02  9.99999978E-03  1.00000016E-02  9.99999791E-03
  1.00000016E-02  9.99999791E-03  1.00000054E-02  9.99999791E-03  9.99999791E-03
  1.00000054E-02  9.99999791E-03  1.00000054E-02  9.99999046E-03  1.00000054E-02
  1.00000054E-02  9.99999046E-03  1.00000054E-02  1.00000054E-02  9.99999046E-03
  1.00000054E-02  1.00000054E-02  9.99999046E-03  1.00000054E-02  9.99999046E-03
  1.00000203E-02  9.99999046E-03  9.99999046E-03  1.00000203E-02  9.99999046E-03
  2.42857039E-02  2.42857337E-02  2.42857039E-02  2.42857039E-02  2.42857337E-02
  2.42857039E-02  2.42857039E-02  2.42857337E-02  2.42857039E-02  2.42857337E-02
  2.42856741E-02  2.42857337E-02  2.42857337E-02  2.42856741E-02  2.42857337E-02
  2.42857337E-02  2.42856741E-02  2.42857337E-02  2.42857337E-02  2.42856741E-02
  2.42857337E-02  2.42857337E-02  2.42856741E-02  2.42857337E-02  2.42857337E-02
  2.42856741E-02  2.42857337E-02  2.42857337E-02  2.42856741E-02  2.42857933E-02
  2.42856741E-02  2.42856741E-02  2.42857933E-02  2.42856741E-02  2.42856741E-02
  2.42857933E-02  2.42856741E-02  2.42856741E-02  2.42857933E-02  2.42856741E-02
  2.42856741E-02  2.42857933E-02  2.42856741E-02  2.42856741E-02  2.42857933E-02
  2.42856741E-02  2.42856741E-02  2.42857933E-02  2.42856741E-02  2.42856741E-02
  2.42857933E-02  2.42856741E-02  2.42856741E-02  2.42857933E-02  2.42856741E-02
  2.42856741E-02  2.42857933E-02  2.42856741E-02  2.42856741E-02  2.42857933E-02
  2.42856741E-02  2.42856741E-02  2.42857933E-02  2.42856741E-02  2.42856741E-02
  2.42857933E-02  2.42856741E-02  2.42856741E-02  2.42857933E-02  2.42856741E-02
->       1      12       1     100                                 <-   
KEYFLX                                                                          
         1         5         9        13        17        21        25        29
        33        37        41        45        49        53        57        61
        65        69        73        77        81        85        89        93
        97       101       105       109       113       117       121       125
       129       133       137       141       145       149       153       157
       161       165       169       173       177       181       185       189
       193       197       201       205       209       213       217       221
       225       229       233       237       241       245       249       253
       257       261       265       269       273       277       281       285
       289       293       297       301       305       309       313       317
       321       325       329       333       337       341       345       349
       353       357       361       365       369       373       377       381
       385       389       393       397
->       1      12       1       6                                 <-   
NCODE                                                                           
         1         1         2         5         0         0
->       1      12       1       6                                 <-   
ICODE                                                                           
         0         0         0         0         0         0
->       1      12       2       6                                 <-   
ZCODE                                                                           
  0.00000000E+00  0.00000000E+00  1.00000000E+00  1.00000000E+00  0.00000000E+00
  0.00000000E+00
->       1      12       2       1                                 <-   
EPSI                                                                            
  9.99999975E-06
->       1      12       1     400                                 <-   
KEYFLX$ANIS                                                                     
         1         5         9        13        17        21        25        29
        33        37        41        45        49        53        57        61
        65        69        73        77        81        85        89        93
        97       101       105       109       113       117       121       125
       129       133       137       141       145       149       153       157
       161       165       169       173       177       181       185       189
       193       197       201       205       209       213       217       221
       225       229       233       237       241       245       249       253
       257       261       265       269       273       277       281       285
       289       293       297       301       305       309       313       317
       321       325       329       333       337       341       345       349
       353       357       361       365       369       373       377       381
       385       389       393       397         2         6        10        14
        18        22        26        30        34        38        42        46
        50        54        58        62        66        70        74        78
        82        86        90        94        98       102       106       110
       114       118       122       126       130       134       138       142
       146       150       154       158       162       166       170       174
       178       182       186       190       194       198       202       206
       210       214       218       222       226       230       234       238
       242       246       250       254       258       262       266       270
       274       278       282       286       290       294       298       302
       306       310       314       318       322       326       330       334
       338       342       346       350       354       358       362       366
       370       374       378       382       386       390       394       398
         3         7        11        15        19        23        27        31
        35        39        43        47        51        55        59        63
        67        71        75        79        83        87        91        95
        99       103       107       111       115       119       123       127
       131       135       139       143       147       151       155       159
       163       167       171       175       179       183       187       191
       195       199       203       207       211       215       219       223
       227       231       235       239       243       247       251       255
       259       263       267       271       275       279       283       287
       291       295       299       303       307       311       315       319
       323       327       331       335       339       343       347       351
       355       359       363       367       371       375       379       383
       387       391       395       399         4         8        12        16
        20        24        28        32        36        40        44        48
        52        56        60        64        68        72        76        80
        84        88        92        96       100       104       108       112
       116       120       124       128       132       136       140       144
       148       152       156       160       164       168       172       176
       180       184       188       192       196       200       204       208
       212       216       220       224       228       232       236       240
       244       248       252       256       260       264       268       272
       276       280       284       288       292       296       300       304
       308       312       316       320       324       328       332       336
       340       344       348       352       356       360       364       368
       372       376       380       384       388       392       396       400
->      -1       0       0       0                                 <-   
