->       1      12       3       3                                 <-   
SIGNATURE                                                                       
         4         4         4
L_TRACK     
->       1      12       3       3                                 <-   
TRACK-TYPE                                                                      
         4         4         4
SN          
->       1      12       3      18                                 <-   
TITLE                                                                           
         4         4         4         4         4         4         4         4
         4         4         4         4         4         4         4         4
         4         4
Water-Slab: CEPXS-BFP-DRAGON                                            
->       1      12       3       3                                 <-   
LINK.GEOM                                                                       
         4         4         4
GEOM        
->       1      12       2      12                                 <-   
U                                                                               
 -9.81560647E-01 -9.04117227E-01 -7.69902647E-01 -5.87317944E-01 -3.67831498E-01
 -1.25233412E-01  1.25233412E-01  3.67831498E-01  5.87317944E-01  7.69902647E-01
  9.04117227E-01  9.81560647E-01
->       1      12       2      12                                 <-   
W                                                                               
  4.71753366E-02  1.06939323E-01  1.60078332E-01  2.03167424E-01  2.33492538E-01
  2.49147043E-01  2.49147043E-01  2.33492538E-01  2.03167424E-01  1.60078332E-01
  1.06939323E-01  4.71753366E-02
->       1      12       2      96                                 <-   
PL                                                                              
  1.00000000E+00 -9.81560647E-01  9.45191979E-01 -8.91898155E-01  8.23147178E-01
 -7.40825355E-01  6.47179842E-01 -5.44749916E-01  1.00000000E+00 -9.04117227E-01
  7.26142049E-01 -4.91451025E-01  2.32969761E-01  1.40232565E-02 -2.17385694E-01
  3.52986902E-01  1.00000000E+00 -7.69902647E-01  3.89125109E-01  1.39543219E-02
 -3.10644895E-01  4.19335932E-01 -3.33016962E-01  1.16723262E-01  1.00000000E+00
 -5.87317944E-01  1.74135566E-02  3.74499798E-01 -3.97973478E-01  1.21126696E-01
  2.01221466E-01 -3.23301852E-01  1.00000000E+00 -3.67831498E-01 -2.97049999E-01
  4.27328259E-01 -5.22858799E-02 -3.07244301E-01  2.50764132E-01  9.20513719E-02
  1.00000000E+00 -1.25233412E-01 -4.76474881E-01  1.82939887E-01  3.17263335E-01
 -2.17869446E-01 -2.14364469E-01  2.36601338E-01  1.00000000E+00  1.25233412E-01
 -4.76474881E-01 -1.82939887E-01  3.17263335E-01  2.17869446E-01 -2.14364469E-01
 -2.36601338E-01  1.00000000E+00  3.67831498E-01 -2.97049999E-01 -4.27328259E-01
 -5.22858799E-02  3.07244301E-01  2.50764132E-01 -9.20513719E-02  1.00000000E+00
  5.87317944E-01  1.74135566E-02 -3.74499798E-01 -3.97973478E-01 -1.21126696E-01
  2.01221466E-01  3.23301852E-01  1.00000000E+00  7.69902647E-01  3.89125109E-01
 -1.39543219E-02 -3.10644895E-01 -4.19335932E-01 -3.33016962E-01 -1.16723262E-01
  1.00000000E+00  9.04117227E-01  7.26142049E-01  4.91451025E-01  2.32969761E-01
 -1.40232565E-02 -2.17385694E-01 -3.52986902E-01  1.00000000E+00  9.81560647E-01
  9.45191979E-01  8.91898155E-01  8.23147178E-01  7.40825355E-01  6.47179842E-01
  5.44749916E-01
->       1      12       1      40                                 <-   
STATE-VECTOR                                                                    
       100      4000         0         2         1         2         8         2
         1         1      1600       100         1         1        12         8
         1         0         0         0        10       300         0         3
         3         0         0         0         0         1         2         0
         0         0         0         0         0         0         0         0
->       1      12       1     100                                 <-   
MATCOD                                                                          
         1         1         1         1         1         1         1         1
         1         1         1         1         1         1         1         1
         1         1         1         1         1         1         1         1
         1         1         1         1         1         1         2         2
         2         2         2         2         2         2         2         2
         2         2         2         2         2         2         2         2
         2         2         2         2         2         2         2         2
         2         2         2         2         2         2         2         2
         2         2         2         2         2         2         2         2
         2         2         2         2         2         2         2         2
         2         2         2         2         2         2         2         2
         2         2         2         2         2         2         2         2
         2         2         2         2
->       1      12       2     100                                 <-   
VOLUME                                                                          
  3.33333330E-04  3.33333330E-04  3.33333272E-04  3.33333388E-04  3.33333272E-04
  3.33333272E-04  3.33333388E-04  3.33333388E-04  3.33333388E-04  3.33333155E-04
  3.33333388E-04  3.33333155E-04  3.33333388E-04  3.33333388E-04  3.33333388E-04
  3.33333388E-04  3.33333388E-04  3.33333388E-04  3.33332922E-04  3.33333388E-04
  3.33333388E-04  3.33333388E-04  3.33333388E-04  3.33332922E-04  3.33333388E-04
  3.33333388E-04  3.33333388E-04  3.33333388E-04  3.33333388E-04  3.33333388E-04
  2.84285713E-02  2.84285732E-02  2.84285694E-02  2.84285694E-02  2.84285694E-02
  2.84285694E-02  2.84285843E-02  2.84285694E-02  2.84285545E-02  2.84285843E-02
  2.84285843E-02  2.84285545E-02  2.84285843E-02  2.84285545E-02  2.84285843E-02
  2.84285545E-02  2.84285843E-02  2.84285545E-02  2.84286141E-02  2.84285545E-02
  2.84285545E-02  2.84285545E-02  2.84286141E-02  2.84285545E-02  2.84285545E-02
  2.84286141E-02  2.84285545E-02  2.84285545E-02  2.84285545E-02  2.84286141E-02
  2.84285545E-02  2.84285545E-02  2.84286141E-02  2.84285545E-02  2.84285545E-02
  2.84285545E-02  2.84285545E-02  2.84285545E-02  2.84286737E-02  2.84285545E-02
  2.84285545E-02  2.84285545E-02  2.84285545E-02  2.84285545E-02  2.84285545E-02
  2.84286737E-02  2.84285545E-02  2.84285545E-02  2.84285545E-02  2.84285545E-02
  2.84285545E-02  2.84285545E-02  2.84286737E-02  2.84285545E-02  2.84285545E-02
  2.84285545E-02  2.84285545E-02  2.84285545E-02  2.84285545E-02  2.84286737E-02
  2.84285545E-02  2.84285545E-02  2.84285545E-02  2.84285545E-02  2.84285545E-02
  2.84285545E-02  2.84286737E-02  2.84285545E-02  2.84285545E-02  2.84285545E-02
->       1      12       1     100                                 <-   
KEYFLX                                                                          
         1        17        33        49        65        81        97       113
       129       145       161       177       193       209       225       241
       257       273       289       305       321       337       353       369
       385       401       417       433       449       465       481       497
       513       529       545       561       577       593       609       625
       641       657       673       689       705       721       737       753
       769       785       801       817       833       849       865       881
       897       913       929       945       961       977       993      1009
      1025      1041      1057      1073      1089      1105      1121      1137
      1153      1169      1185      1201      1217      1233      1249      1265
      1281      1297      1313      1329      1345      1361      1377      1393
      1409      1425      1441      1457      1473      1489      1505      1521
      1537      1553      1569      1585
->       1      12       1       6                                 <-   
NCODE                                                                           
         1         1         2         5         0         0
->       1      12       1       6                                 <-   
ICODE                                                                           
         0         0         0         0         0         0
->       1      12       2       6                                 <-   
ZCODE                                                                           
  0.00000000E+00  0.00000000E+00  1.00000000E+00  1.00000000E+00  0.00000000E+00
  0.00000000E+00
->       1      12       2       1                                 <-   
EPSI                                                                            
  9.99999975E-06
->       1      12       1    1600                                 <-   
KEYFLX$ANIS                                                                     
         1        17        33        49        65        81        97       113
       129       145       161       177       193       209       225       241
       257       273       289       305       321       337       353       369
       385       401       417       433       449       465       481       497
       513       529       545       561       577       593       609       625
       641       657       673       689       705       721       737       753
       769       785       801       817       833       849       865       881
       897       913       929       945       961       977       993      1009
      1025      1041      1057      1073      1089      1105      1121      1137
      1153      1169      1185      1201      1217      1233      1249      1265
      1281      1297      1313      1329      1345      1361      1377      1393
      1409      1425      1441      1457      1473      1489      1505      1521
      1537      1553      1569      1585         2        18        34        50
        66        82        98       114       130       146       162       178
       194       210       226       242       258       274       290       306
       322       338       354       370       386       402       418       434
       450       466       482       498       514       530       546       562
       578       594       610       626       642       658       674       690
       706       722       738       754       770       786       802       818
       834       850       866       882       898       914       930       946
       962       978       994      1010      1026      1042      1058      1074
      1090      1106      1122      1138      1154      1170      1186      1202
      1218      1234      1250      1266      1282      1298      1314      1330
      1346      1362      1378      1394      1410      1426      1442      1458
      1474      1490      1506      1522      1538      1554      1570      1586
         3        19        35        51        67        83        99       115
       131       147       163       179       195       211       227       243
       259       275       291       307       323       339       355       371
       387       403       419       435       451       467       483       499
       515       531       547       563       579       595       611       627
       643       659       675       691       707       723       739       755
       771       787       803       819       835       851       867       883
       899       915       931       947       963       979       995      1011
      1027      1043      1059      1075      1091      1107      1123      1139
      1155      1171      1187      1203      1219      1235      1251      1267
      1283      1299      1315      1331      1347      1363      1379      1395
      1411      1427      1443      1459      1475      1491      1507      1523
      1539      1555      1571      1587         4        20        36        52
        68        84       100       116       132       148       164       180
       196       212       228       244       260       276       292       308
       324       340       356       372       388       404       420       436
       452       468       484       500       516       532       548       564
       580       596       612       628       644       660       676       692
       708       724       740       756       772       788       804       820
       836       852       868       884       900       916       932       948
       964       980       996      1012      1028      1044      1060      1076
      1092      1108      1124      1140      1156      1172      1188      1204
      1220      1236      1252      1268      1284      1300      1316      1332
      1348      1364      1380      1396      1412      1428      1444      1460
      1476      1492      1508      1524      1540      1556      1572      1588
         5        21        37        53        69        85       101       117
       133       149       165       181       197       213       229       245
       261       277       293       309       325       341       357       373
       389       405       421       437       453       469       485       501
       517       533       549       565       581       597       613       629
       645       661       677       693       709       725       741       757
       773       789       805       821       837       853       869       885
       901       917       933       949       965       981       997      1013
      1029      1045      1061      1077      1093      1109      1125      1141
      1157      1173      1189      1205      1221      1237      1253      1269
      1285      1301      1317      1333      1349      1365      1381      1397
      1413      1429      1445      1461      1477      1493      1509      1525
      1541      1557      1573      1589         6        22        38        54
        70        86       102       118       134       150       166       182
       198       214       230       246       262       278       294       310
       326       342       358       374       390       406       422       438
       454       470       486       502       518       534       550       566
       582       598       614       630       646       662       678       694
       710       726       742       758       774       790       806       822
       838       854       870       886       902       918       934       950
       966       982       998      1014      1030      1046      1062      1078
      1094      1110      1126      1142      1158      1174      1190      1206
      1222      1238      1254      1270      1286      1302      1318      1334
      1350      1366      1382      1398      1414      1430      1446      1462
      1478      1494      1510      1526      1542      1558      1574      1590
         7        23        39        55        71        87       103       119
       135       151       167       183       199       215       231       247
       263       279       295       311       327       343       359       375
       391       407       423       439       455       471       487       503
       519       535       551       567       583       599       615       631
       647       663       679       695       711       727       743       759
       775       791       807       823       839       855       871       887
       903       919       935       951       967       983       999      1015
      1031      1047      1063      1079      1095      1111      1127      1143
      1159      1175      1191      1207      1223      1239      1255      1271
      1287      1303      1319      1335      1351      1367      1383      1399
      1415      1431      1447      1463      1479      1495      1511      1527
      1543      1559      1575      1591         8        24        40        56
        72        88       104       120       136       152       168       184
       200       216       232       248       264       280       296       312
       328       344       360       376       392       408       424       440
       456       472       488       504       520       536       552       568
       584       600       616       632       648       664       680       696
       712       728       744       760       776       792       808       824
       840       856       872       888       904       920       936       952
       968       984      1000      1016      1032      1048      1064      1080
      1096      1112      1128      1144      1160      1176      1192      1208
      1224      1240      1256      1272      1288      1304      1320      1336
      1352      1368      1384      1400      1416      1432      1448      1464
      1480      1496      1512      1528      1544      1560      1576      1592
         9        25        41        57        73        89       105       121
       137       153       169       185       201       217       233       249
       265       281       297       313       329       345       361       377
       393       409       425       441       457       473       489       505
       521       537       553       569       585       601       617       633
       649       665       681       697       713       729       745       761
       777       793       809       825       841       857       873       889
       905       921       937       953       969       985      1001      1017
      1033      1049      1065      1081      1097      1113      1129      1145
      1161      1177      1193      1209      1225      1241      1257      1273
      1289      1305      1321      1337      1353      1369      1385      1401
      1417      1433      1449      1465      1481      1497      1513      1529
      1545      1561      1577      1593        10        26        42        58
        74        90       106       122       138       154       170       186
       202       218       234       250       266       282       298       314
       330       346       362       378       394       410       426       442
       458       474       490       506       522       538       554       570
       586       602       618       634       650       666       682       698
       714       730       746       762       778       794       810       826
       842       858       874       890       906       922       938       954
       970       986      1002      1018      1034      1050      1066      1082
      1098      1114      1130      1146      1162      1178      1194      1210
      1226      1242      1258      1274      1290      1306      1322      1338
      1354      1370      1386      1402      1418      1434      1450      1466
      1482      1498      1514      1530      1546      1562      1578      1594
        11        27        43        59        75        91       107       123
       139       155       171       187       203       219       235       251
       267       283       299       315       331       347       363       379
       395       411       427       443       459       475       491       507
       523       539       555       571       587       603       619       635
       651       667       683       699       715       731       747       763
       779       795       811       827       843       859       875       891
       907       923       939       955       971       987      1003      1019
      1035      1051      1067      1083      1099      1115      1131      1147
      1163      1179      1195      1211      1227      1243      1259      1275
      1291      1307      1323      1339      1355      1371      1387      1403
      1419      1435      1451      1467      1483      1499      1515      1531
      1547      1563      1579      1595        12        28        44        60
        76        92       108       124       140       156       172       188
       204       220       236       252       268       284       300       316
       332       348       364       380       396       412       428       444
       460       476       492       508       524       540       556       572
       588       604       620       636       652       668       684       700
       716       732       748       764       780       796       812       828
       844       860       876       892       908       924       940       956
       972       988      1004      1020      1036      1052      1068      1084
      1100      1116      1132      1148      1164      1180      1196      1212
      1228      1244      1260      1276      1292      1308      1324      1340
      1356      1372      1388      1404      1420      1436      1452      1468
      1484      1500      1516      1532      1548      1564      1580      1596
        13        29        45        61        77        93       109       125
       141       157       173       189       205       221       237       253
       269       285       301       317       333       349       365       381
       397       413       429       445       461       477       493       509
       525       541       557       573       589       605       621       637
       653       669       685       701       717       733       749       765
       781       797       813       829       845       861       877       893
       909       925       941       957       973       989      1005      1021
      1037      1053      1069      1085      1101      1117      1133      1149
      1165      1181      1197      1213      1229      1245      1261      1277
      1293      1309      1325      1341      1357      1373      1389      1405
      1421      1437      1453      1469      1485      1501      1517      1533
      1549      1565      1581      1597        14        30        46        62
        78        94       110       126       142       158       174       190
       206       222       238       254       270       286       302       318
       334       350       366       382       398       414       430       446
       462       478       494       510       526       542       558       574
       590       606       622       638       654       670       686       702
       718       734       750       766       782       798       814       830
       846       862       878       894       910       926       942       958
       974       990      1006      1022      1038      1054      1070      1086
      1102      1118      1134      1150      1166      1182      1198      1214
      1230      1246      1262      1278      1294      1310      1326      1342
      1358      1374      1390      1406      1422      1438      1454      1470
      1486      1502      1518      1534      1550      1566      1582      1598
        15        31        47        63        79        95       111       127
       143       159       175       191       207       223       239       255
       271       287       303       319       335       351       367       383
       399       415       431       447       463       479       495       511
       527       543       559       575       591       607       623       639
       655       671       687       703       719       735       751       767
       783       799       815       831       847       863       879       895
       911       927       943       959       975       991      1007      1023
      1039      1055      1071      1087      1103      1119      1135      1151
      1167      1183      1199      1215      1231      1247      1263      1279
      1295      1311      1327      1343      1359      1375      1391      1407
      1423      1439      1455      1471      1487      1503      1519      1535
      1551      1567      1583      1599        16        32        48        64
        80        96       112       128       144       160       176       192
       208       224       240       256       272       288       304       320
       336       352       368       384       400       416       432       448
       464       480       496       512       528       544       560       576
       592       608       624       640       656       672       688       704
       720       736       752       768       784       800       816       832
       848       864       880       896       912       928       944       960
       976       992      1008      1024      1040      1056      1072      1088
      1104      1120      1136      1152      1168      1184      1200      1216
      1232      1248      1264      1280      1296      1312      1328      1344
      1360      1376      1392      1408      1424      1440      1456      1472
      1488      1504      1520      1536      1552      1568      1584      1600
->      -1       0       0       0                                 <-   
