 0v   matxs *t2lanl njoy     *     1
 1d        2     2     9     1  5000    34
 2d 
12-group electron interaction library                                   
 3d     b       g       bscat   bgamma  w       
    12    12     1     1     1     2     2     0
 4d          2.00000E+07 9.00000E+06 8.00000E+06 7.00000E+06 6.00000E+06
 5.00000E+06 4.00000E+06 3.00000E+06 2.00000E+06 1.00000E+06 5.00000E+05
 1.00000E+05 1.00000E+04
 4d          2.00000E+07 9.00000E+06 8.00000E+06 7.00000E+06 6.00000E+06
 5.00000E+06 4.00000E+06 3.00000E+06 2.00000E+06 1.00000E+06 5.00000E+05
 1.00000E+05 1.00000E+04
 5d w        1.82271E+02
 0.00000E+00 1.00000E+12     1     6     7     0
 0.00000E+00 1.00000E+12     2     0     5    16
 6d     bstc    bstr    bwt0    btot0   bheat   bchar   
     1     1     1     1     1     1    13    13    12    12    11    12
 7d          4.43658E+02 3.71443E+02 3.67601E+02 3.63381E+02 3.58769E+02
 3.53803E+02 3.48913E+02 3.39169E+02 3.29406E+02 3.16566E+02 3.33781E+02
 6.22379E+02 2.71176E+03 5.16901E+02 7.92623E+01 7.82928E+01 7.69735E+01
 7.52555E+01 7.25324E+01 6.86307E+01 6.13297E+01 4.77025E+01 2.75522E+01
 2.01979E+01 1.24577E+01 1.18376E+01 1.10000E+07 1.00000E+06 1.00000E+06
 1.00000E+06 1.00000E+06 1.00000E+06 1.00000E+06 1.00000E+06 1.00000E+06
 5.00000E+05 4.00000E+05 9.00000E+04 9.57026E+02 2.40128E+03 2.94251E+03
 3.71250E+03 4.86525E+03 6.71133E+03 9.97876E+03 1.67269E+04 3.54063E+04
 9.19685E+04 3.04139E+05 2.91627E+06 9.75856E+02 6.86146E+02 6.11037E+02
 5.36742E+02 4.63459E+02 3.91423E+02 3.22390E+02 2.56458E+02 2.13453E+02
 1.88261E+02 2.37942E+02-2.46624E+03-2.21984E+03-2.18444E+03-2.14972E+03
-2.11619E+03-2.08439E+03-2.05746E+03-2.04302E+03-2.07279E+03-2.23307E+03
-2.87375E+03-1.95830E+01
 8d     binch   
     8     0     1     2     3     4     5     6     7     8     9    10
    11    11     1     2     3     4     5     6     7     8     9    10
    11    11
 9d          0.00000E+00 0.00000E+00 0.00000E+00 0.00000E+00 0.00000E+00
 0.00000E+00 0.00000E+00 0.00000E+00 0.00000E+00 1.36558E-01 0.00000E+00
 1.32504E-01 0.00000E+00 1.24577E-01 0.00000E+00 1.13130E-01 0.00000E+00
 9.86708E-02 0.00000E+00 8.18375E-02 0.00000E+00 6.33649E-02 0.00000E+00
 4.40497E-02 0.00000E+00 0.00000E+00 1.44921E+00 0.00000E+00 0.00000E+00
 1.41973E+00 0.00000E+00 0.00000E+00 1.36184E+00 0.00000E+00 0.00000E+00
 1.27765E+00 0.00000E+00 0.00000E+00 1.17020E+00 0.00000E+00 0.00000E+00
 1.04332E+00 0.00000E+00 0.00000E+00 9.01438E-01 0.00000E+00 0.00000E+00
 7.49431E-01 0.00000E+00 0.00000E+00 5.96201E+00 1.08137E+00 0.00000E+00
 0.00000E+00 5.87352E+00 1.04636E+00 0.00000E+00 0.00000E+00 5.69862E+00
 9.78178E-01 0.00000E+00 0.00000E+00 5.44142E+00 8.80384E-01 0.00000E+00
 0.00000E+00 5.10793E+00 7.58049E-01 0.00000E+00 0.00000E+00 4.70591E+00
 6.17430E-01 0.00000E+00 0.00000E+00 4.24465E+00 4.65595E-01 0.00000E+00
 0.00000E+00 3.73472E+00 3.09995E-01 0.00000E+00 0.00000E+00 6.15537E+00
 2.96516E+00 1.06833E+00 0.00000E+00 0.00000E+00 6.03512E+00 2.88389E+00
 1.01907E+00 0.00000E+00 0.00000E+00 5.79833E+00 2.72479E+00 9.24093E-01
 0.00000E+00 0.00000E+00 5.45234E+00 2.49453E+00 7.90199E-01 0.00000E+00
 0.00000E+00 5.00777E+00 2.20276E+00 6.26880E-01 0.00000E+00 0.00000E+00
 4.47823E+00 1.86160E+00 4.45544E-01 0.00000E+00 0.00000E+00 3.87974E+00
 1.48506E+00 2.58581E-01 0.00000E+00 0.00000E+00 3.23025E+00 1.08840E+00
 7.83787E-02 0.00000E+00 0.00000E+00 6.48344E+00 3.29789E+00 2.28441E+00
 1.27816E+00 0.00000E+00 0.00000E+00 6.30883E+00 3.17549E+00 2.18271E+00
 1.19657E+00 0.00000E+00 0.00000E+00 5.96710E+00 2.93770E+00 1.98623E+00
 1.04138E+00 0.00000E+00 0.00000E+00 5.47281E+00 2.59806E+00 1.70826E+00
 8.27707E-01 0.00000E+00 0.00000E+00 4.84691E+00 2.17581E+00 1.36748E+00
 5.76088E-01 0.00000E+00 0.00000E+00 4.11569E+00 1.69457E+00 9.86476E-01
 3.10240E-01 0.00000E+00 0.00000E+00 3.30944E+00 1.18090E+00 5.90083E-01
 5.44776E-02 0.00000E+00 0.00000E+00 2.46102E+00 6.62526E-01 2.03497E-01
-1.68878E-01 0.00000E+00 0.00000E+00 7.11801E+00 3.94313E+00 2.92804E+00
 2.46327E+00 1.83964E+00 0.00000E+00 0.00000E+00 6.83559E+00 3.73272E+00
 2.74404E+00 2.29102E+00 1.67534E+00 0.00000E+00 0.00000E+00 6.28863E+00
 3.32927E+00 2.39377E+00 1.96490E+00 1.36912E+00 0.00000E+00 0.00000E+00
 5.51158E+00 2.76589E+00 1.91071E+00 1.51943E+00 9.62305E-01 0.00000E+00
 0.00000E+00 4.55288E+00 2.08832E+00 1.34051E+00 1.00114E+00 5.08826E-01
 0.00000E+00 0.00000E+00 3.47140E+00 1.35061E+00 7.35997E-01 4.63055E-01
 6.70850E-02 0.00000E+00 0.00000E+00 2.33218E+00 6.10195E-01 1.51611E-01
-4.15454E-02-3.08744E-01 0.00000E+00 0.00000E+00 1.20171E+00-7.74049E-02
-3.62357E-01-4.65274E-01-5.76534E-01 0.00000E+00 0.00000E+00 8.65435E+00
 5.51179E+00 4.50163E+00 4.03674E+00 3.78054E+00 3.36092E+00 0.00000E+00
 0.00000E+00 8.09151E+00 5.04712E+00 4.06617E+00 3.61043E+00 3.35595E+00
 2.92017E+00 0.00000E+00 0.00000E+00 7.02468E+00 4.17880E+00 3.26014E+00
 2.82683E+00 2.57966E+00 2.12678E+00 0.00000E+00 0.00000E+00 5.56429E+00
 3.01961E+00 2.20235E+00 1.81130E+00 1.58329E+00 1.13707E+00 0.00000E+00
 0.00000E+00 3.85881E+00 1.71721E+00 1.04545E+00 7.22699E-01 5.31822E-01
 1.40658E-01 0.00000E+00 0.00000E+00 2.07678E+00 4.32305E-01-4.94901E-02
-2.75188E-01-4.07752E-01-6.81286E-01 0.00000E+00 0.00000E+00 3.86828E-01
-6.84724E-01-9.39146E-01-1.04242E+00-1.09737E+00-1.19462E+00 0.00000E+00
 0.00000E+00-1.06174E+00-1.51479E+00-1.52038E+00-1.48637E+00-1.45225E+00
-1.33887E+00 0.00000E+00 5.57904E+00 1.46913E+01 1.16873E+01 1.07219E+01
 1.02773E+01 1.00324E+01 9.88205E+00 9.60013E+00 0.00000E+00 4.78334E+00
 1.27560E+01 9.82082E+00 8.83549E+00 8.35708E+00 8.07882E+00 7.89850E+00
 7.50894E+00 0.00000E+00 3.36450E+00 9.30096E+00 6.55804E+00 5.58035E+00
 5.07317E+00 4.75974E+00 4.54549E+00 4.02604E+00 0.00000E+00 1.62549E+00
 5.05107E+00 2.70202E+00 1.82858E+00 1.35395E+00 1.04924E+00 8.34611E-01
 2.84849E-01 0.00000E+00-7.36354E-02 8.58734E-01-8.42559E-01-1.46442E+00
-1.80356E+00-2.02210E+00-2.17630E+00-2.57058E+00 0.00000E+00-1.40133E+00
-2.50363E+00-3.32157E+00-3.54720E+00-3.64840E+00-3.70376E+00-3.73744E+00
-3.79648E+00 0.00000E+00-2.13058E+00-4.51987E+00-4.32725E+00-4.08115E+00
-3.89343E+00-3.74922E+00-3.63534E+00-3.28759E+00 0.00000E+00-2.18651E+00
-5.02959E+00-3.88082E+00-3.20644E+00-2.76592E+00-2.45287E+00-2.21783E+00
-1.55783E+00 0.00000E+00 1.56875E+01 2.16033E+01 1.99417E+01 1.94572E+01
 1.92441E+01 1.91300E+01 1.90613E+01 1.90166E+01 1.89257E+01 0.00000E+00
 1.24214E+01 1.63155E+01 1.43541E+01 1.36314E+01 1.32462E+01 1.30044E+01
 1.28378E+01 1.27157E+01 1.23894E+01 0.00000E+00 6.93843E+00 7.75410E+00
 5.58342E+00 4.64706E+00 4.10252E+00 3.74183E+00 3.48401E+00 3.29007E+00
 2.74601E+00 0.00000E+00 9.52239E-01-9.33010E-01-2.73594E+00-3.54241E+00
-4.01342E+00-4.32430E+00-4.54533E+00-4.71071E+00-5.16867E+00 0.00000E+00
-3.77672E+00-6.80902E+00-7.47459E+00-7.69631E+00-7.79341E+00-7.84153E+00
-7.86705E+00-7.88103E+00-7.89193E+00 0.00000E+00-6.05088E+00-8.33468E+00
-7.41160E+00-6.81812E+00-6.40749E+00-6.10755E+00-5.87933E+00-5.70007E+00
-5.15945E+00 0.00000E+00-5.60657E+00-5.86848E+00-3.61742E+00-2.42756E+00
-1.68352E+00-1.17391E+00-8.03176E-01-5.21489E-01 2.77369E-01 0.00000E+00
-3.11901E+00-1.29955E+00 1.31118E+00 2.49048E+00 3.15326E+00 3.57260E+00
 3.85939E+00 4.06671E+00 4.59743E+00 0.00000E+00 1.57013E+02 1.58447E+02
 1.53650E+02 1.52411E+02 1.51870E+02 1.51582E+02 1.51409E+02 1.51298E+02
 1.51222E+02 1.51054E+02 0.00000E+00 9.27018E+01 8.15927E+01 7.17593E+01
 6.80697E+01 6.60739E+01 6.48178E+01 6.39534E+01 6.33218E+01 6.28401E+01
 6.14613E+01 0.00000E+00 5.83728E+00-1.37927E+01-2.47613E+01-2.89909E+01
-3.12934E+01-3.27503E+01-3.37574E+01-3.44962E+01-3.50616E+01-3.66927E+01
 0.00000E+00-5.14858E+01-6.18189E+01-6.41385E+01-6.44023E+01-6.43910E+01
-6.43280E+01-6.42596E+01-6.41967E+01-6.41415E+01-6.39454E+01 0.00000E+00
-5.40531E+01-4.30444E+01-3.30176E+01-2.81530E+01-2.52985E+01-2.34235E+01
-2.20979E+01-2.11112E+01-2.03481E+01-1.81073E+01 0.00000E+00-1.73165E+01
 6.68314E+00 2.04705E+01 2.58682E+01 2.87414E+01 3.05220E+01 3.17327E+01
 3.26088E+01 3.32721E+01 3.51423E+01 0.00000E+00 2.06902E+01 3.59766E+01
 4.06006E+01 4.08803E+01 4.06118E+01 4.02813E+01 3.99787E+01 3.97179E+01
 3.94960E+01 3.87369E+01 0.00000E+00 3.14243E+01 2.46297E+01 1.64260E+01
 1.13443E+01 8.19418E+00 6.07794E+00 4.56449E+00 3.43028E+00 2.54938E+00
-5.27900E-02 2.81062E+03 2.00780E+03 1.81074E+03 1.74491E+03 1.72398E+03
 1.71460E+03 1.70959E+03 1.70658E+03 1.70464E+03 1.70331E+03 1.70040E+03
 9.31692E+02 4.60220E+02 3.49774E+02 3.06988E+02 2.90208E+02 2.81217E+02
 2.75610E+02 2.71779E+02 2.68994E+02 2.66880E+02 2.60877E+02-8.87142E+02
-8.29343E+02-7.93676E+02-7.83271E+02-7.81336E+02-7.81156E+02-7.81438E+02
-7.81836E+02-7.82243E+02-7.82623E+02-7.84121E+02-1.03912E+03-6.08669E+02
-4.80725E+02-4.28611E+02-4.07742E+02-3.96467E+02-3.89403E+02-3.84562E+02
-3.81038E+02-3.78357E+02-3.70728E+02 4.72903E+01 3.60840E+02 4.19798E+02
 4.44553E+02 4.55749E+02 4.62371E+02 4.66791E+02 4.69965E+02 4.72359E+02
 4.74231E+02 4.79861E+02 7.53674E+02 6.04031E+02 5.12234E+02 4.70124E+02
 4.52445E+02 4.42716E+02 4.36559E+02 4.32314E+02 4.29210E+02 4.26841E+02
 4.20064E+02 3.47591E+02-4.52778E+01-1.61585E+02-2.11324E+02-2.32597E+02
-2.44639E+02-2.52438E+02-2.57916E+02-2.61981E+02-2.65120E+02-2.74330E+02
-3.79219E+02-4.99145E+02-4.71824E+02-4.52321E+02-4.42952E+02-4.37541E+02
-4.34030E+02-4.31572E+02-4.29756E+02-4.28360E+02-4.24312E+02
 8d     belas   
     8     0     1     1     1     1     1     1     1     1     1     1
     1     1     1     2     3     4     5     6     7     8     9    10
    11    12
 9d          9.28107E+02 8.80684E+02 7.98179E+02 6.88024E+02 5.51897E+02
 3.91123E+02 2.06831E+02 0.00000E+00 2.33122E+03 2.20818E+03 1.99654E+03
 1.71694E+03 1.37406E+03 9.71583E+02 5.12656E+02 0.00000E+00 2.87981E+03
 2.72654E+03 2.46366E+03 2.11732E+03 1.69345E+03 1.19670E+03 6.31071E+02
 0.00000E+00 3.65804E+03 3.46141E+03 3.12532E+03 2.68395E+03 2.14506E+03
 1.51475E+03 7.98227E+02 0.00000E+00 4.82015E+03 4.55790E+03 4.11142E+03
 3.52746E+03 2.81661E+03 1.98717E+03 1.04625E+03 0.00000E+00 6.67718E+03
 6.30823E+03 5.68352E+03 4.87049E+03 3.88443E+03 2.73737E+03 1.43961E+03
 0.00000E+00 9.95766E+03 9.39601E+03 8.45127E+03 7.23022E+03 5.75697E+03
 4.05044E+03 2.12680E+03 0.00000E+00 1.67191E+04 1.57470E+04 1.41294E+04
 1.20587E+04 9.57848E+03 6.72313E+03 3.52189E+03 0.00000E+00 3.54002E+04
 3.32303E+04 2.96883E+04 2.52274E+04 1.99521E+04 1.39443E+04 7.27365E+03
 0.00000E+00 9.19665E+04 8.58101E+04 7.61242E+04 6.42206E+04 5.04214E+04
 3.49804E+04 1.81125E+04 0.00000E+00 3.04138E+05 2.80191E+05 2.45234E+05
 2.04024E+05 1.57913E+05 1.07972E+05 5.50932E+04 0.00000E+00 2.91627E+06
 2.59592E+06 2.23102E+06 1.82566E+06 1.39260E+06 9.40018E+05 4.74299E+05
 0.00000E+00
 8d     bbrem   
     8     0     1     2     3     4     5     6     7     8     9    10
    11    10     1     2     3     4     5     6     7     8     9    10
    11    10
 9d          0.00000E+00 0.00000E+00 0.00000E+00 0.00000E+00 0.00000E+00
 0.00000E+00 0.00000E+00 0.00000E+00 0.00000E+00 0.00000E+00 0.00000E+00
 0.00000E+00 0.00000E+00 0.00000E+00 0.00000E+00 0.00000E+00 0.00000E+00
 0.00000E+00 0.00000E+00 0.00000E+00 0.00000E+00 0.00000E+00 0.00000E+00
 0.00000E+00 0.00000E+00 0.00000E+00 7.70800E+00 0.00000E+00 0.00000E+00
 7.70800E+00 0.00000E+00 0.00000E+00 7.70800E+00 0.00000E+00 0.00000E+00
 7.70800E+00 0.00000E+00 0.00000E+00 7.70800E+00 0.00000E+00 0.00000E+00
 7.70800E+00 0.00000E+00 0.00000E+00 7.70800E+00 0.00000E+00 0.00000E+00
 7.70800E+00 0.00000E+00 0.00000E+00 2.41981E+01 5.39259E+00 0.00000E+00
 0.00000E+00 2.41981E+01 5.39259E+00 0.00000E+00 0.00000E+00 2.41981E+01
 5.39259E+00 0.00000E+00 0.00000E+00 2.41981E+01 5.39259E+00 0.00000E+00
 0.00000E+00 2.41981E+01 5.39259E+00 0.00000E+00 0.00000E+00 2.41981E+01
 5.39259E+00 0.00000E+00 0.00000E+00 2.41981E+01 5.39259E+00 0.00000E+00
 0.00000E+00 2.41981E+01 5.39259E+00 0.00000E+00 0.00000E+00 2.30597E+01
 1.32842E+01 4.06940E+00 0.00000E+00 0.00000E+00 2.30597E+01 1.32842E+01
 4.06940E+00 0.00000E+00 0.00000E+00 2.30597E+01 1.32842E+01 4.06940E+00
 0.00000E+00 0.00000E+00 2.30597E+01 1.32842E+01 4.06940E+00 0.00000E+00
 0.00000E+00 2.30597E+01 1.32842E+01 4.06940E+00 0.00000E+00 0.00000E+00
 2.30597E+01 1.32842E+01 4.06940E+00 0.00000E+00 0.00000E+00 2.30597E+01
 1.32842E+01 4.06940E+00 0.00000E+00 0.00000E+00 2.30597E+01 1.32842E+01
 4.06940E+00 0.00000E+00 0.00000E+00 2.16074E+01 1.23518E+01 8.42622E+00
 3.17316E+00 0.00000E+00 0.00000E+00 2.16074E+01 1.23518E+01 8.42622E+00
 3.17316E+00 0.00000E+00 0.00000E+00 2.16074E+01 1.23518E+01 8.42622E+00
 3.17316E+00 0.00000E+00 0.00000E+00 2.16074E+01 1.23518E+01 8.42622E+00
 3.17316E+00 0.00000E+00 0.00000E+00 2.16074E+01 1.23518E+01 8.42622E+00
 3.17316E+00 0.00000E+00 0.00000E+00 2.16074E+01 1.23518E+01 8.42622E+00
 3.17316E+00 0.00000E+00 0.00000E+00 2.16074E+01 1.23518E+01 8.42622E+00
 3.17316E+00 0.00000E+00 0.00000E+00 2.16074E+01 1.23518E+01 8.42622E+00
 3.17316E+00 0.00000E+00 0.00000E+00 1.96783E+01 1.11347E+01 7.59029E+00
 5.70090E+00 2.49924E+00 0.00000E+00 0.00000E+00 1.96783E+01 1.11347E+01
 7.59029E+00 5.70090E+00 2.49924E+00 0.00000E+00 0.00000E+00 1.96783E+01
 1.11347E+01 7.59029E+00 5.70090E+00 2.49924E+00 0.00000E+00 0.00000E+00
 1.96783E+01 1.11347E+01 7.59029E+00 5.70090E+00 2.49924E+00 0.00000E+00
 0.00000E+00 1.96783E+01 1.11347E+01 7.59029E+00 5.70090E+00 2.49924E+00
 0.00000E+00 0.00000E+00 1.96783E+01 1.11347E+01 7.59029E+00 5.70090E+00
 2.49924E+00 0.00000E+00 0.00000E+00 1.96783E+01 1.11347E+01 7.59029E+00
 5.70090E+00 2.49924E+00 0.00000E+00 0.00000E+00 1.96783E+01 1.11347E+01
 7.59029E+00 5.70090E+00 2.49924E+00 0.00000E+00 0.00000E+00 1.69453E+01
 9.56044E+00 6.53779E+00 4.93385E+00 3.94748E+00 1.93010E+00 0.00000E+00
 0.00000E+00 1.69453E+01 9.56044E+00 6.53779E+00 4.93385E+00 3.94748E+00
 1.93010E+00 0.00000E+00 0.00000E+00 1.69453E+01 9.56044E+00 6.53779E+00
 4.93385E+00 3.94748E+00 1.93010E+00 0.00000E+00 0.00000E+00 1.69453E+01
 9.56044E+00 6.53779E+00 4.93385E+00 3.94748E+00 1.93010E+00 0.00000E+00
 0.00000E+00 1.69453E+01 9.56044E+00 6.53779E+00 4.93385E+00 3.94748E+00
 1.93010E+00 0.00000E+00 0.00000E+00 1.69453E+01 9.56044E+00 6.53779E+00
 4.93385E+00 3.94748E+00 1.93010E+00 0.00000E+00 0.00000E+00 1.69453E+01
 9.56044E+00 6.53779E+00 4.93385E+00 3.94748E+00 1.93010E+00 0.00000E+00
 0.00000E+00 1.69453E+01 9.56044E+00 6.53779E+00 4.93385E+00 3.94748E+00
 1.93010E+00 0.00000E+00 0.00000E+00 1.32289E+01 7.43430E+00 5.13928E+00
 3.90108E+00 3.13274E+00 2.60888E+00 1.36554E+00 0.00000E+00 0.00000E+00
 1.32289E+01 7.43430E+00 5.13928E+00 3.90108E+00 3.13274E+00 2.60888E+00
 1.36554E+00 0.00000E+00 0.00000E+00 1.32289E+01 7.43430E+00 5.13928E+00
 3.90108E+00 3.13274E+00 2.60888E+00 1.36554E+00 0.00000E+00 0.00000E+00
 1.32289E+01 7.43430E+00 5.13928E+00 3.90108E+00 3.13274E+00 2.60888E+00
 1.36554E+00 0.00000E+00 0.00000E+00 1.32289E+01 7.43430E+00 5.13928E+00
 3.90108E+00 3.13274E+00 2.60888E+00 1.36554E+00 0.00000E+00 0.00000E+00
 1.32289E+01 7.43430E+00 5.13928E+00 3.90108E+00 3.13274E+00 2.60888E+00
 1.36554E+00 0.00000E+00 0.00000E+00 1.32289E+01 7.43430E+00 5.13928E+00
 3.90108E+00 3.13274E+00 2.60888E+00 1.36554E+00 0.00000E+00 0.00000E+00
 1.32289E+01 7.43430E+00 5.13928E+00 3.90108E+00 3.13274E+00 2.60888E+00
 1.36554E+00 0.00000E+00 0.00000E+00 5.45442E+00 2.88780E+00 1.95653E+00
 1.47376E+00 1.17161E+00 9.66308E-01 8.17562E-01 4.32518E-01 0.00000E+00
 0.00000E+00 5.45442E+00 2.88780E+00 1.95653E+00 1.47376E+00 1.17161E+00
 9.66308E-01 8.17562E-01 4.32518E-01 0.00000E+00 0.00000E+00 5.45442E+00
 2.88780E+00 1.95653E+00 1.47376E+00 1.17161E+00 9.66308E-01 8.17562E-01
 4.32518E-01 0.00000E+00 0.00000E+00 5.45442E+00 2.88780E+00 1.95653E+00
 1.47376E+00 1.17161E+00 9.66308E-01 8.17562E-01 4.32518E-01 0.00000E+00
 0.00000E+00 5.45442E+00 2.88780E+00 1.95653E+00 1.47376E+00 1.17161E+00
 9.66308E-01 8.17562E-01 4.32518E-01 0.00000E+00 0.00000E+00 5.45442E+00
 2.88780E+00 1.95653E+00 1.47376E+00 1.17161E+00 9.66308E-01 8.17562E-01
 4.32518E-01 0.00000E+00 0.00000E+00 5.45442E+00 2.88780E+00 1.95653E+00
 1.47376E+00 1.17161E+00 9.66308E-01 8.17562E-01 4.32518E-01 0.00000E+00
 0.00000E+00 5.45442E+00 2.88780E+00 1.95653E+00 1.47376E+00 1.17161E+00
 9.66308E-01 8.17562E-01 4.32518E-01 0.00000E+00 0.00000E+00 5.52844E+00
 2.06805E+00 1.25358E+00 8.89064E-01 6.79430E-01 5.40124E-01 4.41936E-01
 3.69099E-01 1.76003E-01 0.00000E+00 0.00000E+00 5.52844E+00 2.06805E+00
 1.25358E+00 8.89064E-01 6.79430E-01 5.40124E-01 4.41936E-01 3.69099E-01
 1.76003E-01 0.00000E+00 0.00000E+00 5.52844E+00 2.06805E+00 1.25358E+00
 8.89064E-01 6.79430E-01 5.40124E-01 4.41936E-01 3.69099E-01 1.76003E-01
 0.00000E+00 0.00000E+00 5.52844E+00 2.06805E+00 1.25358E+00 8.89064E-01
 6.79430E-01 5.40124E-01 4.41936E-01 3.69099E-01 1.76003E-01 0.00000E+00
 0.00000E+00 5.52844E+00 2.06805E+00 1.25358E+00 8.89064E-01 6.79430E-01
 5.40124E-01 4.41936E-01 3.69099E-01 1.76003E-01 0.00000E+00 0.00000E+00
 5.52844E+00 2.06805E+00 1.25358E+00 8.89064E-01 6.79430E-01 5.40124E-01
 4.41936E-01 3.69099E-01 1.76003E-01 0.00000E+00 0.00000E+00 5.52844E+00
 2.06805E+00 1.25358E+00 8.89064E-01 6.79430E-01 5.40124E-01 4.41936E-01
 3.69099E-01 1.76003E-01 0.00000E+00 0.00000E+00 5.52844E+00 2.06805E+00
 1.25358E+00 8.89064E-01 6.79430E-01 5.40124E-01 4.41936E-01 3.69099E-01
 1.76003E-01 1.84829E+00 5.64613E-01 2.54052E-01 1.50281E-01 9.87590E-02
 6.76290E-02 4.68290E-02 3.28245E-02 2.30849E-02 4.30611E-03 1.84829E+00
 5.64613E-01 2.54052E-01 1.50281E-01 9.87590E-02 6.76290E-02 4.68290E-02
 3.28245E-02 2.30849E-02 4.30611E-03 1.84829E+00 5.64613E-01 2.54052E-01
 1.50281E-01 9.87590E-02 6.76290E-02 4.68290E-02 3.28245E-02 2.30849E-02
 4.30611E-03 1.84829E+00 5.64613E-01 2.54052E-01 1.50281E-01 9.87590E-02
 6.76290E-02 4.68290E-02 3.28245E-02 2.30849E-02 4.30611E-03 1.84829E+00
 5.64613E-01 2.54052E-01 1.50281E-01 9.87590E-02 6.76290E-02 4.68290E-02
 3.28245E-02 2.30849E-02 4.30611E-03 1.84829E+00 5.64613E-01 2.54052E-01
 1.50281E-01 9.87590E-02 6.76290E-02 4.68290E-02 3.28245E-02 2.30849E-02
 4.30611E-03 1.84829E+00 5.64613E-01 2.54052E-01 1.50281E-01 9.87590E-02
 6.76290E-02 4.68290E-02 3.28245E-02 2.30849E-02 4.30611E-03 1.84829E+00
 5.64613E-01 2.54052E-01 1.50281E-01 9.87590E-02 6.76290E-02 4.68290E-02
 3.28245E-02 2.30849E-02 4.30611E-03
 8d     bshk    
     1     0     1     2     3     4     5     6     7     8     9    10
    11    11     1     2     3     4     5     6     7     8     9    10
    11    11
 9d          0.00000E+00 0.00000E+00 0.00000E+00 0.00000E+00 0.00000E+00
 0.00000E+00 0.00000E+00 0.00000E+00 0.00000E+00 0.00000E+00 0.00000E+00
 0.00000E+00 0.00000E+00 0.00000E+00 0.00000E+00 0.00000E+00 0.00000E+00
 0.00000E+00 0.00000E+00 0.00000E+00 0.00000E+00 0.00000E+00 0.00000E+00
 0.00000E+00 0.00000E+00 0.00000E+00 0.00000E+00 0.00000E+00 0.00000E+00
 0.00000E+00 0.00000E+00 0.00000E+00 0.00000E+00 0.00000E+00 0.00000E+00
 0.00000E+00 0.00000E+00 0.00000E+00 0.00000E+00 0.00000E+00 0.00000E+00
 0.00000E+00 0.00000E+00 0.00000E+00 0.00000E+00 0.00000E+00 0.00000E+00
 0.00000E+00 0.00000E+00 0.00000E+00 0.00000E+00 0.00000E+00 0.00000E+00
 0.00000E+00 0.00000E+00 0.00000E+00 0.00000E+00 0.00000E+00 0.00000E+00
 0.00000E+00 0.00000E+00 0.00000E+00 0.00000E+00 0.00000E+00 0.00000E+00
 0.00000E+00 8.18219E-01 1.06486E+00 1.15544E+00 1.22641E+00 1.27520E+00
 1.31252E+00 1.34273E+00 1.36810E+00 1.38998E+00 1.40921E+00 1.48831E+00
 8d     bshl1   
     1     0     1     2     3     4     5     6     7     8     9    10
    11    11     1     2     3     4     5     6     7     8     9    10
    11    11
 9d          0.00000E+00 0.00000E+00 0.00000E+00 0.00000E+00 0.00000E+00
 0.00000E+00 0.00000E+00 0.00000E+00 0.00000E+00 0.00000E+00 0.00000E+00
 0.00000E+00 0.00000E+00 0.00000E+00 0.00000E+00 0.00000E+00 0.00000E+00
 0.00000E+00 0.00000E+00 0.00000E+00 0.00000E+00 0.00000E+00 0.00000E+00
 0.00000E+00 0.00000E+00 0.00000E+00 0.00000E+00 0.00000E+00 0.00000E+00
 0.00000E+00 0.00000E+00 0.00000E+00 0.00000E+00 0.00000E+00 0.00000E+00
 0.00000E+00 0.00000E+00 0.00000E+00 0.00000E+00 0.00000E+00 0.00000E+00
 0.00000E+00 0.00000E+00 0.00000E+00 0.00000E+00 0.00000E+00 0.00000E+00
 0.00000E+00 0.00000E+00 0.00000E+00 0.00000E+00 0.00000E+00 0.00000E+00
 0.00000E+00 0.00000E+00 0.00000E+00 0.00000E+00 0.00000E+00 0.00000E+00
 0.00000E+00 0.00000E+00 0.00000E+00 0.00000E+00 0.00000E+00 0.00000E+00
 0.00000E+00 1.88433E+01 1.54274E+01 1.50492E+01 1.53401E+01 1.56983E+01
 1.60169E+01 1.62930E+01 1.65337E+01 1.67462E+01 1.69360E+01 1.77372E+01
 8d     bshl2   
     1     0     1     2     3     4     5     6     7     8     9    10
    11    11     1     2     3     4     5     6     7     8     9    10
    11    11
 9d          0.00000E+00 0.00000E+00 0.00000E+00 0.00000E+00 0.00000E+00
 0.00000E+00 0.00000E+00 0.00000E+00 0.00000E+00 0.00000E+00 0.00000E+00
 0.00000E+00 0.00000E+00 0.00000E+00 0.00000E+00 0.00000E+00 0.00000E+00
 0.00000E+00 0.00000E+00 0.00000E+00 0.00000E+00 0.00000E+00 0.00000E+00
 0.00000E+00 0.00000E+00 0.00000E+00 0.00000E+00 0.00000E+00 0.00000E+00
 0.00000E+00 0.00000E+00 0.00000E+00 0.00000E+00 0.00000E+00 0.00000E+00
 0.00000E+00 0.00000E+00 0.00000E+00 0.00000E+00 0.00000E+00 0.00000E+00
 0.00000E+00 0.00000E+00 0.00000E+00 0.00000E+00 0.00000E+00 0.00000E+00
 0.00000E+00 0.00000E+00 0.00000E+00 0.00000E+00 0.00000E+00 0.00000E+00
 0.00000E+00 0.00000E+00 0.00000E+00 0.00000E+00 0.00000E+00 0.00000E+00
 0.00000E+00 0.00000E+00 0.00000E+00 0.00000E+00 0.00000E+00 0.00000E+00
 0.00000E+00 4.99512E+00 4.06993E+00 3.96579E+00 4.04059E+00 4.13410E+00
 4.21749E+00 4.28981E+00 4.35292E+00 4.40863E+00 4.45838E+00 4.66851E+00
 8d     bshl3   
     1     0     1     2     3     4     5     6     7     8     9    10
    11    11     1     2     3     4     5     6     7     8     9    10
    11    11
 9d          0.00000E+00 0.00000E+00 0.00000E+00 0.00000E+00 0.00000E+00
 0.00000E+00 0.00000E+00 0.00000E+00 0.00000E+00 0.00000E+00 0.00000E+00
 0.00000E+00 0.00000E+00 0.00000E+00 0.00000E+00 0.00000E+00 0.00000E+00
 0.00000E+00 0.00000E+00 0.00000E+00 0.00000E+00 0.00000E+00 0.00000E+00
 0.00000E+00 0.00000E+00 0.00000E+00 0.00000E+00 0.00000E+00 0.00000E+00
 0.00000E+00 0.00000E+00 0.00000E+00 0.00000E+00 0.00000E+00 0.00000E+00
 0.00000E+00 0.00000E+00 0.00000E+00 0.00000E+00 0.00000E+00 0.00000E+00
 0.00000E+00 0.00000E+00 0.00000E+00 0.00000E+00 0.00000E+00 0.00000E+00
 0.00000E+00 0.00000E+00 0.00000E+00 0.00000E+00 0.00000E+00 0.00000E+00
 0.00000E+00 0.00000E+00 0.00000E+00 0.00000E+00 0.00000E+00 0.00000E+00
 0.00000E+00 0.00000E+00 0.00000E+00 0.00000E+00 0.00000E+00 0.00000E+00
 0.00000E+00 1.25654E+01 1.01193E+01 9.83409E+00 1.00083E+01 1.02347E+01
 1.04379E+01 1.06146E+01 1.07689E+01 1.09053E+01 1.10271E+01 1.15417E+01
 8d     bbrem   
     8     0     1     2     3     4     5     6     7     8     9    10
    11    12     1     2     3     4     5     6     7     8     9    10
    11    12
 9d          9.22912E-07 9.19673E-07 9.14525E-07 9.07904E-07 9.00096E-07
 8.91310E-07 8.81710E-07 8.71427E-07 4.42289E-07 3.08967E-07 4.38086E-07
 3.07670E-07 4.31703E-07 3.05625E-07 4.23788E-07 3.03015E-07 4.14757E-07
 2.99955E-07 4.04905E-07 2.96531E-07 3.94452E-07 2.92809E-07 3.83572E-07
 2.88843E-07 5.30349E-07 1.93010E-06 3.86821E-07 5.24234E-07 1.91115E-06
 3.85154E-07 5.15055E-07 1.88242E-06 3.82533E-07 5.03782E-07 1.84686E-06
 3.79188E-07 4.91033E-07 1.80634E-06 3.75271E-07 4.77238E-07 1.76220E-06
 3.70893E-07 4.62720E-07 1.71543E-06 3.66138E-07 4.47726E-07 1.66681E-06
 3.61075E-07 6.49686E-07 2.29223E-06 3.23179E-06 4.87257E-07 6.40378E-07
 2.26483E-06 3.19989E-06 4.85128E-07 6.26605E-07 2.22380E-06 3.15156E-06
 4.81781E-07 6.09892E-07 2.17351E-06 3.09176E-06 4.77513E-07 5.91195E-07
 2.11672E-06 3.02362E-06 4.72518E-07 5.71174E-07 2.05539E-06 2.94941E-06
 4.66937E-07 5.50316E-07 1.99094E-06 2.87080E-06 4.60878E-07 5.28984E-07
 1.92449E-06 2.78910E-06 4.54429E-07 8.18508E-07 2.80182E-06 3.94467E-06
 4.71877E-06 6.26989E-07 8.03485E-07 2.76003E-06 3.89727E-06 4.67215E-06
 6.24221E-07 7.81654E-07 2.69838E-06 3.82630E-06 4.60149E-06 6.19872E-07
 7.55568E-07 2.62375E-06 3.73934E-06 4.51406E-06 6.14328E-07 7.26794E-07
 2.54043E-06 3.64119E-06 4.41447E-06 6.07842E-07 6.96399E-07 2.45142E-06
 3.53520E-06 4.30599E-06 6.00597E-07 6.65143E-07 2.35887E-06 3.42385E-06
 4.19110E-06 5.92735E-07 6.33586E-07 2.26441E-06 3.30907E-06 4.07169E-06
 5.84368E-07 1.07329E-06 3.57288E-06 5.03598E-06 6.05371E-06 6.84222E-06
 8.35528E-07 1.04700E-06 3.50425E-06 4.96044E-06 5.98085E-06 6.77457E-06
 8.31807E-07 1.00971E-06 3.40489E-06 4.84903E-06 5.87179E-06 6.67207E-06
 8.25961E-07 9.66065E-07 3.28653E-06 4.71421E-06 5.73817E-06 6.54522E-06
 8.18512E-07 9.18832E-07 3.15635E-06 4.56377E-06 5.58736E-06 6.40074E-06
 8.09800E-07 8.69846E-07 3.01922E-06 4.40307E-06 5.42451E-06 6.24338E-06
 8.00070E-07 8.20366E-07 2.87859E-06 4.23603E-06 5.25345E-06 6.07670E-06
 7.89515E-07 7.71279E-07 2.73698E-06 4.06561E-06 5.07712E-06 5.90348E-06
 7.78286E-07 1.49764E-06 4.86386E-06 6.90585E-06 8.34927E-06 9.46667E-06
 1.03493E-05 1.17563E-06 1.44577E-06 4.73831E-06 6.77235E-06 8.22382E-06
 9.35266E-06 1.02470E-05 1.17034E-06 1.37466E-06 4.56109E-06 6.57918E-06
 8.03882E-06 9.18200E-06 1.00918E-05 1.16205E-06 1.29385E-06 4.35453E-06
 6.34918E-06 7.81499E-06 8.97292E-06 9.89992E-06 1.15148E-06 1.20880E-06
 4.13190E-06 6.09631E-06 7.56523E-06 8.73694E-06 9.68130E-06 1.13913E-06
 1.12292E-06 3.90189E-06 5.83004E-06 7.29847E-06 8.48213E-06 9.44319E-06
 1.12533E-06 1.03842E-06 3.67041E-06 5.55706E-06 7.02121E-06 8.21450E-06
 9.19099E-06 1.11037E-06 9.56705E-07 3.44161E-06 5.28229E-06 6.73834E-06
 7.93862E-06 8.92890E-06 1.09446E-06 2.40558E-06 7.51640E-06 1.07305E-05
 1.30591E-05 1.47840E-05 1.60795E-05 1.70914E-05 1.81439E-06 2.27691E-06
 7.23904E-06 1.04515E-05 1.28061E-05 1.45617E-05 1.58858E-05 1.69223E-05
 1.80616E-06 2.10971E-06 6.86162E-06 1.00579E-05 1.24401E-05 1.42338E-05
 1.55957E-05 1.66661E-05 1.79324E-06 1.92844E-06 6.43542E-06 9.59948E-06
 1.20044E-05 1.38371E-05 1.52404E-05 1.63490E-05 1.77678E-06 1.74598E-06
 5.98951E-06 9.10564E-06 1.15255E-05 1.33945E-05 1.48394E-05 1.59879E-05
 1.75755E-06 1.56952E-06 5.54184E-06 8.59567E-06 1.10212E-05 1.29218E-05
 1.44064E-05 1.55946E-05 1.73609E-06 1.40307E-06 5.10378E-06 8.08275E-06
 1.05043E-05 1.24305E-05 1.39516E-05 1.51780E-05 1.71281E-06 1.24870E-06
 4.68252E-06 7.57599E-06 9.98406E-06 1.19293E-05 1.34828E-05 1.47450E-05
 1.68807E-06 5.50800E-06 1.58478E-05 2.21574E-05 2.65455E-05 2.96416E-05
 3.18078E-05 3.34306E-05 3.46419E-05 3.40805E-06 4.97630E-06 1.49284E-05
 2.13321E-05 2.58531E-05 2.90666E-05 3.13290E-05 3.30276E-05 3.42990E-05
 3.39243E-06 4.35217E-06 1.37485E-05 2.02101E-05 2.48768E-05 2.82347E-05
 3.06231E-05 3.24242E-05 3.37795E-05 3.36792E-06 3.73431E-06 1.24832E-05
 1.89444E-05 2.37398E-05 2.72445E-05 2.97690E-05 3.16852E-05 3.31366E-05
 3.33672E-06 3.16393E-06 1.12225E-05 1.76213E-05 2.25153E-05 2.61561E-05
 2.88161E-05 3.08511E-05 3.24044E-05 3.30026E-06 2.65675E-06 1.00154E-05
 1.62941E-05 2.12511E-05 2.50102E-05 2.77984E-05 2.99505E-05 3.16070E-05
 3.25958E-06 2.21606E-06 8.88762E-06 1.49965E-05 1.99799E-05 2.38358E-05
 2.67408E-05 2.90046E-05 3.07623E-05 3.21549E-06 1.83905E-06 7.85145E-06
 1.37497E-05 1.87242E-05 2.26538E-05 2.56619E-05 2.80296E-05 2.98846E-05
 3.16862E-06 1.30231E-05 1.89332E-05 2.67207E-05 3.12993E-05 3.43058E-05
 3.63615E-05 3.76419E-05 3.85029E-05 3.90876E-05 3.64379E-06 1.04718E-05
 1.68987E-05 2.51521E-05 3.01288E-05 3.34095E-05 3.56554E-05 3.70750E-05
 3.80385E-05 3.87006E-05 3.62696E-06 7.99595E-06 1.45708E-05 2.31426E-05
 2.85384E-05 3.21458E-05 3.46340E-05 3.62391E-05 3.73434E-05 3.81143E-05
 3.60057E-06 5.93998E-06 1.23180E-05 2.09911E-05 2.67448E-05 3.06742E-05
 3.34183E-05 3.52278E-05 3.64919E-05 3.73887E-05 3.56699E-06 4.33867E-06
 1.02819E-05 1.88507E-05 2.48707E-05 2.90897E-05 3.20821E-05 3.40996E-05
 3.55309E-05 3.65624E-05 3.52776E-06 3.13342E-06 8.50733E-06 1.68041E-05
 2.29914E-05 2.74540E-05 3.06755E-05 3.28947E-05 3.44933E-05 3.56624E-05
 3.48400E-06 2.24500E-06 6.99459E-06 1.48948E-05 2.11547E-05 2.58093E-05
 2.92339E-05 3.16425E-05 3.34035E-05 3.47091E-05 3.43657E-06 1.59911E-06
 5.72384E-06 1.31430E-05 1.93904E-05 2.41850E-05 2.77831E-05 3.03652E-05
 3.22803E-05 3.37186E-05 3.38616E-06 1.08504E-04 1.40486E-04 8.24572E-05
 8.88008E-05 9.27569E-05 9.54101E-05 9.70832E-05 9.78088E-05 9.81699E-05
 9.82958E-05 8.84477E-06 6.72081E-05 1.10423E-04 7.33383E-05 8.35511E-05
 8.92787E-05 9.29138E-05 9.51965E-05 9.63351E-05 9.69855E-05 9.73223E-05
 8.80373E-06 3.91344E-05 8.22780E-05 6.29741E-05 7.68329E-05 8.45543E-05
 8.93949E-05 9.24677E-05 9.41621E-05 9.52127E-05 9.58475E-05 8.73937E-06
 2.22321E-05 5.96498E-05 5.30048E-05 6.96463E-05 7.92277E-05 8.52978E-05
 8.92197E-05 9.15334E-05 9.30411E-05 9.40227E-05 8.65750E-06 1.24908E-05
 4.25491E-05 4.40461E-05 6.25032E-05 7.36633E-05 8.08863E-05 8.56502E-05
 8.86007E-05 9.05903E-05 9.19443E-05 8.56186E-06 6.98240E-06 3.00381E-05
 3.62816E-05 5.56792E-05 6.80849E-05 7.63330E-05 8.18924E-05 8.54689E-05
 8.79443E-05 8.96807E-05 8.45519E-06 3.89503E-06 2.10596E-05 2.96985E-05
 4.93183E-05 6.26341E-05 7.17551E-05 7.80414E-05 8.22143E-05 8.51652E-05
 8.72832E-05 8.33959E-06 2.17154E-06 1.46950E-05 2.41975E-05 4.34870E-05
 5.73997E-05 6.72342E-05 7.41661E-05 7.88943E-05 8.23007E-05 8.47918E-05
 8.21676E-06 3.59744E-03 5.63374E-04 3.63429E-04 1.62849E-04 1.51834E-04
 1.49018E-04 1.48331E-04 1.48039E-04 1.47288E-04 1.46557E-04 1.45825E-04
 1.29121E-05 1.05528E-03 3.25127E-04 2.84510E-04 1.44579E-04 1.42824E-04
 1.43422E-04 1.44447E-04 1.45161E-04 1.45068E-04 1.44789E-04 1.44380E-04
 1.28521E-05 2.94113E-04 1.77942E-04 2.11055E-04 1.23883E-04 1.31300E-04
 1.35823E-04 1.38973E-04 1.40999E-04 1.41796E-04 1.42142E-04 1.42192E-04
 1.27579E-05 8.13231E-05 9.59877E-05 1.52319E-04 1.04036E-04 1.18978E-04
 1.27256E-04 1.32600E-04 1.36045E-04 1.37836E-04 1.38900E-04 1.39485E-04
 1.26382E-05 2.25612E-05 5.16863E-05 1.08163E-04 8.62528E-05 1.06738E-04
 1.18307E-04 1.25739E-04 1.30600E-04 1.33419E-04 1.35240E-04 1.36401E-04
 1.24983E-05 6.29768E-06 2.79097E-05 7.60218E-05 7.08831E-05 9.50491E-05
 1.09338E-04 1.18656E-04 1.24868E-04 1.28703E-04 1.31290E-04 1.33043E-04
 1.23423E-05 1.76851E-06 1.51357E-05 5.30692E-05 5.78878E-05 8.41588E-05
 1.00574E-04 1.11536E-04 1.18995E-04 1.23801E-04 1.27141E-04 1.29486E-04
 1.21732E-05 4.90047E-07 8.24543E-06 3.68765E-05 4.70579E-05 7.41797E-05
 9.21596E-05 1.04506E-04 1.13084E-04 1.18801E-04 1.22864E-04 1.25790E-04
 1.19936E-05
 8d     bshk    
     1     0     1     2     3     4     5     6     7     8     9    10
    11    12     1     2     3     4     5     6     7     8     9    10
    11    12
 9d          0.00000E+00 0.00000E+00 0.00000E+00 0.00000E+00 0.00000E+00
 0.00000E+00 0.00000E+00 0.00000E+00 0.00000E+00 0.00000E+00 0.00000E+00
 0.00000E+00 0.00000E+00 0.00000E+00 0.00000E+00 0.00000E+00 0.00000E+00
 0.00000E+00 0.00000E+00 0.00000E+00 0.00000E+00 0.00000E+00 0.00000E+00
 0.00000E+00 0.00000E+00 0.00000E+00 0.00000E+00 0.00000E+00 0.00000E+00
 0.00000E+00 0.00000E+00 0.00000E+00 0.00000E+00 0.00000E+00 0.00000E+00
 0.00000E+00 0.00000E+00 0.00000E+00 0.00000E+00 0.00000E+00 0.00000E+00
 0.00000E+00 0.00000E+00 0.00000E+00 0.00000E+00 0.00000E+00 0.00000E+00
 0.00000E+00 0.00000E+00 0.00000E+00 0.00000E+00 0.00000E+00 0.00000E+00
 0.00000E+00 0.00000E+00 0.00000E+00 0.00000E+00 0.00000E+00 0.00000E+00
 0.00000E+00 0.00000E+00 0.00000E+00 0.00000E+00 0.00000E+00 0.00000E+00
 0.00000E+00 4.60368E-06 2.28949E-05 2.38370E-05 1.29323E-05 1.37266E-05
 1.42727E-05 1.46904E-05 1.50285E-05 1.53125E-05 1.55574E-05 1.57726E-05
 1.51436E-06
 8d     bshl1   
     1     0     1     2     3     4     5     6     7     8     9    10
    11    12     1     2     3     4     5     6     7     8     9    10
    11    12
 9d          0.00000E+00 0.00000E+00 0.00000E+00 0.00000E+00 0.00000E+00
 0.00000E+00 0.00000E+00 0.00000E+00 0.00000E+00 0.00000E+00 0.00000E+00
 0.00000E+00 0.00000E+00 0.00000E+00 0.00000E+00 0.00000E+00 0.00000E+00
 0.00000E+00 0.00000E+00 0.00000E+00 0.00000E+00 0.00000E+00 0.00000E+00
 0.00000E+00 0.00000E+00 0.00000E+00 0.00000E+00 0.00000E+00 0.00000E+00
 0.00000E+00 0.00000E+00 0.00000E+00 0.00000E+00 0.00000E+00 0.00000E+00
 0.00000E+00 0.00000E+00 0.00000E+00 0.00000E+00 0.00000E+00 0.00000E+00
 0.00000E+00 0.00000E+00 0.00000E+00 0.00000E+00 0.00000E+00 0.00000E+00
 0.00000E+00 0.00000E+00 0.00000E+00 0.00000E+00 0.00000E+00 0.00000E+00
 0.00000E+00 0.00000E+00 0.00000E+00 0.00000E+00 0.00000E+00 0.00000E+00
 0.00000E+00 0.00000E+00 0.00000E+00 0.00000E+00 0.00000E+00 0.00000E+00
 0.00000E+00 2.50085E-04 4.47611E-05 2.93175E-05 1.42994E-05 1.45758E-05
 1.49161E-05 1.52188E-05 1.54812E-05 1.57099E-05 1.59119E-05 1.60921E-05
 1.53213E-06
 8d     bshl2   
     1     0     1     2     3     4     5     6     7     8     9    10
    11    12     1     2     3     4     5     6     7     8     9    10
    11    12
 9d          0.00000E+00 0.00000E+00 0.00000E+00 0.00000E+00 0.00000E+00
 0.00000E+00 0.00000E+00 0.00000E+00 0.00000E+00 0.00000E+00 0.00000E+00
 0.00000E+00 0.00000E+00 0.00000E+00 0.00000E+00 0.00000E+00 0.00000E+00
 0.00000E+00 0.00000E+00 0.00000E+00 0.00000E+00 0.00000E+00 0.00000E+00
 0.00000E+00 0.00000E+00 0.00000E+00 0.00000E+00 0.00000E+00 0.00000E+00
 0.00000E+00 0.00000E+00 0.00000E+00 0.00000E+00 0.00000E+00 0.00000E+00
 0.00000E+00 0.00000E+00 0.00000E+00 0.00000E+00 0.00000E+00 0.00000E+00
 0.00000E+00 0.00000E+00 0.00000E+00 0.00000E+00 0.00000E+00 0.00000E+00
 0.00000E+00 0.00000E+00 0.00000E+00 0.00000E+00 0.00000E+00 0.00000E+00
 0.00000E+00 0.00000E+00 0.00000E+00 0.00000E+00 0.00000E+00 0.00000E+00
 0.00000E+00 0.00000E+00 0.00000E+00 0.00000E+00 0.00000E+00 0.00000E+00
 0.00000E+00 2.35887E-05 4.07329E-06 2.65507E-06 1.29357E-06 1.31797E-06
 1.34847E-06 1.37567E-06 1.39926E-06 1.41984E-06 1.43801E-06 1.45424E-06
 1.38435E-07
 8d     bshl3   
     1     0     1     2     3     4     5     6     7     8     9    10
    11    12     1     2     3     4     5     6     7     8     9    10
    11    12
 9d          0.00000E+00 0.00000E+00 0.00000E+00 0.00000E+00 0.00000E+00
 0.00000E+00 0.00000E+00 0.00000E+00 0.00000E+00 0.00000E+00 0.00000E+00
 0.00000E+00 0.00000E+00 0.00000E+00 0.00000E+00 0.00000E+00 0.00000E+00
 0.00000E+00 0.00000E+00 0.00000E+00 0.00000E+00 0.00000E+00 0.00000E+00
 0.00000E+00 0.00000E+00 0.00000E+00 0.00000E+00 0.00000E+00 0.00000E+00
 0.00000E+00 0.00000E+00 0.00000E+00 0.00000E+00 0.00000E+00 0.00000E+00
 0.00000E+00 0.00000E+00 0.00000E+00 0.00000E+00 0.00000E+00 0.00000E+00
 0.00000E+00 0.00000E+00 0.00000E+00 0.00000E+00 0.00000E+00 0.00000E+00
 0.00000E+00 0.00000E+00 0.00000E+00 0.00000E+00 0.00000E+00 0.00000E+00
 0.00000E+00 0.00000E+00 0.00000E+00 0.00000E+00 0.00000E+00 0.00000E+00
 0.00000E+00 0.00000E+00 0.00000E+00 0.00000E+00 0.00000E+00 0.00000E+00
 0.00000E+00 8.04522E-05 1.27125E-05 8.19022E-06 3.97967E-06 4.05016E-06
 4.14180E-06 4.22404E-06 4.29553E-06 4.35799E-06 4.41316E-06 4.46244E-06
 4.24611E-07
