->       1      12       0      -1                                 <-   
default                                                                         
->       2      12       0      -1                                 <-   
GLOBAL                                                                          
->       3      12       3       3                                 <-   
PARKEY                                                                          
         4         4         4
C-BORE      
->       3      12       3       1                                 <-   
PARTYP                                                                          
         4
VALU
->       3      12       3       2                                 <-   
PARFMT                                                                          
         4         4
REAL    
->       3      12       1       2                                 <-   
PARCAD                                                                          
         1         1
->       3      12       1       2                                 <-   
PARPAD                                                                          
         1         1
->       3      12       2       5                                 <-   
pval00000001                                                                    
  0.00000000E+00  1.00000000E+02  6.00000000E+02  1.80000000E+03  2.20000000E+03
->       3      12       1       1                                 <-   
NVALUE                                                                          
         5
->      -3       0       0       0                                 <-   
->       2      12       1      40                                 <-   
STATE-VECTOR                                                                    
         3         2         5        10         1         0         0         0
         0         1         0      2006         0         0         0         0
         0         0         0         0         0         0         0         0
         0         0         0         0         0         0         0         0
         0         0         0         0         0         0         0         0
->       2      12      10       3                                 <-   
MIXTURES                                                                        
->       3       0       0      -1                                 <-   00000001
->       4      12       0      -1                                 <-   
TREE                                                                            
->       5      12       1       2                                 <-   
NVP                                                                             
         6        40
->       5      12       1       1                                 <-   
NCALS                                                                           
         5
->       5      12       1       7                                 <-   
DEBARB                                                                          
         2         7         1         2         3         4         5
->       5      12       1       6                                 <-   
ARBVAL                                                                          
         0         1         2         3         4         5
->       5      12       1      10                                 <-   
ORIGIN                                                                          
         0         1         2         3         4         0         0         0
         0         0
->      -5       0       0       0                                 <-   
->       4      12      10      10                                 <-   
CALCULATIONS                                                                    
->       5       0       0      -1                                 <-   00000001
->       6      12      10       1                                 <-   
ISOTOPESLIST                                                                    
->       7       0       0      -1                                 <-   00000001
->       8      12       3       3                                 <-   
ALIAS                                                                           
         4         4         4
*MAC*RES    
->       8      12       2       2                                 <-   
NWT0                                                                            
  1.00000000E+00  1.00000000E+00
->       8      12       2       2                                 <-   
NTOT0                                                                           
  8.54619741E-01  4.65894997E-01
->       8      12       2       2                                 <-   
OVERV                                                                           
  0.00000000E+00  0.00000000E+00
->       8      12       2       2                                 <-   
STRD                                                                            
  8.54619682E-01  4.65895027E-01
->       8      12       2       2                                 <-   
SIGS00                                                                          
  8.38909805E-01  3.55769992E-01
->       8      12       1       2                                 <-   
NJJS00                                                                          
         1         2
->       8      12       1       2                                 <-   
IJJS00                                                                          
         1         2
->       8      12       2       3                                 <-   
SCAT00                                                                          
  8.27520013E-01  3.55769992E-01  1.13898003E-02
->       8      12       1       1                                 <-   
SCAT-SAVED                                                                      
         1
->      -8       0       0       0                                 <-   
->       6      12       3       3                                 <-   
SIGNATURE                                                                       
         4         4         4
L_LIBRARY   
->       6      12       1      40                                 <-   
STATE-VECTOR                                                                    
         1         1         2         1         0         0         0         0
         0         0         0         0         0         1         0         0
         0         0         0         0         0         0         0         0
         0         0         0         0         0         0         0         0
         0         0         0         0         0         0         0         0
->       6      12       1       1                                 <-   
ISOTOPESMIX                                                                     
         1
->       6      12       3       3                                 <-   
ISOTOPESUSED                                                                    
         4         4         4
*MAC*RES    
->       6      12       3       3                                 <-   
ISOTOPERNAME                                                                    
         4         4         4
    *MAC*RES
->       6      12       2       1                                 <-   
ISOTOPESDENS                                                                    
  1.00000000E+00
->       6      12       1       1                                 <-   
ISOTOPESTYPE                                                                    
         1
->       6      12       1       1                                 <-   
ISOTOPESTODO                                                                    
         1
->       6      12       2       1                                 <-   
ISOTOPESVOL                                                                     
  1.00000000E+00
->       6      12       2       1                                 <-   
ISOTOPESTEMP                                                                    
  0.00000000E+00
->       6      12       2       1                                 <-   
MIXTURESVOL                                                                     
  1.00000000E+00
->       6      12       2       1                                 <-   
K-EFFECTIVE                                                                     
  0.00000000E+00
->       6      12       2       3                                 <-   
ENERGY                                                                          
  2.00000000E+07  6.25000000E-01  1.00000005E-03
->       6      12       2       2                                 <-   
DELTAU                                                                          
  0.00000000E+00  1.72812462E+01
->      -6       0       0       0                                 <-   
->       5       0       0      -1                                 <-   00000002
->       6      12      10       1                                 <-   
ISOTOPESLIST                                                                    
->       7       0       0      -1                                 <-   00000001
->       8      12       3       3                                 <-   
ALIAS                                                                           
         4         4         4
*MAC*RES    
->       8      12       2       2                                 <-   
NWT0                                                                            
  1.00000000E+00  1.00000000E+00
->       8      12       2       2                                 <-   
NTOT0                                                                           
  8.54713321E-01  4.66108978E-01
->       8      12       2       2                                 <-   
OVERV                                                                           
  0.00000000E+00  0.00000000E+00
->       8      12       2       2                                 <-   
STRD                                                                            
  8.54713321E-01  4.66108978E-01
->       8      12       2       2                                 <-   
SIGS00                                                                          
  8.38477612E-01  3.55769992E-01
->       8      12       1       2                                 <-   
NJJS00                                                                          
         1         2
->       8      12       1       2                                 <-   
IJJS00                                                                          
         1         2
->       8      12       2       3                                 <-   
SCAT00                                                                          
  8.27520013E-01  3.55769992E-01  1.09575996E-02
->       8      12       1       1                                 <-   
SCAT-SAVED                                                                      
         1
->      -8       0       0       0                                 <-   
->       6      12       3       3                                 <-   
SIGNATURE                                                                       
         4         4         4
L_LIBRARY   
->       6      12       1      40                                 <-   
STATE-VECTOR                                                                    
         1         1         2         1         0         0         0         0
         0         0         0         0         0         1         0         0
         0         0         0         0         0         0         0         0
         0         0         0         0         0         0         0         0
         0         0         0         0         0         0         0         0
->       6      12       1       1                                 <-   
ISOTOPESMIX                                                                     
         1
->       6      12       3       3                                 <-   
ISOTOPESUSED                                                                    
         4         4         4
*MAC*RES    
->       6      12       3       3                                 <-   
ISOTOPERNAME                                                                    
         4         4         4
    *MAC*RES
->       6      12       2       1                                 <-   
ISOTOPESDENS                                                                    
  1.00000000E+00
->       6      12       1       1                                 <-   
ISOTOPESTYPE                                                                    
         1
->       6      12       1       1                                 <-   
ISOTOPESTODO                                                                    
         1
->       6      12       2       1                                 <-   
ISOTOPESVOL                                                                     
  1.00000000E+00
->       6      12       2       1                                 <-   
ISOTOPESTEMP                                                                    
  0.00000000E+00
->       6      12       2       1                                 <-   
MIXTURESVOL                                                                     
  1.00000000E+00
->       6      12       2       1                                 <-   
K-EFFECTIVE                                                                     
  0.00000000E+00
->       6      12       2       3                                 <-   
ENERGY                                                                          
  2.00000000E+07  6.25000000E-01  1.00000005E-03
->       6      12       2       2                                 <-   
DELTAU                                                                          
  0.00000000E+00  1.72812462E+01
->      -6       0       0       0                                 <-   
->       5       0       0      -1                                 <-   00000003
->       6      12      10       1                                 <-   
ISOTOPESLIST                                                                    
->       7       0       0      -1                                 <-   00000001
->       8      12       3       3                                 <-   
ALIAS                                                                           
         4         4         4
*MAC*RES    
->       8      12       2       2                                 <-   
NWT0                                                                            
  1.00000000E+00  1.00000000E+00
->       8      12       2       2                                 <-   
NTOT0                                                                           
  8.54729593E-01  4.67247993E-01
->       8      12       2       2                                 <-   
OVERV                                                                           
  0.00000000E+00  0.00000000E+00
->       8      12       2       2                                 <-   
STRD                                                                            
  8.54729533E-01  4.67247993E-01
->       8      12       2       2                                 <-   
SIGS00                                                                          
  8.37004423E-01  3.55769992E-01
->       8      12       1       2                                 <-   
NJJS00                                                                          
         1         2
->       8      12       1       2                                 <-   
IJJS00                                                                          
         1         2
->       8      12       2       3                                 <-   
SCAT00                                                                          
  8.27520013E-01  3.55769992E-01  9.48442984E-03
->       8      12       1       1                                 <-   
SCAT-SAVED                                                                      
         1
->      -8       0       0       0                                 <-   
->       6      12       3       3                                 <-   
SIGNATURE                                                                       
         4         4         4
L_LIBRARY   
->       6      12       1      40                                 <-   
STATE-VECTOR                                                                    
         1         1         2         1         0         0         0         0
         0         0         0         0         0         1         0         0
         0         0         0         0         0         0         0         0
         0         0         0         0         0         0         0         0
         0         0         0         0         0         0         0         0
->       6      12       1       1                                 <-   
ISOTOPESMIX                                                                     
         1
->       6      12       3       3                                 <-   
ISOTOPESUSED                                                                    
         4         4         4
*MAC*RES    
->       6      12       3       3                                 <-   
ISOTOPERNAME                                                                    
         4         4         4
    *MAC*RES
->       6      12       2       1                                 <-   
ISOTOPESDENS                                                                    
  1.00000000E+00
->       6      12       1       1                                 <-   
ISOTOPESTYPE                                                                    
         1
->       6      12       1       1                                 <-   
ISOTOPESTODO                                                                    
         1
->       6      12       2       1                                 <-   
ISOTOPESVOL                                                                     
  1.00000000E+00
->       6      12       2       1                                 <-   
ISOTOPESTEMP                                                                    
  0.00000000E+00
->       6      12       2       1                                 <-   
MIXTURESVOL                                                                     
  1.00000000E+00
->       6      12       2       1                                 <-   
K-EFFECTIVE                                                                     
  0.00000000E+00
->       6      12       2       3                                 <-   
ENERGY                                                                          
  2.00000000E+07  6.25000000E-01  1.00000005E-03
->       6      12       2       2                                 <-   
DELTAU                                                                          
  0.00000000E+00  1.72812462E+01
->      -6       0       0       0                                 <-   
->       5       0       0      -1                                 <-   00000004
->       6      12      10       1                                 <-   
ISOTOPESLIST                                                                    
->       7       0       0      -1                                 <-   00000001
->       8      12       3       3                                 <-   
ALIAS                                                                           
         4         4         4
*MAC*RES    
->       8      12       2       2                                 <-   
NWT0                                                                            
  1.00000000E+00  1.00000000E+00
->       8      12       2       2                                 <-   
NTOT0                                                                           
  8.54872584E-01  4.67348993E-01
->       8      12       2       2                                 <-   
OVERV                                                                           
  0.00000000E+00  0.00000000E+00
->       8      12       2       2                                 <-   
STRD                                                                            
  8.54872584E-01  4.67348963E-01
->       8      12       2       2                                 <-   
SIGS00                                                                          
  8.35119188E-01  3.55769992E-01
->       8      12       1       2                                 <-   
NJJS00                                                                          
         1         2
->       8      12       1       2                                 <-   
IJJS00                                                                          
         1         2
->       8      12       2       3                                 <-   
SCAT00                                                                          
  8.27520013E-01  3.55769992E-01  7.59918988E-03
->       8      12       1       1                                 <-   
SCAT-SAVED                                                                      
         1
->      -8       0       0       0                                 <-   
->       6      12       3       3                                 <-   
SIGNATURE                                                                       
         4         4         4
L_LIBRARY   
->       6      12       1      40                                 <-   
STATE-VECTOR                                                                    
         1         1         2         1         0         0         0         0
         0         0         0         0         0         1         0         0
         0         0         0         0         0         0         0         0
         0         0         0         0         0         0         0         0
         0         0         0         0         0         0         0         0
->       6      12       1       1                                 <-   
ISOTOPESMIX                                                                     
         1
->       6      12       3       3                                 <-   
ISOTOPESUSED                                                                    
         4         4         4
*MAC*RES    
->       6      12       3       3                                 <-   
ISOTOPERNAME                                                                    
         4         4         4
    *MAC*RES
->       6      12       2       1                                 <-   
ISOTOPESDENS                                                                    
  1.00000000E+00
->       6      12       1       1                                 <-   
ISOTOPESTYPE                                                                    
         1
->       6      12       1       1                                 <-   
ISOTOPESTODO                                                                    
         1
->       6      12       2       1                                 <-   
ISOTOPESVOL                                                                     
  1.00000000E+00
->       6      12       2       1                                 <-   
ISOTOPESTEMP                                                                    
  0.00000000E+00
->       6      12       2       1                                 <-   
MIXTURESVOL                                                                     
  1.00000000E+00
->       6      12       2       1                                 <-   
K-EFFECTIVE                                                                     
  0.00000000E+00
->       6      12       2       3                                 <-   
ENERGY                                                                          
  2.00000000E+07  6.25000000E-01  1.00000005E-03
->       6      12       2       2                                 <-   
DELTAU                                                                          
  0.00000000E+00  1.72812462E+01
->      -6       0       0       0                                 <-   
->       5       0       0      -1                                 <-   00000005
->       6      12      10       1                                 <-   
ISOTOPESLIST                                                                    
->       7       0       0      -1                                 <-   00000001
->       8      12       3       3                                 <-   
ALIAS                                                                           
         4         4         4
*MAC*RES    
->       8      12       2       2                                 <-   
NWT0                                                                            
  1.00000000E+00  1.00000000E+00
->       8      12       2       2                                 <-   
NTOT0                                                                           
  8.54872584E-01  4.67348993E-01
->       8      12       2       2                                 <-   
OVERV                                                                           
  0.00000000E+00  0.00000000E+00
->       8      12       2       2                                 <-   
STRD                                                                            
  8.54872584E-01  4.67348963E-01
->       8      12       2       2                                 <-   
SIGS00                                                                          
  8.35119188E-01  3.55769992E-01
->       8      12       1       2                                 <-   
NJJS00                                                                          
         1         2
->       8      12       1       2                                 <-   
IJJS00                                                                          
         1         2
->       8      12       2       3                                 <-   
SCAT00                                                                          
  8.27520013E-01  3.55769992E-01  7.59918988E-03
->       8      12       1       1                                 <-   
SCAT-SAVED                                                                      
         1
->      -8       0       0       0                                 <-   
->       6      12       3       3                                 <-   
SIGNATURE                                                                       
         4         4         4
L_LIBRARY   
->       6      12       1      40                                 <-   
STATE-VECTOR                                                                    
         1         1         2         1         0         0         0         0
         0         0         0         0         0         1         0         0
         0         0         0         0         0         0         0         0
         0         0         0         0         0         0         0         0
         0         0         0         0         0         0         0         0
->       6      12       1       1                                 <-   
ISOTOPESMIX                                                                     
         1
->       6      12       3       3                                 <-   
ISOTOPESUSED                                                                    
         4         4         4
*MAC*RES    
->       6      12       3       3                                 <-   
ISOTOPERNAME                                                                    
         4         4         4
    *MAC*RES
->       6      12       2       1                                 <-   
ISOTOPESDENS                                                                    
  1.00000000E+00
->       6      12       1       1                                 <-   
ISOTOPESTYPE                                                                    
         1
->       6      12       1       1                                 <-   
ISOTOPESTODO                                                                    
         1
->       6      12       2       1                                 <-   
ISOTOPESVOL                                                                     
  1.00000000E+00
->       6      12       2       1                                 <-   
ISOTOPESTEMP                                                                    
  0.00000000E+00
->       6      12       2       1                                 <-   
MIXTURESVOL                                                                     
  1.00000000E+00
->       6      12       2       1                                 <-   
K-EFFECTIVE                                                                     
  0.00000000E+00
->       6      12       2       3                                 <-   
ENERGY                                                                          
  2.00000000E+07  6.25000000E-01  1.00000005E-03
->       6      12       2       2                                 <-   
DELTAU                                                                          
  0.00000000E+00  1.72812462E+01
->      -6       0       0       0                                 <-   
->       5       0      99       0                                 <-   00000006
->       5       0      99       0                                 <-   00000007
->       5       0      99       0                                 <-   00000008
->       5       0      99       0                                 <-   00000009
->       5       0      99       0                                 <-   00000010
->      -4       0       0       0                                 <-   
->       3       0       0      -1                                 <-   00000002
->       4      12       0      -1                                 <-   
TREE                                                                            
->       5      12       1       2                                 <-   
NVP                                                                             
         6        40
->       5      12       1       1                                 <-   
NCALS                                                                           
         5
->       5      12       1       7                                 <-   
DEBARB                                                                          
         2         7         1         2         3         4         5
->       5      12       1       6                                 <-   
ARBVAL                                                                          
         0         1         2         3         4         5
->       5      12       1      10                                 <-   
ORIGIN                                                                          
         0         1         2         3         4         0         0         0
         0         0
->      -5       0       0       0                                 <-   
->       4      12      10      10                                 <-   
CALCULATIONS                                                                    
->       5       0       0      -1                                 <-   00000001
->       6      12      10       1                                 <-   
ISOTOPESLIST                                                                    
->       7       0       0      -1                                 <-   00000001
->       8      12       3       3                                 <-   
ALIAS                                                                           
         4         4         4
*MAC*RES    
->       8      12       2       2                                 <-   
NWT0                                                                            
  1.00000000E+00  1.00000000E+00
->       8      12       2       2                                 <-   
NTOT0                                                                           
  1.44148052E+00  5.31083226E-01
->       8      12       2       2                                 <-   
OVERV                                                                           
  0.00000000E+00  0.00000000E+00
->       8      12       2       2                                 <-   
STRD                                                                            
  1.44148040E+00  5.31083226E-01
->       8      12       2       2                                 <-   
SIGS00                                                                          
  1.43406832E+00  5.11240005E-01
->       8      12       1       2                                 <-   
NJJS00                                                                          
         1         2
->       8      12       1       2                                 <-   
IJJS00                                                                          
         1         2
->       8      12       2       3                                 <-   
SCAT00                                                                          
  1.41534996E+00  5.11240005E-01  1.87183991E-02
->       8      12       1       1                                 <-   
SCAT-SAVED                                                                      
         1
->      -8       0       0       0                                 <-   
->       6      12       3       3                                 <-   
SIGNATURE                                                                       
         4         4         4
L_LIBRARY   
->       6      12       1      40                                 <-   
STATE-VECTOR                                                                    
         1         1         2         1         0         0         0         0
         0         0         0         0         0         1         0         0
         0         0         0         0         0         0         0         0
         0         0         0         0         0         0         0         0
         0         0         0         0         0         0         0         0
->       6      12       1       1                                 <-   
ISOTOPESMIX                                                                     
         1
->       6      12       3       3                                 <-   
ISOTOPESUSED                                                                    
         4         4         4
*MAC*RES    
->       6      12       3       3                                 <-   
ISOTOPERNAME                                                                    
         4         4         4
    *MAC*RES
->       6      12       2       1                                 <-   
ISOTOPESDENS                                                                    
  1.00000000E+00
->       6      12       1       1                                 <-   
ISOTOPESTYPE                                                                    
         1
->       6      12       1       1                                 <-   
ISOTOPESTODO                                                                    
         1
->       6      12       2       1                                 <-   
ISOTOPESVOL                                                                     
  1.00000000E+00
->       6      12       2       1                                 <-   
ISOTOPESTEMP                                                                    
  0.00000000E+00
->       6      12       2       1                                 <-   
MIXTURESVOL                                                                     
  1.00000000E+00
->       6      12       2       1                                 <-   
K-EFFECTIVE                                                                     
  0.00000000E+00
->       6      12       2       3                                 <-   
ENERGY                                                                          
  2.00000000E+07  6.25000000E-01  1.00000005E-03
->       6      12       2       2                                 <-   
DELTAU                                                                          
  0.00000000E+00  1.72812462E+01
->      -6       0       0       0                                 <-   
->       5       0       0      -1                                 <-   00000002
->       6      12      10       1                                 <-   
ISOTOPESLIST                                                                    
->       7       0       0      -1                                 <-   00000001
->       8      12       3       3                                 <-   
ALIAS                                                                           
         4         4         4
*MAC*RES    
->       8      12       2       2                                 <-   
NWT0                                                                            
  1.00000000E+00  1.00000000E+00
->       8      12       2       2                                 <-   
NTOT0                                                                           
  1.44148052E+00  5.31083226E-01
->       8      12       2       2                                 <-   
OVERV                                                                           
  0.00000000E+00  0.00000000E+00
->       8      12       2       2                                 <-   
STRD                                                                            
  1.44148040E+00  5.31083226E-01
->       8      12       2       2                                 <-   
SIGS00                                                                          
  1.43406832E+00  5.11240005E-01
->       8      12       1       2                                 <-   
NJJS00                                                                          
         1         2
->       8      12       1       2                                 <-   
IJJS00                                                                          
         1         2
->       8      12       2       3                                 <-   
SCAT00                                                                          
  1.41534996E+00  5.11240005E-01  1.87183991E-02
->       8      12       1       1                                 <-   
SCAT-SAVED                                                                      
         1
->      -8       0       0       0                                 <-   
->       6      12       3       3                                 <-   
SIGNATURE                                                                       
         4         4         4
L_LIBRARY   
->       6      12       1      40                                 <-   
STATE-VECTOR                                                                    
         1         1         2         1         0         0         0         0
         0         0         0         0         0         1         0         0
         0         0         0         0         0         0         0         0
         0         0         0         0         0         0         0         0
         0         0         0         0         0         0         0         0
->       6      12       1       1                                 <-   
ISOTOPESMIX                                                                     
         1
->       6      12       3       3                                 <-   
ISOTOPESUSED                                                                    
         4         4         4
*MAC*RES    
->       6      12       3       3                                 <-   
ISOTOPERNAME                                                                    
         4         4         4
    *MAC*RES
->       6      12       2       1                                 <-   
ISOTOPESDENS                                                                    
  1.00000000E+00
->       6      12       1       1                                 <-   
ISOTOPESTYPE                                                                    
         1
->       6      12       1       1                                 <-   
ISOTOPESTODO                                                                    
         1
->       6      12       2       1                                 <-   
ISOTOPESVOL                                                                     
  1.00000000E+00
->       6      12       2       1                                 <-   
ISOTOPESTEMP                                                                    
  0.00000000E+00
->       6      12       2       1                                 <-   
MIXTURESVOL                                                                     
  1.00000000E+00
->       6      12       2       1                                 <-   
K-EFFECTIVE                                                                     
  0.00000000E+00
->       6      12       2       3                                 <-   
ENERGY                                                                          
  2.00000000E+07  6.25000000E-01  1.00000005E-03
->       6      12       2       2                                 <-   
DELTAU                                                                          
  0.00000000E+00  1.72812462E+01
->      -6       0       0       0                                 <-   
->       5       0       0      -1                                 <-   00000003
->       6      12      10       1                                 <-   
ISOTOPESLIST                                                                    
->       7       0       0      -1                                 <-   00000001
->       8      12       3       3                                 <-   
ALIAS                                                                           
         4         4         4
*MAC*RES    
->       8      12       2       2                                 <-   
NWT0                                                                            
  1.00000000E+00  1.00000000E+00
->       8      12       2       2                                 <-   
NTOT0                                                                           
  1.44148052E+00  5.31083226E-01
->       8      12       2       2                                 <-   
OVERV                                                                           
  0.00000000E+00  0.00000000E+00
->       8      12       2       2                                 <-   
STRD                                                                            
  1.44148040E+00  5.31083226E-01
->       8      12       2       2                                 <-   
SIGS00                                                                          
  1.43406832E+00  5.11240005E-01
->       8      12       1       2                                 <-   
NJJS00                                                                          
         1         2
->       8      12       1       2                                 <-   
IJJS00                                                                          
         1         2
->       8      12       2       3                                 <-   
SCAT00                                                                          
  1.41534996E+00  5.11240005E-01  1.87183991E-02
->       8      12       1       1                                 <-   
SCAT-SAVED                                                                      
         1
->      -8       0       0       0                                 <-   
->       6      12       3       3                                 <-   
SIGNATURE                                                                       
         4         4         4
L_LIBRARY   
->       6      12       1      40                                 <-   
STATE-VECTOR                                                                    
         1         1         2         1         0         0         0         0
         0         0         0         0         0         1         0         0
         0         0         0         0         0         0         0         0
         0         0         0         0         0         0         0         0
         0         0         0         0         0         0         0         0
->       6      12       1       1                                 <-   
ISOTOPESMIX                                                                     
         1
->       6      12       3       3                                 <-   
ISOTOPESUSED                                                                    
         4         4         4
*MAC*RES    
->       6      12       3       3                                 <-   
ISOTOPERNAME                                                                    
         4         4         4
    *MAC*RES
->       6      12       2       1                                 <-   
ISOTOPESDENS                                                                    
  1.00000000E+00
->       6      12       1       1                                 <-   
ISOTOPESTYPE                                                                    
         1
->       6      12       1       1                                 <-   
ISOTOPESTODO                                                                    
         1
->       6      12       2       1                                 <-   
ISOTOPESVOL                                                                     
  1.00000000E+00
->       6      12       2       1                                 <-   
ISOTOPESTEMP                                                                    
  0.00000000E+00
->       6      12       2       1                                 <-   
MIXTURESVOL                                                                     
  1.00000000E+00
->       6      12       2       1                                 <-   
K-EFFECTIVE                                                                     
  0.00000000E+00
->       6      12       2       3                                 <-   
ENERGY                                                                          
  2.00000000E+07  6.25000000E-01  1.00000005E-03
->       6      12       2       2                                 <-   
DELTAU                                                                          
  0.00000000E+00  1.72812462E+01
->      -6       0       0       0                                 <-   
->       5       0       0      -1                                 <-   00000004
->       6      12      10       1                                 <-   
ISOTOPESLIST                                                                    
->       7       0       0      -1                                 <-   00000001
->       8      12       3       3                                 <-   
ALIAS                                                                           
         4         4         4
*MAC*RES    
->       8      12       2       2                                 <-   
NWT0                                                                            
  1.00000000E+00  1.00000000E+00
->       8      12       2       2                                 <-   
NTOT0                                                                           
  1.44148052E+00  5.31083226E-01
->       8      12       2       2                                 <-   
OVERV                                                                           
  0.00000000E+00  0.00000000E+00
->       8      12       2       2                                 <-   
STRD                                                                            
  1.44148040E+00  5.31083226E-01
->       8      12       2       2                                 <-   
SIGS00                                                                          
  1.43406832E+00  5.11240005E-01
->       8      12       1       2                                 <-   
NJJS00                                                                          
         1         2
->       8      12       1       2                                 <-   
IJJS00                                                                          
         1         2
->       8      12       2       3                                 <-   
SCAT00                                                                          
  1.41534996E+00  5.11240005E-01  1.87183991E-02
->       8      12       1       1                                 <-   
SCAT-SAVED                                                                      
         1
->      -8       0       0       0                                 <-   
->       6      12       3       3                                 <-   
SIGNATURE                                                                       
         4         4         4
L_LIBRARY   
->       6      12       1      40                                 <-   
STATE-VECTOR                                                                    
         1         1         2         1         0         0         0         0
         0         0         0         0         0         1         0         0
         0         0         0         0         0         0         0         0
         0         0         0         0         0         0         0         0
         0         0         0         0         0         0         0         0
->       6      12       1       1                                 <-   
ISOTOPESMIX                                                                     
         1
->       6      12       3       3                                 <-   
ISOTOPESUSED                                                                    
         4         4         4
*MAC*RES    
->       6      12       3       3                                 <-   
ISOTOPERNAME                                                                    
         4         4         4
    *MAC*RES
->       6      12       2       1                                 <-   
ISOTOPESDENS                                                                    
  1.00000000E+00
->       6      12       1       1                                 <-   
ISOTOPESTYPE                                                                    
         1
->       6      12       1       1                                 <-   
ISOTOPESTODO                                                                    
         1
->       6      12       2       1                                 <-   
ISOTOPESVOL                                                                     
  1.00000000E+00
->       6      12       2       1                                 <-   
ISOTOPESTEMP                                                                    
  0.00000000E+00
->       6      12       2       1                                 <-   
MIXTURESVOL                                                                     
  1.00000000E+00
->       6      12       2       1                                 <-   
K-EFFECTIVE                                                                     
  0.00000000E+00
->       6      12       2       3                                 <-   
ENERGY                                                                          
  2.00000000E+07  6.25000000E-01  1.00000005E-03
->       6      12       2       2                                 <-   
DELTAU                                                                          
  0.00000000E+00  1.72812462E+01
->      -6       0       0       0                                 <-   
->       5       0       0      -1                                 <-   00000005
->       6      12      10       1                                 <-   
ISOTOPESLIST                                                                    
->       7       0       0      -1                                 <-   00000001
->       8      12       3       3                                 <-   
ALIAS                                                                           
         4         4         4
*MAC*RES    
->       8      12       2       2                                 <-   
NWT0                                                                            
  1.00000000E+00  1.00000000E+00
->       8      12       2       2                                 <-   
NTOT0                                                                           
  1.44148052E+00  5.31083226E-01
->       8      12       2       2                                 <-   
OVERV                                                                           
  0.00000000E+00  0.00000000E+00
->       8      12       2       2                                 <-   
STRD                                                                            
  1.44148040E+00  5.31083226E-01
->       8      12       2       2                                 <-   
SIGS00                                                                          
  1.43406832E+00  5.11240005E-01
->       8      12       1       2                                 <-   
NJJS00                                                                          
         1         2
->       8      12       1       2                                 <-   
IJJS00                                                                          
         1         2
->       8      12       2       3                                 <-   
SCAT00                                                                          
  1.41534996E+00  5.11240005E-01  1.87183991E-02
->       8      12       1       1                                 <-   
SCAT-SAVED                                                                      
         1
->      -8       0       0       0                                 <-   
->       6      12       3       3                                 <-   
SIGNATURE                                                                       
         4         4         4
L_LIBRARY   
->       6      12       1      40                                 <-   
STATE-VECTOR                                                                    
         1         1         2         1         0         0         0         0
         0         0         0         0         0         1         0         0
         0         0         0         0         0         0         0         0
         0         0         0         0         0         0         0         0
         0         0         0         0         0         0         0         0
->       6      12       1       1                                 <-   
ISOTOPESMIX                                                                     
         1
->       6      12       3       3                                 <-   
ISOTOPESUSED                                                                    
         4         4         4
*MAC*RES    
->       6      12       3       3                                 <-   
ISOTOPERNAME                                                                    
         4         4         4
    *MAC*RES
->       6      12       2       1                                 <-   
ISOTOPESDENS                                                                    
  1.00000000E+00
->       6      12       1       1                                 <-   
ISOTOPESTYPE                                                                    
         1
->       6      12       1       1                                 <-   
ISOTOPESTODO                                                                    
         1
->       6      12       2       1                                 <-   
ISOTOPESVOL                                                                     
  1.00000000E+00
->       6      12       2       1                                 <-   
ISOTOPESTEMP                                                                    
  0.00000000E+00
->       6      12       2       1                                 <-   
MIXTURESVOL                                                                     
  1.00000000E+00
->       6      12       2       1                                 <-   
K-EFFECTIVE                                                                     
  0.00000000E+00
->       6      12       2       3                                 <-   
ENERGY                                                                          
  2.00000000E+07  6.25000000E-01  1.00000005E-03
->       6      12       2       2                                 <-   
DELTAU                                                                          
  0.00000000E+00  1.72812462E+01
->      -6       0       0       0                                 <-   
->       5       0      99       0                                 <-   00000006
->       5       0      99       0                                 <-   00000007
->       5       0      99       0                                 <-   00000008
->       5       0      99       0                                 <-   00000009
->       5       0      99       0                                 <-   00000010
->      -4       0       0       0                                 <-   
->       3       0       0      -1                                 <-   00000003
->       4      12       0      -1                                 <-   
TREE                                                                            
->       5      12       1       2                                 <-   
NVP                                                                             
         6        40
->       5      12       1       1                                 <-   
NCALS                                                                           
         5
->       5      12       1       7                                 <-   
DEBARB                                                                          
         2         7         1         2         3         4         5
->       5      12       1       6                                 <-   
ARBVAL                                                                          
         0         1         2         3         4         5
->       5      12       1      10                                 <-   
ORIGIN                                                                          
         0         1         2         3         4         0         0         0
         0         0
->      -5       0       0       0                                 <-   
->       4      12      10      10                                 <-   
CALCULATIONS                                                                    
->       5       0       0      -1                                 <-   00000001
->       6      12      10       1                                 <-   
ISOTOPESLIST                                                                    
->       7       0       0      -1                                 <-   00000001
->       8      12       3       3                                 <-   
ALIAS                                                                           
         4         4         4
*MAC*RES    
->       8      12       2       2                                 <-   
NWT0                                                                            
  1.00000000E+00  1.00000000E+00
->       8      12       2       2                                 <-   
NTOT0                                                                           
  1.61054575E+00  5.31343043E-01
->       8      12       2       2                                 <-   
OVERV                                                                           
  0.00000000E+00  0.00000000E+00
->       8      12       2       2                                 <-   
STRD                                                                            
  1.61054587E+00  5.31343043E-01
->       8      12       2       2                                 <-   
SIGS00                                                                          
  1.60289395E+00  5.03067970E-01
->       8      12       1       2                                 <-   
NJJS00                                                                          
         1         2
->       8      12       1       2                                 <-   
IJJS00                                                                          
         1         2
->       8      12       2       3                                 <-   
SCAT00                                                                          
  1.58287001E+00  5.03067970E-01  2.00238992E-02
->       8      12       1       1                                 <-   
SCAT-SAVED                                                                      
         1
->      -8       0       0       0                                 <-   
->       6      12       3       3                                 <-   
SIGNATURE                                                                       
         4         4         4
L_LIBRARY   
->       6      12       1      40                                 <-   
STATE-VECTOR                                                                    
         1         1         2         1         0         0         0         0
         0         0         0         0         0         1         0         0
         0         0         0         0         0         0         0         0
         0         0         0         0         0         0         0         0
         0         0         0         0         0         0         0         0
->       6      12       1       1                                 <-   
ISOTOPESMIX                                                                     
         1
->       6      12       3       3                                 <-   
ISOTOPESUSED                                                                    
         4         4         4
*MAC*RES    
->       6      12       3       3                                 <-   
ISOTOPERNAME                                                                    
         4         4         4
    *MAC*RES
->       6      12       2       1                                 <-   
ISOTOPESDENS                                                                    
  1.00000000E+00
->       6      12       1       1                                 <-   
ISOTOPESTYPE                                                                    
         1
->       6      12       1       1                                 <-   
ISOTOPESTODO                                                                    
         1
->       6      12       2       1                                 <-   
ISOTOPESVOL                                                                     
  1.00000000E+00
->       6      12       2       1                                 <-   
ISOTOPESTEMP                                                                    
  0.00000000E+00
->       6      12       2       1                                 <-   
MIXTURESVOL                                                                     
  1.00000000E+00
->       6      12       2       1                                 <-   
K-EFFECTIVE                                                                     
  0.00000000E+00
->       6      12       2       3                                 <-   
ENERGY                                                                          
  2.00000000E+07  6.25000000E-01  1.00000005E-03
->       6      12       2       2                                 <-   
DELTAU                                                                          
  0.00000000E+00  1.72812462E+01
->      -6       0       0       0                                 <-   
->       5       0       0      -1                                 <-   00000002
->       6      12      10       1                                 <-   
ISOTOPESLIST                                                                    
->       7       0       0      -1                                 <-   00000001
->       8      12       3       3                                 <-   
ALIAS                                                                           
         4         4         4
*MAC*RES    
->       8      12       2       2                                 <-   
NWT0                                                                            
  1.00000000E+00  1.00000000E+00
->       8      12       2       2                                 <-   
NTOT0                                                                           
  1.61054575E+00  5.31343043E-01
->       8      12       2       2                                 <-   
OVERV                                                                           
  0.00000000E+00  0.00000000E+00
->       8      12       2       2                                 <-   
STRD                                                                            
  1.61054587E+00  5.31343043E-01
->       8      12       2       2                                 <-   
SIGS00                                                                          
  1.60289395E+00  5.03067970E-01
->       8      12       1       2                                 <-   
NJJS00                                                                          
         1         2
->       8      12       1       2                                 <-   
IJJS00                                                                          
         1         2
->       8      12       2       3                                 <-   
SCAT00                                                                          
  1.58287001E+00  5.03067970E-01  2.00238992E-02
->       8      12       1       1                                 <-   
SCAT-SAVED                                                                      
         1
->      -8       0       0       0                                 <-   
->       6      12       3       3                                 <-   
SIGNATURE                                                                       
         4         4         4
L_LIBRARY   
->       6      12       1      40                                 <-   
STATE-VECTOR                                                                    
         1         1         2         1         0         0         0         0
         0         0         0         0         0         1         0         0
         0         0         0         0         0         0         0         0
         0         0         0         0         0         0         0         0
         0         0         0         0         0         0         0         0
->       6      12       1       1                                 <-   
ISOTOPESMIX                                                                     
         1
->       6      12       3       3                                 <-   
ISOTOPESUSED                                                                    
         4         4         4
*MAC*RES    
->       6      12       3       3                                 <-   
ISOTOPERNAME                                                                    
         4         4         4
    *MAC*RES
->       6      12       2       1                                 <-   
ISOTOPESDENS                                                                    
  1.00000000E+00
->       6      12       1       1                                 <-   
ISOTOPESTYPE                                                                    
         1
->       6      12       1       1                                 <-   
ISOTOPESTODO                                                                    
         1
->       6      12       2       1                                 <-   
ISOTOPESVOL                                                                     
  1.00000000E+00
->       6      12       2       1                                 <-   
ISOTOPESTEMP                                                                    
  0.00000000E+00
->       6      12       2       1                                 <-   
MIXTURESVOL                                                                     
  1.00000000E+00
->       6      12       2       1                                 <-   
K-EFFECTIVE                                                                     
  0.00000000E+00
->       6      12       2       3                                 <-   
ENERGY                                                                          
  2.00000000E+07  6.25000000E-01  1.00000005E-03
->       6      12       2       2                                 <-   
DELTAU                                                                          
  0.00000000E+00  1.72812462E+01
->      -6       0       0       0                                 <-   
->       5       0       0      -1                                 <-   00000003
->       6      12      10       1                                 <-   
ISOTOPESLIST                                                                    
->       7       0       0      -1                                 <-   00000001
->       8      12       3       3                                 <-   
ALIAS                                                                           
         4         4         4
*MAC*RES    
->       8      12       2       2                                 <-   
NWT0                                                                            
  1.00000000E+00  1.00000000E+00
->       8      12       2       2                                 <-   
NTOT0                                                                           
  1.61054575E+00  5.31343043E-01
->       8      12       2       2                                 <-   
OVERV                                                                           
  0.00000000E+00  0.00000000E+00
->       8      12       2       2                                 <-   
STRD                                                                            
  1.61054587E+00  5.31343043E-01
->       8      12       2       2                                 <-   
SIGS00                                                                          
  1.60289395E+00  5.03067970E-01
->       8      12       1       2                                 <-   
NJJS00                                                                          
         1         2
->       8      12       1       2                                 <-   
IJJS00                                                                          
         1         2
->       8      12       2       3                                 <-   
SCAT00                                                                          
  1.58287001E+00  5.03067970E-01  2.00238992E-02
->       8      12       1       1                                 <-   
SCAT-SAVED                                                                      
         1
->      -8       0       0       0                                 <-   
->       6      12       3       3                                 <-   
SIGNATURE                                                                       
         4         4         4
L_LIBRARY   
->       6      12       1      40                                 <-   
STATE-VECTOR                                                                    
         1         1         2         1         0         0         0         0
         0         0         0         0         0         1         0         0
         0         0         0         0         0         0         0         0
         0         0         0         0         0         0         0         0
         0         0         0         0         0         0         0         0
->       6      12       1       1                                 <-   
ISOTOPESMIX                                                                     
         1
->       6      12       3       3                                 <-   
ISOTOPESUSED                                                                    
         4         4         4
*MAC*RES    
->       6      12       3       3                                 <-   
ISOTOPERNAME                                                                    
         4         4         4
    *MAC*RES
->       6      12       2       1                                 <-   
ISOTOPESDENS                                                                    
  1.00000000E+00
->       6      12       1       1                                 <-   
ISOTOPESTYPE                                                                    
         1
->       6      12       1       1                                 <-   
ISOTOPESTODO                                                                    
         1
->       6      12       2       1                                 <-   
ISOTOPESVOL                                                                     
  1.00000000E+00
->       6      12       2       1                                 <-   
ISOTOPESTEMP                                                                    
  0.00000000E+00
->       6      12       2       1                                 <-   
MIXTURESVOL                                                                     
  1.00000000E+00
->       6      12       2       1                                 <-   
K-EFFECTIVE                                                                     
  0.00000000E+00
->       6      12       2       3                                 <-   
ENERGY                                                                          
  2.00000000E+07  6.25000000E-01  1.00000005E-03
->       6      12       2       2                                 <-   
DELTAU                                                                          
  0.00000000E+00  1.72812462E+01
->      -6       0       0       0                                 <-   
->       5       0       0      -1                                 <-   00000004
->       6      12      10       1                                 <-   
ISOTOPESLIST                                                                    
->       7       0       0      -1                                 <-   00000001
->       8      12       3       3                                 <-   
ALIAS                                                                           
         4         4         4
*MAC*RES    
->       8      12       2       2                                 <-   
NWT0                                                                            
  1.00000000E+00  1.00000000E+00
->       8      12       2       2                                 <-   
NTOT0                                                                           
  1.61054575E+00  5.31343043E-01
->       8      12       2       2                                 <-   
OVERV                                                                           
  0.00000000E+00  0.00000000E+00
->       8      12       2       2                                 <-   
STRD                                                                            
  1.61054587E+00  5.31343043E-01
->       8      12       2       2                                 <-   
SIGS00                                                                          
  1.60289395E+00  5.03067970E-01
->       8      12       1       2                                 <-   
NJJS00                                                                          
         1         2
->       8      12       1       2                                 <-   
IJJS00                                                                          
         1         2
->       8      12       2       3                                 <-   
SCAT00                                                                          
  1.58287001E+00  5.03067970E-01  2.00238992E-02
->       8      12       1       1                                 <-   
SCAT-SAVED                                                                      
         1
->      -8       0       0       0                                 <-   
->       6      12       3       3                                 <-   
SIGNATURE                                                                       
         4         4         4
L_LIBRARY   
->       6      12       1      40                                 <-   
STATE-VECTOR                                                                    
         1         1         2         1         0         0         0         0
         0         0         0         0         0         1         0         0
         0         0         0         0         0         0         0         0
         0         0         0         0         0         0         0         0
         0         0         0         0         0         0         0         0
->       6      12       1       1                                 <-   
ISOTOPESMIX                                                                     
         1
->       6      12       3       3                                 <-   
ISOTOPESUSED                                                                    
         4         4         4
*MAC*RES    
->       6      12       3       3                                 <-   
ISOTOPERNAME                                                                    
         4         4         4
    *MAC*RES
->       6      12       2       1                                 <-   
ISOTOPESDENS                                                                    
  1.00000000E+00
->       6      12       1       1                                 <-   
ISOTOPESTYPE                                                                    
         1
->       6      12       1       1                                 <-   
ISOTOPESTODO                                                                    
         1
->       6      12       2       1                                 <-   
ISOTOPESVOL                                                                     
  1.00000000E+00
->       6      12       2       1                                 <-   
ISOTOPESTEMP                                                                    
  0.00000000E+00
->       6      12       2       1                                 <-   
MIXTURESVOL                                                                     
  1.00000000E+00
->       6      12       2       1                                 <-   
K-EFFECTIVE                                                                     
  0.00000000E+00
->       6      12       2       3                                 <-   
ENERGY                                                                          
  2.00000000E+07  6.25000000E-01  1.00000005E-03
->       6      12       2       2                                 <-   
DELTAU                                                                          
  0.00000000E+00  1.72812462E+01
->      -6       0       0       0                                 <-   
->       5       0       0      -1                                 <-   00000005
->       6      12      10       1                                 <-   
ISOTOPESLIST                                                                    
->       7       0       0      -1                                 <-   00000001
->       8      12       3       3                                 <-   
ALIAS                                                                           
         4         4         4
*MAC*RES    
->       8      12       2       2                                 <-   
NWT0                                                                            
  1.00000000E+00  1.00000000E+00
->       8      12       2       2                                 <-   
NTOT0                                                                           
  1.61054575E+00  5.31343043E-01
->       8      12       2       2                                 <-   
OVERV                                                                           
  0.00000000E+00  0.00000000E+00
->       8      12       2       2                                 <-   
STRD                                                                            
  1.61054587E+00  5.31343043E-01
->       8      12       2       2                                 <-   
SIGS00                                                                          
  1.60289395E+00  5.03067970E-01
->       8      12       1       2                                 <-   
NJJS00                                                                          
         1         2
->       8      12       1       2                                 <-   
IJJS00                                                                          
         1         2
->       8      12       2       3                                 <-   
SCAT00                                                                          
  1.58287001E+00  5.03067970E-01  2.00238992E-02
->       8      12       1       1                                 <-   
SCAT-SAVED                                                                      
         1
->      -8       0       0       0                                 <-   
->       6      12       3       3                                 <-   
SIGNATURE                                                                       
         4         4         4
L_LIBRARY   
->       6      12       1      40                                 <-   
STATE-VECTOR                                                                    
         1         1         2         1         0         0         0         0
         0         0         0         0         0         1         0         0
         0         0         0         0         0         0         0         0
         0         0         0         0         0         0         0         0
         0         0         0         0         0         0         0         0
->       6      12       1       1                                 <-   
ISOTOPESMIX                                                                     
         1
->       6      12       3       3                                 <-   
ISOTOPESUSED                                                                    
         4         4         4
*MAC*RES    
->       6      12       3       3                                 <-   
ISOTOPERNAME                                                                    
         4         4         4
    *MAC*RES
->       6      12       2       1                                 <-   
ISOTOPESDENS                                                                    
  1.00000000E+00
->       6      12       1       1                                 <-   
ISOTOPESTYPE                                                                    
         1
->       6      12       1       1                                 <-   
ISOTOPESTODO                                                                    
         1
->       6      12       2       1                                 <-   
ISOTOPESVOL                                                                     
  1.00000000E+00
->       6      12       2       1                                 <-   
ISOTOPESTEMP                                                                    
  0.00000000E+00
->       6      12       2       1                                 <-   
MIXTURESVOL                                                                     
  1.00000000E+00
->       6      12       2       1                                 <-   
K-EFFECTIVE                                                                     
  0.00000000E+00
->       6      12       2       3                                 <-   
ENERGY                                                                          
  2.00000000E+07  6.25000000E-01  1.00000005E-03
->       6      12       2       2                                 <-   
DELTAU                                                                          
  0.00000000E+00  1.72812462E+01
->      -6       0       0       0                                 <-   
->       5       0      99       0                                 <-   00000006
->       5       0      99       0                                 <-   00000007
->       5       0      99       0                                 <-   00000008
->       5       0      99       0                                 <-   00000009
->       5       0      99       0                                 <-   00000010
->      -4       0       0       0                                 <-   
->       2      12       3      20                                 <-   
COMMENT                                                                         
         4         4         4         4         4         4         4         4
         4         4         4         4         4         4         4         4
         4         4         4         4
HEMERA light reflector XS for various boron concentrations.                     
->      -2       0       0       0                                 <-   
->       1      12       3       3                                 <-   
SIGNATURE                                                                       
         4         4         4
L_MULTICOMPO
->      -1       0       0       0                                 <-   
