->       1      12       3       3                                 <-   
SIGNATURE                                                                       
         4         4         4
L_MULTICOMPO
->       1      12       0      -1                                 <-   
default                                                                         
->       2      12       1      40                                 <-   
STATE-VECTOR                                                                    
         3         2         5        10         1         0         0         0
         0         1         0      2006         0         0         0         0
         0         0         0         0         0         0         0         0
         0         0         0         0         0         0         0         0
         0         0         0         0         0         0         0         0
->       2      12      10       3                                 <-   
MIXTURES                                                                        
->       3       0       0      -1                                 <-   00000001
->       4      12      10      10                                 <-   
CALCULATIONS                                                                    
->       5       0       0      -1                                 <-   00000001
->       6      12      10       1                                 <-   
ISOTOPESLIST                                                                    
->       7       0       0      -1                                 <-   00000001
->       8      12       3       3                                 <-   
ALIAS                                                                           
         4         4         4
*MAC*RES    
->       8      12       2       2                                 <-   
NTOT0                                                                           
  2.02478152E-02  1.02562100E-01
->       8      12       2       2                                 <-   
OVERV                                                                           
  0.00000000E+00  0.00000000E+00
->       8      12       2       2                                 <-   
STRD                                                                            
  2.56410271E-01  8.33333313E-01
->       8      12       2       2                                 <-   
SIGS00                                                                          
  1.53936800E-02  0.00000000E+00
->       8      12       1       2                                 <-   
NJJS00                                                                          
         1         2
->       8      12       1       2                                 <-   
IJJS00                                                                          
         1         2
->       8      12       2       3                                 <-   
SCAT00                                                                          
  0.00000000E+00  0.00000000E+00  1.53936800E-02
->       8      12       1       1                                 <-   
SCAT-SAVED                                                                      
         1
->       8      12       2       2                                 <-   
NWT0                                                                            
  1.00000000E+00  1.00000000E+00
->      -8       0       0       0                                 <-   
->       6      12       1      40                                 <-   
STATE-VECTOR                                                                    
         1         1         2         1         0         0         0         0
         0         0         0         0         0         1         0         0
         0         0         0         0         0         0         0         0
         0         0         0         0         0         0         0         0
         0         0         0         0         0         0         0         0
->       6      12       1       1                                 <-   
ISOTOPESMIX                                                                     
         1
->       6      12       3       3                                 <-   
ISOTOPESUSED                                                                    
         4         4         4
*MAC*RES    
->       6      12       3       3                                 <-   
ISOTOPERNAME                                                                    
         4         4         4
    *MAC*RES
->       6      12       2       1                                 <-   
ISOTOPESDENS                                                                    
  1.00000000E+00
->       6      12       1       1                                 <-   
ISOTOPESTYPE                                                                    
         1
->       6      12       1       1                                 <-   
ISOTOPESTODO                                                                    
         1
->       6      12       2       1                                 <-   
ISOTOPESVOL                                                                     
  1.00000000E+00
->       6      12       2       1                                 <-   
ISOTOPESTEMP                                                                    
  0.00000000E+00
->       6      12       2       1                                 <-   
MIXTURESVOL                                                                     
  1.00000000E+00
->       6      12       2       1                                 <-   
K-EFFECTIVE                                                                     
  0.00000000E+00
->       6      12       2       3                                 <-   
ENERGY                                                                          
  2.00000000E+07  6.25000000E-01  1.00000005E-03
->       6      12       2       2                                 <-   
DELTAU                                                                          
  0.00000000E+00  1.72812462E+01
->       6      12       3       3                                 <-   
SIGNATURE                                                                       
         4         4         4
L_LIBRARY   
->      -6       0       0       0                                 <-   
->       5       0       0      -1                                 <-   00000002
->       6      12      10       1                                 <-   
ISOTOPESLIST                                                                    
->       7       0       0      -1                                 <-   00000001
->       8      12       3       3                                 <-   
ALIAS                                                                           
         4         4         4
*MAC*RES    
->       8      12       2       2                                 <-   
NTOT0                                                                           
  2.02743094E-02  9.99745056E-02
->       8      12       2       2                                 <-   
OVERV                                                                           
  0.00000000E+00  0.00000000E+00
->       8      12       2       2                                 <-   
STRD                                                                            
  2.56410271E-01  8.33333313E-01
->       8      12       2       2                                 <-   
SIGS00                                                                          
  1.32830432E-02  0.00000000E+00
->       8      12       1       2                                 <-   
NJJS00                                                                          
         1         2
->       8      12       1       2                                 <-   
IJJS00                                                                          
         1         2
->       8      12       2       3                                 <-   
SCAT00                                                                          
  0.00000000E+00  0.00000000E+00  1.32830432E-02
->       8      12       1       1                                 <-   
SCAT-SAVED                                                                      
         1
->       8      12       2       2                                 <-   
NWT0                                                                            
  1.00000000E+00  1.00000000E+00
->      -8       0       0       0                                 <-   
->       6      12       1      40                                 <-   
STATE-VECTOR                                                                    
         1         1         2         1         0         0         0         0
         0         0         0         0         0         1         0         0
         0         0         0         0         0         0         0         0
         0         0         0         0         0         0         0         0
         0         0         0         0         0         0         0         0
->       6      12       1       1                                 <-   
ISOTOPESMIX                                                                     
         1
->       6      12       3       3                                 <-   
ISOTOPESUSED                                                                    
         4         4         4
*MAC*RES    
->       6      12       3       3                                 <-   
ISOTOPERNAME                                                                    
         4         4         4
    *MAC*RES
->       6      12       2       1                                 <-   
ISOTOPESDENS                                                                    
  1.00000000E+00
->       6      12       1       1                                 <-   
ISOTOPESTYPE                                                                    
         1
->       6      12       1       1                                 <-   
ISOTOPESTODO                                                                    
         1
->       6      12       2       1                                 <-   
ISOTOPESVOL                                                                     
  1.00000000E+00
->       6      12       2       1                                 <-   
ISOTOPESTEMP                                                                    
  0.00000000E+00
->       6      12       2       1                                 <-   
MIXTURESVOL                                                                     
  1.00000000E+00
->       6      12       2       1                                 <-   
K-EFFECTIVE                                                                     
  0.00000000E+00
->       6      12       2       3                                 <-   
ENERGY                                                                          
  2.00000000E+07  6.25000000E-01  1.00000005E-03
->       6      12       2       2                                 <-   
DELTAU                                                                          
  0.00000000E+00  1.72812462E+01
->       6      12       3       3                                 <-   
SIGNATURE                                                                       
         4         4         4
L_LIBRARY   
->      -6       0       0       0                                 <-   
->       5       0       0      -1                                 <-   00000003
->       6      12      10       1                                 <-   
ISOTOPESLIST                                                                    
->       7       0       0      -1                                 <-   00000001
->       8      12       3       3                                 <-   
ALIAS                                                                           
         4         4         4
*MAC*RES    
->       8      12       2       2                                 <-   
NTOT0                                                                           
  2.02978458E-02  9.96882245E-02
->       8      12       2       2                                 <-   
OVERV                                                                           
  0.00000000E+00  0.00000000E+00
->       8      12       2       2                                 <-   
STRD                                                                            
  2.56410271E-01  8.33333313E-01
->       8      12       2       2                                 <-   
SIGS00                                                                          
  1.15887700E-02  0.00000000E+00
->       8      12       1       2                                 <-   
NJJS00                                                                          
         1         2
->       8      12       1       2                                 <-   
IJJS00                                                                          
         1         2
->       8      12       2       3                                 <-   
SCAT00                                                                          
  0.00000000E+00  0.00000000E+00  1.15887700E-02
->       8      12       1       1                                 <-   
SCAT-SAVED                                                                      
         1
->       8      12       2       2                                 <-   
NWT0                                                                            
  1.00000000E+00  1.00000000E+00
->      -8       0       0       0                                 <-   
->       6      12       1      40                                 <-   
STATE-VECTOR                                                                    
         1         1         2         1         0         0         0         0
         0         0         0         0         0         1         0         0
         0         0         0         0         0         0         0         0
         0         0         0         0         0         0         0         0
         0         0         0         0         0         0         0         0
->       6      12       1       1                                 <-   
ISOTOPESMIX                                                                     
         1
->       6      12       3       3                                 <-   
ISOTOPESUSED                                                                    
         4         4         4
*MAC*RES    
->       6      12       3       3                                 <-   
ISOTOPERNAME                                                                    
         4         4         4
    *MAC*RES
->       6      12       2       1                                 <-   
ISOTOPESDENS                                                                    
  1.00000000E+00
->       6      12       1       1                                 <-   
ISOTOPESTYPE                                                                    
         1
->       6      12       1       1                                 <-   
ISOTOPESTODO                                                                    
         1
->       6      12       2       1                                 <-   
ISOTOPESVOL                                                                     
  1.00000000E+00
->       6      12       2       1                                 <-   
ISOTOPESTEMP                                                                    
  0.00000000E+00
->       6      12       2       1                                 <-   
MIXTURESVOL                                                                     
  1.00000000E+00
->       6      12       2       1                                 <-   
K-EFFECTIVE                                                                     
  0.00000000E+00
->       6      12       2       3                                 <-   
ENERGY                                                                          
  2.00000000E+07  6.25000000E-01  1.00000005E-03
->       6      12       2       2                                 <-   
DELTAU                                                                          
  0.00000000E+00  1.72812462E+01
->       6      12       3       3                                 <-   
SIGNATURE                                                                       
         4         4         4
L_LIBRARY   
->      -6       0       0       0                                 <-   
->       5       0       0      -1                                 <-   00000004
->       6      12      10       1                                 <-   
ISOTOPESLIST                                                                    
->       7       0       0      -1                                 <-   00000001
->       8      12       3       3                                 <-   
ALIAS                                                                           
         4         4         4
*MAC*RES    
->       8      12       2       2                                 <-   
NTOT0                                                                           
  2.03284919E-02  1.04550049E-01
->       8      12       2       2                                 <-   
OVERV                                                                           
  0.00000000E+00  0.00000000E+00
->       8      12       2       2                                 <-   
STRD                                                                            
  2.56410271E-01  8.33333313E-01
->       8      12       2       2                                 <-   
SIGS00                                                                          
  1.04983337E-02  0.00000000E+00
->       8      12       1       2                                 <-   
NJJS00                                                                          
         1         2
->       8      12       1       2                                 <-   
IJJS00                                                                          
         1         2
->       8      12       2       3                                 <-   
SCAT00                                                                          
  0.00000000E+00  0.00000000E+00  1.04983337E-02
->       8      12       1       1                                 <-   
SCAT-SAVED                                                                      
         1
->       8      12       2       2                                 <-   
NWT0                                                                            
  1.00000000E+00  1.00000000E+00
->      -8       0       0       0                                 <-   
->       6      12       1      40                                 <-   
STATE-VECTOR                                                                    
         1         1         2         1         0         0         0         0
         0         0         0         0         0         1         0         0
         0         0         0         0         0         0         0         0
         0         0         0         0         0         0         0         0
         0         0         0         0         0         0         0         0
->       6      12       1       1                                 <-   
ISOTOPESMIX                                                                     
         1
->       6      12       3       3                                 <-   
ISOTOPESUSED                                                                    
         4         4         4
*MAC*RES    
->       6      12       3       3                                 <-   
ISOTOPERNAME                                                                    
         4         4         4
    *MAC*RES
->       6      12       2       1                                 <-   
ISOTOPESDENS                                                                    
  1.00000000E+00
->       6      12       1       1                                 <-   
ISOTOPESTYPE                                                                    
         1
->       6      12       1       1                                 <-   
ISOTOPESTODO                                                                    
         1
->       6      12       2       1                                 <-   
ISOTOPESVOL                                                                     
  1.00000000E+00
->       6      12       2       1                                 <-   
ISOTOPESTEMP                                                                    
  0.00000000E+00
->       6      12       2       1                                 <-   
MIXTURESVOL                                                                     
  1.00000000E+00
->       6      12       2       1                                 <-   
K-EFFECTIVE                                                                     
  0.00000000E+00
->       6      12       2       3                                 <-   
ENERGY                                                                          
  2.00000000E+07  6.25000000E-01  1.00000005E-03
->       6      12       2       2                                 <-   
DELTAU                                                                          
  0.00000000E+00  1.72812462E+01
->       6      12       3       3                                 <-   
SIGNATURE                                                                       
         4         4         4
L_LIBRARY   
->      -6       0       0       0                                 <-   
->       5       0       0      -1                                 <-   00000005
->       6      12      10       1                                 <-   
ISOTOPESLIST                                                                    
->       7       0       0      -1                                 <-   00000001
->       8      12       3       3                                 <-   
ALIAS                                                                           
         4         4         4
*MAC*RES    
->       8      12       2       2                                 <-   
NTOT0                                                                           
  2.03662906E-02  1.04420885E-01
->       8      12       2       2                                 <-   
OVERV                                                                           
  0.00000000E+00  0.00000000E+00
->       8      12       2       2                                 <-   
STRD                                                                            
  2.56410271E-01  8.33333313E-01
->       8      12       2       2                                 <-   
SIGS00                                                                          
  8.39374773E-03  0.00000000E+00
->       8      12       1       2                                 <-   
NJJS00                                                                          
         1         2
->       8      12       1       2                                 <-   
IJJS00                                                                          
         1         2
->       8      12       2       3                                 <-   
SCAT00                                                                          
  0.00000000E+00  0.00000000E+00  8.39374773E-03
->       8      12       1       1                                 <-   
SCAT-SAVED                                                                      
         1
->       8      12       2       2                                 <-   
NWT0                                                                            
  1.00000000E+00  1.00000000E+00
->      -8       0       0       0                                 <-   
->       6      12       1      40                                 <-   
STATE-VECTOR                                                                    
         1         1         2         1         0         0         0         0
         0         0         0         0         0         1         0         0
         0         0         0         0         0         0         0         0
         0         0         0         0         0         0         0         0
         0         0         0         0         0         0         0         0
->       6      12       1       1                                 <-   
ISOTOPESMIX                                                                     
         1
->       6      12       3       3                                 <-   
ISOTOPESUSED                                                                    
         4         4         4
*MAC*RES    
->       6      12       3       3                                 <-   
ISOTOPERNAME                                                                    
         4         4         4
    *MAC*RES
->       6      12       2       1                                 <-   
ISOTOPESDENS                                                                    
  1.00000000E+00
->       6      12       1       1                                 <-   
ISOTOPESTYPE                                                                    
         1
->       6      12       1       1                                 <-   
ISOTOPESTODO                                                                    
         1
->       6      12       2       1                                 <-   
ISOTOPESVOL                                                                     
  1.00000000E+00
->       6      12       2       1                                 <-   
ISOTOPESTEMP                                                                    
  0.00000000E+00
->       6      12       2       1                                 <-   
MIXTURESVOL                                                                     
  1.00000000E+00
->       6      12       2       1                                 <-   
K-EFFECTIVE                                                                     
  0.00000000E+00
->       6      12       2       3                                 <-   
ENERGY                                                                          
  2.00000000E+07  6.25000000E-01  1.00000005E-03
->       6      12       2       2                                 <-   
DELTAU                                                                          
  0.00000000E+00  1.72812462E+01
->       6      12       3       3                                 <-   
SIGNATURE                                                                       
         4         4         4
L_LIBRARY   
->      -6       0       0       0                                 <-   
->       5       0      99       0                                 <-   00000006
->       5       0      99       0                                 <-   00000007
->       5       0      99       0                                 <-   00000008
->       5       0      99       0                                 <-   00000009
->       5       0      99       0                                 <-   00000010
->       4      12       0      -1                                 <-   
TREE                                                                            
->       5      12       1       1                                 <-   
NCALS                                                                           
         5
->       5      12       1       7                                 <-   
DEBARB                                                                          
         2         7         1         2         3         4         5
->       5      12       1       6                                 <-   
ARBVAL                                                                          
         0         1         2         3         4         5
->       5      12       1      10                                 <-   
ORIGIN                                                                          
         0         1         2         3         4         0         0         0
         0         0
->       5      12       1       2                                 <-   
NVP                                                                             
         6        40
->      -5       0       0       0                                 <-   
->      -4       0       0       0                                 <-   
->       3       0       0      -1                                 <-   00000002
->       4      12      10      10                                 <-   
CALCULATIONS                                                                    
->       5       0       0      -1                                 <-   00000001
->       6      12      10       1                                 <-   
ISOTOPESLIST                                                                    
->       7       0       0      -1                                 <-   00000001
->       8      12       3       3                                 <-   
ALIAS                                                                           
         4         4         4
*MAC*RES    
->       8      12       2       2                                 <-   
NTOT0                                                                           
  3.01973540E-02  5.40092587E-03
->       8      12       2       2                                 <-   
OVERV                                                                           
  0.00000000E+00  0.00000000E+00
->       8      12       2       2                                 <-   
STRD                                                                            
  2.56410271E-01  8.33333313E-01
->       8      12       2       2                                 <-   
SIGS00                                                                          
  2.07233969E-02  0.00000000E+00
->       8      12       1       2                                 <-   
NJJS00                                                                          
         1         2
->       8      12       1       2                                 <-   
IJJS00                                                                          
         1         2
->       8      12       2       3                                 <-   
SCAT00                                                                          
  0.00000000E+00  0.00000000E+00  2.07233969E-02
->       8      12       1       1                                 <-   
SCAT-SAVED                                                                      
         1
->       8      12       2       2                                 <-   
NWT0                                                                            
  1.00000000E+00  1.00000000E+00
->      -8       0       0       0                                 <-   
->       6      12       1      40                                 <-   
STATE-VECTOR                                                                    
         1         1         2         1         0         0         0         0
         0         0         0         0         0         1         0         0
         0         0         0         0         0         0         0         0
         0         0         0         0         0         0         0         0
         0         0         0         0         0         0         0         0
->       6      12       1       1                                 <-   
ISOTOPESMIX                                                                     
         1
->       6      12       3       3                                 <-   
ISOTOPESUSED                                                                    
         4         4         4
*MAC*RES    
->       6      12       3       3                                 <-   
ISOTOPERNAME                                                                    
         4         4         4
    *MAC*RES
->       6      12       2       1                                 <-   
ISOTOPESDENS                                                                    
  1.00000000E+00
->       6      12       1       1                                 <-   
ISOTOPESTYPE                                                                    
         1
->       6      12       1       1                                 <-   
ISOTOPESTODO                                                                    
         1
->       6      12       2       1                                 <-   
ISOTOPESVOL                                                                     
  1.00000000E+00
->       6      12       2       1                                 <-   
ISOTOPESTEMP                                                                    
  0.00000000E+00
->       6      12       2       1                                 <-   
MIXTURESVOL                                                                     
  1.00000000E+00
->       6      12       2       1                                 <-   
K-EFFECTIVE                                                                     
  0.00000000E+00
->       6      12       2       3                                 <-   
ENERGY                                                                          
  2.00000000E+07  6.25000000E-01  1.00000005E-03
->       6      12       2       2                                 <-   
DELTAU                                                                          
  0.00000000E+00  1.72812462E+01
->       6      12       3       3                                 <-   
SIGNATURE                                                                       
         4         4         4
L_LIBRARY   
->      -6       0       0       0                                 <-   
->       5       0       0      -1                                 <-   00000002
->       6      12      10       1                                 <-   
ISOTOPESLIST                                                                    
->       7       0       0      -1                                 <-   00000001
->       8      12       3       3                                 <-   
ALIAS                                                                           
         4         4         4
*MAC*RES    
->       8      12       2       2                                 <-   
NTOT0                                                                           
  3.05016972E-02  7.26760598E-03
->       8      12       2       2                                 <-   
OVERV                                                                           
  0.00000000E+00  0.00000000E+00
->       8      12       2       2                                 <-   
STRD                                                                            
  2.56410271E-01  8.33333313E-01
->       8      12       2       2                                 <-   
SIGS00                                                                          
  2.06876379E-02  0.00000000E+00
->       8      12       1       2                                 <-   
NJJS00                                                                          
         1         2
->       8      12       1       2                                 <-   
IJJS00                                                                          
         1         2
->       8      12       2       3                                 <-   
SCAT00                                                                          
  0.00000000E+00  0.00000000E+00  2.06876379E-02
->       8      12       1       1                                 <-   
SCAT-SAVED                                                                      
         1
->       8      12       2       2                                 <-   
NWT0                                                                            
  1.00000000E+00  1.00000000E+00
->      -8       0       0       0                                 <-   
->       6      12       1      40                                 <-   
STATE-VECTOR                                                                    
         1         1         2         1         0         0         0         0
         0         0         0         0         0         1         0         0
         0         0         0         0         0         0         0         0
         0         0         0         0         0         0         0         0
         0         0         0         0         0         0         0         0
->       6      12       1       1                                 <-   
ISOTOPESMIX                                                                     
         1
->       6      12       3       3                                 <-   
ISOTOPESUSED                                                                    
         4         4         4
*MAC*RES    
->       6      12       3       3                                 <-   
ISOTOPERNAME                                                                    
         4         4         4
    *MAC*RES
->       6      12       2       1                                 <-   
ISOTOPESDENS                                                                    
  1.00000000E+00
->       6      12       1       1                                 <-   
ISOTOPESTYPE                                                                    
         1
->       6      12       1       1                                 <-   
ISOTOPESTODO                                                                    
         1
->       6      12       2       1                                 <-   
ISOTOPESVOL                                                                     
  1.00000000E+00
->       6      12       2       1                                 <-   
ISOTOPESTEMP                                                                    
  0.00000000E+00
->       6      12       2       1                                 <-   
MIXTURESVOL                                                                     
  1.00000000E+00
->       6      12       2       1                                 <-   
K-EFFECTIVE                                                                     
  0.00000000E+00
->       6      12       2       3                                 <-   
ENERGY                                                                          
  2.00000000E+07  6.25000000E-01  1.00000005E-03
->       6      12       2       2                                 <-   
DELTAU                                                                          
  0.00000000E+00  1.72812462E+01
->       6      12       3       3                                 <-   
SIGNATURE                                                                       
         4         4         4
L_LIBRARY   
->      -6       0       0       0                                 <-   
->       5       0       0      -1                                 <-   00000003
->       6      12      10       1                                 <-   
ISOTOPESLIST                                                                    
->       7       0       0      -1                                 <-   00000001
->       8      12       3       3                                 <-   
ALIAS                                                                           
         4         4         4
*MAC*RES    
->       8      12       2       2                                 <-   
NTOT0                                                                           
  3.08228694E-02  1.00417780E-02
->       8      12       2       2                                 <-   
OVERV                                                                           
  0.00000000E+00  0.00000000E+00
->       8      12       2       2                                 <-   
STRD                                                                            
  2.56410271E-01  8.33333313E-01
->       8      12       2       2                                 <-   
SIGS00                                                                          
  2.05652025E-02  0.00000000E+00
->       8      12       1       2                                 <-   
NJJS00                                                                          
         1         2
->       8      12       1       2                                 <-   
IJJS00                                                                          
         1         2
->       8      12       2       3                                 <-   
SCAT00                                                                          
  0.00000000E+00  0.00000000E+00  2.05652025E-02
->       8      12       1       1                                 <-   
SCAT-SAVED                                                                      
         1
->       8      12       2       2                                 <-   
NWT0                                                                            
  1.00000000E+00  1.00000000E+00
->      -8       0       0       0                                 <-   
->       6      12       1      40                                 <-   
STATE-VECTOR                                                                    
         1         1         2         1         0         0         0         0
         0         0         0         0         0         1         0         0
         0         0         0         0         0         0         0         0
         0         0         0         0         0         0         0         0
         0         0         0         0         0         0         0         0
->       6      12       1       1                                 <-   
ISOTOPESMIX                                                                     
         1
->       6      12       3       3                                 <-   
ISOTOPESUSED                                                                    
         4         4         4
*MAC*RES    
->       6      12       3       3                                 <-   
ISOTOPERNAME                                                                    
         4         4         4
    *MAC*RES
->       6      12       2       1                                 <-   
ISOTOPESDENS                                                                    
  1.00000000E+00
->       6      12       1       1                                 <-   
ISOTOPESTYPE                                                                    
         1
->       6      12       1       1                                 <-   
ISOTOPESTODO                                                                    
         1
->       6      12       2       1                                 <-   
ISOTOPESVOL                                                                     
  1.00000000E+00
->       6      12       2       1                                 <-   
ISOTOPESTEMP                                                                    
  0.00000000E+00
->       6      12       2       1                                 <-   
MIXTURESVOL                                                                     
  1.00000000E+00
->       6      12       2       1                                 <-   
K-EFFECTIVE                                                                     
  0.00000000E+00
->       6      12       2       3                                 <-   
ENERGY                                                                          
  2.00000000E+07  6.25000000E-01  1.00000005E-03
->       6      12       2       2                                 <-   
DELTAU                                                                          
  0.00000000E+00  1.72812462E+01
->       6      12       3       3                                 <-   
SIGNATURE                                                                       
         4         4         4
L_LIBRARY   
->      -6       0       0       0                                 <-   
->       5       0       0      -1                                 <-   00000004
->       6      12      10       1                                 <-   
ISOTOPESLIST                                                                    
->       7       0       0      -1                                 <-   00000001
->       8      12       3       3                                 <-   
ALIAS                                                                           
         4         4         4
*MAC*RES    
->       8      12       2       2                                 <-   
NTOT0                                                                           
  3.12149730E-02  1.50157986E-02
->       8      12       2       2                                 <-   
OVERV                                                                           
  0.00000000E+00  0.00000000E+00
->       8      12       2       2                                 <-   
STRD                                                                            
  2.56410271E-01  8.33333313E-01
->       8      12       2       2                                 <-   
SIGS00                                                                          
  2.06656754E-02  0.00000000E+00
->       8      12       1       2                                 <-   
NJJS00                                                                          
         1         2
->       8      12       1       2                                 <-   
IJJS00                                                                          
         1         2
->       8      12       2       3                                 <-   
SCAT00                                                                          
  0.00000000E+00  0.00000000E+00  2.06656754E-02
->       8      12       1       1                                 <-   
SCAT-SAVED                                                                      
         1
->       8      12       2       2                                 <-   
NWT0                                                                            
  1.00000000E+00  1.00000000E+00
->      -8       0       0       0                                 <-   
->       6      12       1      40                                 <-   
STATE-VECTOR                                                                    
         1         1         2         1         0         0         0         0
         0         0         0         0         0         1         0         0
         0         0         0         0         0         0         0         0
         0         0         0         0         0         0         0         0
         0         0         0         0         0         0         0         0
->       6      12       1       1                                 <-   
ISOTOPESMIX                                                                     
         1
->       6      12       3       3                                 <-   
ISOTOPESUSED                                                                    
         4         4         4
*MAC*RES    
->       6      12       3       3                                 <-   
ISOTOPERNAME                                                                    
         4         4         4
    *MAC*RES
->       6      12       2       1                                 <-   
ISOTOPESDENS                                                                    
  1.00000000E+00
->       6      12       1       1                                 <-   
ISOTOPESTYPE                                                                    
         1
->       6      12       1       1                                 <-   
ISOTOPESTODO                                                                    
         1
->       6      12       2       1                                 <-   
ISOTOPESVOL                                                                     
  1.00000000E+00
->       6      12       2       1                                 <-   
ISOTOPESTEMP                                                                    
  0.00000000E+00
->       6      12       2       1                                 <-   
MIXTURESVOL                                                                     
  1.00000000E+00
->       6      12       2       1                                 <-   
K-EFFECTIVE                                                                     
  0.00000000E+00
->       6      12       2       3                                 <-   
ENERGY                                                                          
  2.00000000E+07  6.25000000E-01  1.00000005E-03
->       6      12       2       2                                 <-   
DELTAU                                                                          
  0.00000000E+00  1.72812462E+01
->       6      12       3       3                                 <-   
SIGNATURE                                                                       
         4         4         4
L_LIBRARY   
->      -6       0       0       0                                 <-   
->       5       0       0      -1                                 <-   00000005
->       6      12      10       1                                 <-   
ISOTOPESLIST                                                                    
->       7       0       0      -1                                 <-   00000001
->       8      12       3       3                                 <-   
ALIAS                                                                           
         4         4         4
*MAC*RES    
->       8      12       2       2                                 <-   
NTOT0                                                                           
  3.17916088E-02  2.38022711E-02
->       8      12       2       2                                 <-   
OVERV                                                                           
  0.00000000E+00  0.00000000E+00
->       8      12       2       2                                 <-   
STRD                                                                            
  2.56410271E-01  8.33333313E-01
->       8      12       2       2                                 <-   
SIGS00                                                                          
  2.01050881E-02  0.00000000E+00
->       8      12       1       2                                 <-   
NJJS00                                                                          
         1         2
->       8      12       1       2                                 <-   
IJJS00                                                                          
         1         2
->       8      12       2       3                                 <-   
SCAT00                                                                          
  0.00000000E+00  0.00000000E+00  2.01050881E-02
->       8      12       1       1                                 <-   
SCAT-SAVED                                                                      
         1
->       8      12       2       2                                 <-   
NWT0                                                                            
  1.00000000E+00  1.00000000E+00
->      -8       0       0       0                                 <-   
->       6      12       1      40                                 <-   
STATE-VECTOR                                                                    
         1         1         2         1         0         0         0         0
         0         0         0         0         0         1         0         0
         0         0         0         0         0         0         0         0
         0         0         0         0         0         0         0         0
         0         0         0         0         0         0         0         0
->       6      12       1       1                                 <-   
ISOTOPESMIX                                                                     
         1
->       6      12       3       3                                 <-   
ISOTOPESUSED                                                                    
         4         4         4
*MAC*RES    
->       6      12       3       3                                 <-   
ISOTOPERNAME                                                                    
         4         4         4
    *MAC*RES
->       6      12       2       1                                 <-   
ISOTOPESDENS                                                                    
  1.00000000E+00
->       6      12       1       1                                 <-   
ISOTOPESTYPE                                                                    
         1
->       6      12       1       1                                 <-   
ISOTOPESTODO                                                                    
         1
->       6      12       2       1                                 <-   
ISOTOPESVOL                                                                     
  1.00000000E+00
->       6      12       2       1                                 <-   
ISOTOPESTEMP                                                                    
  0.00000000E+00
->       6      12       2       1                                 <-   
MIXTURESVOL                                                                     
  1.00000000E+00
->       6      12       2       1                                 <-   
K-EFFECTIVE                                                                     
  0.00000000E+00
->       6      12       2       3                                 <-   
ENERGY                                                                          
  2.00000000E+07  6.25000000E-01  1.00000005E-03
->       6      12       2       2                                 <-   
DELTAU                                                                          
  0.00000000E+00  1.72812462E+01
->       6      12       3       3                                 <-   
SIGNATURE                                                                       
         4         4         4
L_LIBRARY   
->      -6       0       0       0                                 <-   
->       5       0      99       0                                 <-   00000006
->       5       0      99       0                                 <-   00000007
->       5       0      99       0                                 <-   00000008
->       5       0      99       0                                 <-   00000009
->       5       0      99       0                                 <-   00000010
->       4      12       0      -1                                 <-   
TREE                                                                            
->       5      12       1       1                                 <-   
NCALS                                                                           
         5
->       5      12       1       7                                 <-   
DEBARB                                                                          
         2         7         1         2         3         4         5
->       5      12       1       6                                 <-   
ARBVAL                                                                          
         0         1         2         3         4         5
->       5      12       1      10                                 <-   
ORIGIN                                                                          
         0         1         2         3         4         0         0         0
         0         0
->       5      12       1       2                                 <-   
NVP                                                                             
         6        40
->      -5       0       0       0                                 <-   
->      -4       0       0       0                                 <-   
->       3       0       0      -1                                 <-   00000003
->       4      12      10      10                                 <-   
CALCULATIONS                                                                    
->       5       0       0      -1                                 <-   00000001
->       6      12      10       1                                 <-   
ISOTOPESLIST                                                                    
->       7       0       0      -1                                 <-   00000001
->       8      12       3       3                                 <-   
ALIAS                                                                           
         4         4         4
*MAC*RES    
->       8      12       2       2                                 <-   
NTOT0                                                                           
  4.10950258E-02  4.99919476E-03
->       8      12       2       2                                 <-   
OVERV                                                                           
  0.00000000E+00  0.00000000E+00
->       8      12       2       2                                 <-   
STRD                                                                            
  2.56410271E-01  8.33333313E-01
->       8      12       2       2                                 <-   
SIGS00                                                                          
  2.53255274E-02  0.00000000E+00
->       8      12       1       2                                 <-   
NJJS00                                                                          
         1         2
->       8      12       1       2                                 <-   
IJJS00                                                                          
         1         2
->       8      12       2       3                                 <-   
SCAT00                                                                          
  0.00000000E+00  0.00000000E+00  2.53255274E-02
->       8      12       1       1                                 <-   
SCAT-SAVED                                                                      
         1
->       8      12       2       2                                 <-   
NWT0                                                                            
  1.00000000E+00  1.00000000E+00
->      -8       0       0       0                                 <-   
->       6      12       1      40                                 <-   
STATE-VECTOR                                                                    
         1         1         2         1         0         0         0         0
         0         0         0         0         0         1         0         0
         0         0         0         0         0         0         0         0
         0         0         0         0         0         0         0         0
         0         0         0         0         0         0         0         0
->       6      12       1       1                                 <-   
ISOTOPESMIX                                                                     
         1
->       6      12       3       3                                 <-   
ISOTOPESUSED                                                                    
         4         4         4
*MAC*RES    
->       6      12       3       3                                 <-   
ISOTOPERNAME                                                                    
         4         4         4
    *MAC*RES
->       6      12       2       1                                 <-   
ISOTOPESDENS                                                                    
  1.00000000E+00
->       6      12       1       1                                 <-   
ISOTOPESTYPE                                                                    
         1
->       6      12       1       1                                 <-   
ISOTOPESTODO                                                                    
         1
->       6      12       2       1                                 <-   
ISOTOPESVOL                                                                     
  1.00000000E+00
->       6      12       2       1                                 <-   
ISOTOPESTEMP                                                                    
  0.00000000E+00
->       6      12       2       1                                 <-   
MIXTURESVOL                                                                     
  1.00000000E+00
->       6      12       2       1                                 <-   
K-EFFECTIVE                                                                     
  0.00000000E+00
->       6      12       2       3                                 <-   
ENERGY                                                                          
  2.00000000E+07  6.25000000E-01  1.00000005E-03
->       6      12       2       2                                 <-   
DELTAU                                                                          
  0.00000000E+00  1.72812462E+01
->       6      12       3       3                                 <-   
SIGNATURE                                                                       
         4         4         4
L_LIBRARY   
->      -6       0       0       0                                 <-   
->       5       0       0      -1                                 <-   00000002
->       6      12      10       1                                 <-   
ISOTOPESLIST                                                                    
->       7       0       0      -1                                 <-   00000001
->       8      12       3       3                                 <-   
ALIAS                                                                           
         4         4         4
*MAC*RES    
->       8      12       2       2                                 <-   
NTOT0                                                                           
  4.15503383E-02  6.64551463E-03
->       8      12       2       2                                 <-   
OVERV                                                                           
  0.00000000E+00  0.00000000E+00
->       8      12       2       2                                 <-   
STRD                                                                            
  2.56410271E-01  8.33333313E-01
->       8      12       2       2                                 <-   
SIGS00                                                                          
  2.47329418E-02  0.00000000E+00
->       8      12       1       2                                 <-   
NJJS00                                                                          
         1         2
->       8      12       1       2                                 <-   
IJJS00                                                                          
         1         2
->       8      12       2       3                                 <-   
SCAT00                                                                          
  0.00000000E+00  0.00000000E+00  2.47329418E-02
->       8      12       1       1                                 <-   
SCAT-SAVED                                                                      
         1
->       8      12       2       2                                 <-   
NWT0                                                                            
  1.00000000E+00  1.00000000E+00
->      -8       0       0       0                                 <-   
->       6      12       1      40                                 <-   
STATE-VECTOR                                                                    
         1         1         2         1         0         0         0         0
         0         0         0         0         0         1         0         0
         0         0         0         0         0         0         0         0
         0         0         0         0         0         0         0         0
         0         0         0         0         0         0         0         0
->       6      12       1       1                                 <-   
ISOTOPESMIX                                                                     
         1
->       6      12       3       3                                 <-   
ISOTOPESUSED                                                                    
         4         4         4
*MAC*RES    
->       6      12       3       3                                 <-   
ISOTOPERNAME                                                                    
         4         4         4
    *MAC*RES
->       6      12       2       1                                 <-   
ISOTOPESDENS                                                                    
  1.00000000E+00
->       6      12       1       1                                 <-   
ISOTOPESTYPE                                                                    
         1
->       6      12       1       1                                 <-   
ISOTOPESTODO                                                                    
         1
->       6      12       2       1                                 <-   
ISOTOPESVOL                                                                     
  1.00000000E+00
->       6      12       2       1                                 <-   
ISOTOPESTEMP                                                                    
  0.00000000E+00
->       6      12       2       1                                 <-   
MIXTURESVOL                                                                     
  1.00000000E+00
->       6      12       2       1                                 <-   
K-EFFECTIVE                                                                     
  0.00000000E+00
->       6      12       2       3                                 <-   
ENERGY                                                                          
  2.00000000E+07  6.25000000E-01  1.00000005E-03
->       6      12       2       2                                 <-   
DELTAU                                                                          
  0.00000000E+00  1.72812462E+01
->       6      12       3       3                                 <-   
SIGNATURE                                                                       
         4         4         4
L_LIBRARY   
->      -6       0       0       0                                 <-   
->       5       0       0      -1                                 <-   00000003
->       6      12      10       1                                 <-   
ISOTOPESLIST                                                                    
->       7       0       0      -1                                 <-   00000001
->       8      12       3       3                                 <-   
ALIAS                                                                           
         4         4         4
*MAC*RES    
->       8      12       2       2                                 <-   
NTOT0                                                                           
  4.20730747E-02  9.95656010E-03
->       8      12       2       2                                 <-   
OVERV                                                                           
  0.00000000E+00  0.00000000E+00
->       8      12       2       2                                 <-   
STRD                                                                            
  2.56410271E-01  8.33333313E-01
->       8      12       2       2                                 <-   
SIGS00                                                                          
  2.49595661E-02  0.00000000E+00
->       8      12       1       2                                 <-   
NJJS00                                                                          
         1         2
->       8      12       1       2                                 <-   
IJJS00                                                                          
         1         2
->       8      12       2       3                                 <-   
SCAT00                                                                          
  0.00000000E+00  0.00000000E+00  2.49595661E-02
->       8      12       1       1                                 <-   
SCAT-SAVED                                                                      
         1
->       8      12       2       2                                 <-   
NWT0                                                                            
  1.00000000E+00  1.00000000E+00
->      -8       0       0       0                                 <-   
->       6      12       1      40                                 <-   
STATE-VECTOR                                                                    
         1         1         2         1         0         0         0         0
         0         0         0         0         0         1         0         0
         0         0         0         0         0         0         0         0
         0         0         0         0         0         0         0         0
         0         0         0         0         0         0         0         0
->       6      12       1       1                                 <-   
ISOTOPESMIX                                                                     
         1
->       6      12       3       3                                 <-   
ISOTOPESUSED                                                                    
         4         4         4
*MAC*RES    
->       6      12       3       3                                 <-   
ISOTOPERNAME                                                                    
         4         4         4
    *MAC*RES
->       6      12       2       1                                 <-   
ISOTOPESDENS                                                                    
  1.00000000E+00
->       6      12       1       1                                 <-   
ISOTOPESTYPE                                                                    
         1
->       6      12       1       1                                 <-   
ISOTOPESTODO                                                                    
         1
->       6      12       2       1                                 <-   
ISOTOPESVOL                                                                     
  1.00000000E+00
->       6      12       2       1                                 <-   
ISOTOPESTEMP                                                                    
  0.00000000E+00
->       6      12       2       1                                 <-   
MIXTURESVOL                                                                     
  1.00000000E+00
->       6      12       2       1                                 <-   
K-EFFECTIVE                                                                     
  0.00000000E+00
->       6      12       2       3                                 <-   
ENERGY                                                                          
  2.00000000E+07  6.25000000E-01  1.00000005E-03
->       6      12       2       2                                 <-   
DELTAU                                                                          
  0.00000000E+00  1.72812462E+01
->       6      12       3       3                                 <-   
SIGNATURE                                                                       
         4         4         4
L_LIBRARY   
->      -6       0       0       0                                 <-   
->       5       0       0      -1                                 <-   00000004
->       6      12      10       1                                 <-   
ISOTOPESLIST                                                                    
->       7       0       0      -1                                 <-   00000001
->       8      12       3       3                                 <-   
ALIAS                                                                           
         4         4         4
*MAC*RES    
->       8      12       2       2                                 <-   
NTOT0                                                                           
  4.26669456E-02  1.52074676E-02
->       8      12       2       2                                 <-   
OVERV                                                                           
  0.00000000E+00  0.00000000E+00
->       8      12       2       2                                 <-   
STRD                                                                            
  2.56410271E-01  8.33333313E-01
->       8      12       2       2                                 <-   
SIGS00                                                                          
  2.47793924E-02  0.00000000E+00
->       8      12       1       2                                 <-   
NJJS00                                                                          
         1         2
->       8      12       1       2                                 <-   
IJJS00                                                                          
         1         2
->       8      12       2       3                                 <-   
SCAT00                                                                          
  0.00000000E+00  0.00000000E+00  2.47793924E-02
->       8      12       1       1                                 <-   
SCAT-SAVED                                                                      
         1
->       8      12       2       2                                 <-   
NWT0                                                                            
  1.00000000E+00  1.00000000E+00
->      -8       0       0       0                                 <-   
->       6      12       1      40                                 <-   
STATE-VECTOR                                                                    
         1         1         2         1         0         0         0         0
         0         0         0         0         0         1         0         0
         0         0         0         0         0         0         0         0
         0         0         0         0         0         0         0         0
         0         0         0         0         0         0         0         0
->       6      12       1       1                                 <-   
ISOTOPESMIX                                                                     
         1
->       6      12       3       3                                 <-   
ISOTOPESUSED                                                                    
         4         4         4
*MAC*RES    
->       6      12       3       3                                 <-   
ISOTOPERNAME                                                                    
         4         4         4
    *MAC*RES
->       6      12       2       1                                 <-   
ISOTOPESDENS                                                                    
  1.00000000E+00
->       6      12       1       1                                 <-   
ISOTOPESTYPE                                                                    
         1
->       6      12       1       1                                 <-   
ISOTOPESTODO                                                                    
         1
->       6      12       2       1                                 <-   
ISOTOPESVOL                                                                     
  1.00000000E+00
->       6      12       2       1                                 <-   
ISOTOPESTEMP                                                                    
  0.00000000E+00
->       6      12       2       1                                 <-   
MIXTURESVOL                                                                     
  1.00000000E+00
->       6      12       2       1                                 <-   
K-EFFECTIVE                                                                     
  0.00000000E+00
->       6      12       2       3                                 <-   
ENERGY                                                                          
  2.00000000E+07  6.25000000E-01  1.00000005E-03
->       6      12       2       2                                 <-   
DELTAU                                                                          
  0.00000000E+00  1.72812462E+01
->       6      12       3       3                                 <-   
SIGNATURE                                                                       
         4         4         4
L_LIBRARY   
->      -6       0       0       0                                 <-   
->       5       0       0      -1                                 <-   00000005
->       6      12      10       1                                 <-   
ISOTOPESLIST                                                                    
->       7       0       0      -1                                 <-   00000001
->       8      12       3       3                                 <-   
ALIAS                                                                           
         4         4         4
*MAC*RES    
->       8      12       2       2                                 <-   
NTOT0                                                                           
  4.35303003E-02  2.45618429E-02
->       8      12       2       2                                 <-   
OVERV                                                                           
  0.00000000E+00  0.00000000E+00
->       8      12       2       2                                 <-   
STRD                                                                            
  2.56410271E-01  8.33333313E-01
->       8      12       2       2                                 <-   
SIGS00                                                                          
  2.37207692E-02  0.00000000E+00
->       8      12       1       2                                 <-   
NJJS00                                                                          
         1         2
->       8      12       1       2                                 <-   
IJJS00                                                                          
         1         2
->       8      12       2       3                                 <-   
SCAT00                                                                          
  0.00000000E+00  0.00000000E+00  2.37207692E-02
->       8      12       1       1                                 <-   
SCAT-SAVED                                                                      
         1
->       8      12       2       2                                 <-   
NWT0                                                                            
  1.00000000E+00  1.00000000E+00
->      -8       0       0       0                                 <-   
->       6      12       1      40                                 <-   
STATE-VECTOR                                                                    
         1         1         2         1         0         0         0         0
         0         0         0         0         0         1         0         0
         0         0         0         0         0         0         0         0
         0         0         0         0         0         0         0         0
         0         0         0         0         0         0         0         0
->       6      12       1       1                                 <-   
ISOTOPESMIX                                                                     
         1
->       6      12       3       3                                 <-   
ISOTOPESUSED                                                                    
         4         4         4
*MAC*RES    
->       6      12       3       3                                 <-   
ISOTOPERNAME                                                                    
         4         4         4
    *MAC*RES
->       6      12       2       1                                 <-   
ISOTOPESDENS                                                                    
  1.00000000E+00
->       6      12       1       1                                 <-   
ISOTOPESTYPE                                                                    
         1
->       6      12       1       1                                 <-   
ISOTOPESTODO                                                                    
         1
->       6      12       2       1                                 <-   
ISOTOPESVOL                                                                     
  1.00000000E+00
->       6      12       2       1                                 <-   
ISOTOPESTEMP                                                                    
  0.00000000E+00
->       6      12       2       1                                 <-   
MIXTURESVOL                                                                     
  1.00000000E+00
->       6      12       2       1                                 <-   
K-EFFECTIVE                                                                     
  0.00000000E+00
->       6      12       2       3                                 <-   
ENERGY                                                                          
  2.00000000E+07  6.25000000E-01  1.00000005E-03
->       6      12       2       2                                 <-   
DELTAU                                                                          
  0.00000000E+00  1.72812462E+01
->       6      12       3       3                                 <-   
SIGNATURE                                                                       
         4         4         4
L_LIBRARY   
->      -6       0       0       0                                 <-   
->       5       0      99       0                                 <-   00000006
->       5       0      99       0                                 <-   00000007
->       5       0      99       0                                 <-   00000008
->       5       0      99       0                                 <-   00000009
->       5       0      99       0                                 <-   00000010
->       4      12       0      -1                                 <-   
TREE                                                                            
->       5      12       1       1                                 <-   
NCALS                                                                           
         5
->       5      12       1       7                                 <-   
DEBARB                                                                          
         2         7         1         2         3         4         5
->       5      12       1       6                                 <-   
ARBVAL                                                                          
         0         1         2         3         4         5
->       5      12       1      10                                 <-   
ORIGIN                                                                          
         0         1         2         3         4         0         0         0
         0         0
->       5      12       1       2                                 <-   
NVP                                                                             
         6        40
->      -5       0       0       0                                 <-   
->      -4       0       0       0                                 <-   
->       2      12       3      20                                 <-   
COMMENT                                                                         
         4         4         4         4         4         4         4         4
         4         4         4         4         4         4         4         4
         4         4         4         4
Lefebvre-Lebigot light reflector XS for various boron concentrations.           
->       2      12       0      -1                                 <-   
GLOBAL                                                                          
->       3      12       3       1                                 <-   
PARTYP                                                                          
         4
VALU
->       3      12       3       2                                 <-   
PARFMT                                                                          
         4         4
REAL    
->       3      12       1       2                                 <-   
PARCAD                                                                          
         1         1
->       3      12       1       2                                 <-   
PARPAD                                                                          
         1         1
->       3      12       2       5                                 <-   
pval00000001                                                                    
  0.00000000E+00  2.00000000E+02  5.00000000E+02  1.00000000E+03  2.00000000E+03
->       3      12       1       1                                 <-   
NVALUE                                                                          
         5
->       3      12       3       3                                 <-   
PARKEY                                                                          
         4         4         4
C-BORE      
->      -3       0       0       0                                 <-   
->      -2       0       0       0                                 <-   
->      -1       0       0       0                                 <-   
