     1  'SIGNATURE   '       3      12
L_COMPO     
     1  'MODE1      1'       0      -1
     2  'BURN       1'       0      -1
     3  'MACR        '       0      -1
     4  'TOTAL       '       2       2
  3.35651487E-01  4.62851852E-01
     4  'TRANC       '       2       2
  6.92564994E-02  5.85180633E-02
     4  'NG          '       2       2
  4.90682905E-05  7.41392578E-05
     4  'N2N         '       2       2
  4.17898373E-05  0.00000000E+00
     4  'STRD        '       2       2
  2.34806746E-01  3.77379000E-01
     4  'SIGS 0      '       2       2
  3.35644215E-01  4.62777734E-01
     4  'NJJ  0      '       1       2
         2         2
     4  'IJJ  0      '       1       2
         2         2
     4  'SCAT 0      '       2       4
  9.85869920E-05  3.25806081E-01  4.62679148E-01  9.83812474E-03
     4  'SIGS 1      '       2       2
  6.80456534E-02  6.06138445E-02
     4  'NJJ  1      '       1       2
         2         2
     4  'IJJ  1      '       1       2
         2         2
     4  'SCAT 1      '       2       4
  5.37778906E-05  6.86862916E-02  6.05600663E-02 -6.40637300E-04
     4  'XS-SAVED    '       1      22
         1         1         0         0         0         0         1         0
         1         0         0         0         0         0         0         0
         1         0         0         0         1         1
     3  'OVERV       '       2       2
  1.10675394E-07  3.50025812E-06
     3  'FLUX-INTG   '       2       2
  4.91354179E+01  6.20388069E+01
     3  'FLUXDISAFACT'       2       2
  1.29485321E+00  4.62342709E-01
     3  'DISFACX     '       2       4
  9.96632040E-01  9.96511817E-01  1.03680623E+00  1.03680825E+00
     3  'DISFACY     '       2       4
  9.96525943E-01  9.96525943E-01  1.03680742E+00  1.03680766E+00
     3  'DISFACZ     '       2       4
  1.00000000E+00  1.00000000E+00  1.00000000E+00  1.00000000E+00
     3  'ISOTOPESDENS'       2       1
  1.00000000E+00
     3  'ISOTOPES-EFJ'       2       1
  0.00000000E+00
     2  'TITLE       '       3      72
C2D1FluxPresentTISO                                                     
     2  'VOLUME      '       2       1
  3.74938049E+02
     2  'ENERGY      '       2       3
  1.00000000E+07  6.25000000E-01  1.99999995E-04
     2  'BURNUP      '       2       1
  0.00000000E+00
     2  'N/KB        '       2       1
  0.00000000E+00
     2  'ISOTOPESNAME'       3      12
MACR        
     2  'JTAB        '       1       1
         0
     2  'PARAM       '       1       4
         2         1         2         1
     1  'STATE-VECTOR'       1      40
         1         2         1         2         1         4         1         0
         0         0         0         0         0         0         0         0
         0         0         0         0         0         0         0         0
         0         0         0         0         0         0         0         0
         0         0         0         0         0         0         0         0
