     1  'SIGNATURE   '       3      12
L_COMPO     
     1  'MODE2      1'       0      -1
     2  'BURN       1'       0      -1
     3  'MACR        '       0      -1
     4  'TOTAL       '       2       2
  3.35753500E-01  4.63241816E-01
     4  'TRANC       '       2       2
  6.93238750E-02  5.84492236E-02
     4  'NG          '       2       2
  4.87964244E-05  7.43332639E-05
     4  'N2N         '       2       2
  4.15362738E-05  0.00000000E+00
     4  'STRD        '       2       2
  2.34758422E-01  3.78307819E-01
     4  'SIGS 0      '       2       2
  3.35746258E-01  4.63167489E-01
     4  'NJJ  0      '       1       2
         2         2
     4  'IJJ  0      '       1       2
         2         2
     4  'SCAT 0      '       2       4
  9.43323685E-05  3.25808018E-01  4.63073164E-01  9.93824564E-03
     4  'SIGS 1      '       2       2
  6.81174025E-02  6.05382919E-02
     4  'NJJ  1      '       1       2
         2         2
     4  'IJJ  1      '       1       2
         2         2
     4  'SCAT 1      '       2       4
  5.16122745E-05  6.87634274E-02  6.04866780E-02 -6.46024477E-04
     4  'XS-SAVED    '       1      22
         1         1         0         0         0         0         1         0
         1         0         0         0         0         0         0         0
         1         0         0         0         1         1
     3  'OVERV       '       2       2
  1.11540466E-07  3.50966661E-06
     3  'FLUX-INTG   '       2       2
  4.98302574E+01  6.65267105E+01
     3  'FLUXDISAFACT'       2       2
  1.29236257E+00  4.76587296E-01
     3  'DISFACX     '       2       4
  9.94631410E-01  9.94512677E-01  1.03530931E+00  1.03531110E+00
     3  'DISFACY     '       2       4
  9.94526386E-01  9.94526386E-01  1.03531051E+00  1.03531063E+00
     3  'DISFACZ     '       2       4
  1.00000000E+00  1.00000000E+00  1.00000000E+00  1.00000000E+00
     3  'ISOTOPESDENS'       2       1
  1.00000000E+00
     3  'ISOTOPES-EFJ'       2       1
  0.00000000E+00
     2  'TITLE       '       3      72
C2D1FluxPresentTISO                                                     
     2  'VOLUME      '       2       1
  3.74938049E+02
     2  'ENERGY      '       2       3
  1.00000000E+07  6.25000000E-01  1.99999995E-04
     2  'BURNUP      '       2       1
  0.00000000E+00
     2  'N/KB        '       2       1
  0.00000000E+00
     2  'ISOTOPESNAME'       3      12
MACR        
     2  'JTAB        '       1       1
         0
     2  'PARAM       '       1       4
         2         1         2         1
     1  'STATE-VECTOR'       1      40
         1         2         1         2         1         4         1         0
         0         0         0         0         0         0         0         0
         0         0         0         0         0         0         0         0
         0         0         0         0         0         0         0         0
         0         0         0         0         0         0         0         0
