     1  'SIGNATURE   '       3      12
L_COMPO     
     1  'SORIN      1'       0      -1
     2  'BURN       1'       0      -1
     3  'MACR        '       0      -1
     4  'TOTAL       '       2       2
  3.21214288E-01  4.58049208E-01
     4  'TRANC       '       2       2
  7.68876225E-02  6.58305436E-02
     4  'NUSIGF      '       2       2
  1.29281543E-03  1.13279512E-02
     4  'NFTOT       '       2       2
  4.95146727E-04  4.52295877E-03
     4  'CHI         '       2       2
  1.00000000E+00  0.00000000E+00
     4  'NG          '       2       2
  3.48690338E-03  7.07614888E-03
     4  'N2N         '       2       2
  3.45525077E-05  0.00000000E+00
     4  'STRD        '       2       2
  2.41286874E-01  3.92218649E-01
     4  'SIGS 0      '       2       2
  3.17266822E-01  4.46450114E-01
     4  'NJJ  0      '       1       2
         2         2
     4  'IJJ  0      '       1       2
         2         2
     4  'SCAT 0      '       2       4
  2.05403470E-04  3.09112102E-01  4.46244717E-01  8.15471727E-03
     4  'SIGS 1      '       2       2
  8.02946240E-02  6.58305436E-02
     4  'NJJ  1      '       1       2
         2         2
     4  'IJJ  1      '       1       2
         2         2
     4  'SCAT 1      '       2       4
  6.30635404E-05  7.99274147E-02  6.57674819E-02  3.67207947E-04
     4  'XS-SAVED    '       1      22
         1         1         1         1         1         0         1         0
         1         0         0         0         0         0         0         0
         1         0         0         0         1         1
     3  'OVERV       '       2       2
  9.25639796E-08  3.29535146E-06
     3  'FLUX-INTG   '       2       2
  1.09671600E+02  7.57608185E+01
     3  'FLUXDISAFACT'       2       2
  1.26846647E+00  6.08276725E-01
     3  'ISOTOPESDENS'       2       1
  1.00000000E+00
     3  'ISOTOPES-EFJ'       2       1
  0.00000000E+00
     2  'TITLE       '       3      72
TISORDevice                                                             
     2  'VOLUME      '       2       1
  5.70585586E+04
     2  'ENERGY      '       2       3
  1.00000000E+07  6.25000000E-01  1.99999995E-04
     2  'BURNUP      '       2       1
  0.00000000E+00
     2  'N/KB        '       2       1
  0.00000000E+00
     2  'ISOTOPESNAME'       3      12
MACR        
     2  'JTAB        '       1       1
         0
     2  'PARAM       '       1       4
         2         1         2         1
     1  'STATE-VECTOR'       1      40
         1         2         1         2         1         4         0         0
         0         0         0         0         0         0         0         0
         0         0         0         0         0         0         0         0
         0         0         0         0         0         0         0         0
         0         0         0         0         0         0         0         0
