     1  'SIGNATURE   '       3      12
L_COMPO     
     1  'SOROT      1'       0      -1
     2  'BURN       1'       0      -1
     3  'MACR        '       0      -1
     4  'TOTAL       '       2       2
  3.19888920E-01  4.55677330E-01
     4  'TRANC       '       2       2
  7.71072134E-02  6.42725527E-02
     4  'NUSIGF      '       2       2
  1.27431075E-03  1.06697455E-02
     4  'NFTOT       '       2       2
  4.88784979E-04  4.26383549E-03
     4  'CHI         '       2       2
  1.00000000E+00  0.00000000E+00
     4  'NG          '       2       2
  2.25178991E-03  4.45542950E-03
     4  'N2N         '       2       2
  3.35676741E-05  0.00000000E+00
     4  'STRD        '       2       2
  2.39849716E-01  3.91404778E-01
     4  'SIGS 0      '       2       2
  3.17181915E-01  4.46958095E-01
     4  'NJJ  0      '       1       2
         2         2
     4  'IJJ  0      '       1       2
         2         2
     4  'SCAT 0      '       2       4
  1.55896327E-04  3.08198214E-01  4.46802199E-01  8.98370706E-03
     4  'SIGS 1      '       2       2
  8.04058015E-02  6.42725453E-02
     4  'NJJ  1      '       1       2
         2         2
     4  'IJJ  1      '       1       2
         2         2
     4  'SCAT 1      '       2       4
  4.79469563E-05  8.00391957E-02  6.42246008E-02  3.66602122E-04
     4  'XS-SAVED    '       1      22
         1         1         1         1         1         0         1         0
         1         0         0         0         0         0         0         0
         1         0         0         0         1         1
     3  'OVERV       '       2       2
  1.00357738E-07  3.38150858E-06
     3  'FLUX-INTG   '       2       2
  8.28178329E+01  8.38318405E+01
     3  'FLUXDISAFACT'       2       2
  1.23525620E+00  5.65147817E-01
     3  'ISOTOPESDENS'       2       1
  1.00000000E+00
     3  'ISOTOPES-EFJ'       2       1
  0.00000000E+00
     2  'TITLE       '       3      72
TISORDevice                                                             
     2  'VOLUME      '       2       1
  5.70585586E+04
     2  'ENERGY      '       2       3
  1.00000000E+07  6.25000000E-01  1.99999995E-04
     2  'BURNUP      '       2       1
  0.00000000E+00
     2  'N/KB        '       2       1
  0.00000000E+00
     2  'ISOTOPESNAME'       3      12
MACR        
     2  'JTAB        '       1       1
         0
     2  'PARAM       '       1       4
         2         1         2         1
     1  'STATE-VECTOR'       1      40
         1         2         1         2         1         4         0         0
         0         0         0         0         0         0         0         0
         0         0         0         0         0         0         0         0
         0         0         0         0         0         0         0         0
         0         0         0         0         0         0         0         0
