     1  'SIGNATURE   '       3      12
L_COMPO     
     1  'ZCROT      1'       0      -1
     2  'BURN       1'       0      -1
     3  'MACR        '       0      -1
     4  'TOTAL       '       2       2
  3.19885939E-01  4.55719262E-01
     4  'TRANC       '       2       2
  7.71149397E-02  6.42767549E-02
     4  'NUSIGF      '       2       2
  1.27437862E-03  1.06651029E-02
     4  'NFTOT       '       2       2
  4.88810416E-04  4.26198263E-03
     4  'CHI         '       2       2
  1.00000000E+00  0.00000000E+00
     4  'NG          '       2       2
  2.25159479E-03  4.45244974E-03
     4  'N2N         '       2       2
  3.35721779E-05  0.00000000E+00
     4  'STRD        '       2       2
  2.39838421E-01  3.91442508E-01
     4  'SIGS 0      '       2       2
  3.17179143E-01  4.47004825E-01
     4  'NJJ  0      '       1       2
         2         2
     4  'IJJ  0      '       1       2
         2         2
     4  'SCAT 0      '       2       4
  1.55789778E-04  3.08194131E-01  4.46849048E-01  8.98499787E-03
     4  'SIGS 1      '       2       2
  8.04140121E-02  6.42767474E-02
     4  'NJJ  1      '       1       2
         2         2
     4  'IJJ  1      '       1       2
         2         2
     4  'SCAT 1      '       2       4
  4.79229893E-05  8.00475180E-02  6.42288253E-02  3.66494845E-04
     4  'XS-SAVED    '       1      22
         1         1         1         1         1         0         1         0
         1         0         0         0         0         0         0         0
         1         0         0         0         1         1
     3  'OVERV       '       2       2
  1.00356026E-07  3.38177256E-06
     3  'FLUX-INTG   '       2       2
  8.28008423E+01  8.38698273E+01
     3  'FLUXDISAFACT'       2       2
  1.23543811E+00  5.64900756E-01
     3  'ISOTOPESDENS'       2       1
  1.00000000E+00
     3  'ISOTOPES-EFJ'       2       1
  0.00000000E+00
     2  'TITLE       '       3      72
TISORDevice                                                             
     2  'VOLUME      '       2       1
  5.70585586E+04
     2  'ENERGY      '       2       3
  1.00000000E+07  6.25000000E-01  1.99999995E-04
     2  'BURNUP      '       2       1
  0.00000000E+00
     2  'N/KB        '       2       1
  0.00000000E+00
     2  'ISOTOPESNAME'       3      12
MACR        
     2  'JTAB        '       1       1
         0
     2  'PARAM       '       1       4
         2         1         2         1
     1  'STATE-VECTOR'       1      40
         1         2         1         2         1         4         0         0
         0         0         0         0         0         0         0         0
         0         0         0         0         0         0         0         0
         0         0         0         0         0         0         0         0
         0         0         0         0         0         0         0         0
