     1  'SIGNATURE   '       3      12
L_COMPO     
     1  'ZCRIN      1'       0      -1
     2  'BURN       1'       0      -1
     3  'MACR        '       0      -1
     4  'TOTAL       '       2       2
  3.21469903E-01  4.57329452E-01
     4  'TRANC       '       2       2
  7.69478455E-02  6.45513684E-02
     4  'NUSIGF      '       2       2
  1.27382658E-03  1.08213732E-02
     4  'NFTOT       '       2       2
  4.88614605E-04  4.32340289E-03
     4  'CHI         '       2       2
  1.00000000E+00  0.00000000E+00
     4  'NG          '       2       2
  2.28613662E-03  5.13486611E-03
     4  'N2N         '       2       2
  3.33462267E-05  0.00000000E+00
     4  'STRD        '       2       2
  2.41593212E-01  3.92778099E-01
     4  'SIGS 0      '       2       2
  3.18728536E-01  4.47871178E-01
     4  'NJJ  0      '       1       2
         2         2
     4  'IJJ  0      '       1       2
         2         2
     4  'SCAT 0      '       2       4
  1.70610685E-04  3.09798121E-01  4.47700560E-01  8.93040188E-03
     4  'SIGS 1      '       2       2
  8.02433863E-02  6.45513684E-02
     4  'NJJ  1      '       1       2
         2         2
     4  'IJJ  1      '       1       2
         2         2
     4  'SCAT 1      '       2       4
  5.18482593E-05  7.98766837E-02  6.44995198E-02  3.66700668E-04
     4  'XS-SAVED    '       1      22
         1         1         1         1         1         0         1         0
         1         0         0         0         0         0         0         0
         1         0         0         0         1         1
     3  'OVERV       '       2       2
  1.00134955E-07  3.35111531E-06
     3  'FLUX-INTG   '       2       2
  8.84154968E+01  8.20019760E+01
     3  'FLUXDISAFACT'       2       2
  1.23536289E+00  5.75378716E-01
     3  'ISOTOPESDENS'       2       1
  1.00000000E+00
     3  'ISOTOPES-EFJ'       2       1
  0.00000000E+00
     2  'TITLE       '       3      72
TISORDevice                                                             
     2  'VOLUME      '       2       1
  5.70585586E+04
     2  'ENERGY      '       2       3
  1.00000000E+07  6.25000000E-01  1.99999995E-04
     2  'BURNUP      '       2       1
  0.00000000E+00
     2  'N/KB        '       2       1
  0.00000000E+00
     2  'ISOTOPESNAME'       3      12
MACR        
     2  'JTAB        '       1       1
         0
     2  'PARAM       '       1       4
         2         1         2         1
     1  'STATE-VECTOR'       1      40
         1         2         1         2         1         4         0         0
         0         0         0         0         0         0         0         0
         0         0         0         0         0         0         0         0
         0         0         0         0         0         0         0         0
         0         0         0         0         0         0         0         0
