->       1      12       0      -1                                 <-   
moderator                                                                       
->       2      12       0      -1                                 <-   
GLOBAL                                                                          
->       3      12       3       6                                 <-   
PARKEY                                                                          
         4         4         4         4         4         4
BURN        FLUB        
->       3      12       3       2                                 <-   
PARTYP                                                                          
         4         4
IRRAFLUB
->       3      12       3       4                                 <-   
PARFMT                                                                          
         4         4         4         4
REAL    REAL    
->       3      12       1       3                                 <-   
PARCAD                                                                          
         1         1         1
->       3      12       1       3                                 <-   
PARPAD                                                                          
         1         1         1
->       3      12       2       1                                 <-   
pval00000001                                                                    
  0.00000000E+00
->       3      12       1       2                                 <-   
NVALUE                                                                          
         1         1
->       3      12       2       1                                 <-   
pval00000002                                                                    
  0.00000000E+00
->      -3       0       0       0                                 <-   
->       2      12       1      40                                 <-   
STATE-VECTOR                                                                    
         1         2         1        10         2         0         0         0
         0         1         0      2006         0         0         0         0
         0         0         0         0         0         0         0         0
         0         0         0         0         0         0         0         0
         0         0         0         0         0         0         0         0
->       2      12      10       1                                 <-   
MIXTURES                                                                        
->       3       0       0      -1                                 <-   00000001
->       4      12       0      -1                                 <-   
TREE                                                                            
->       5      12       1       2                                 <-   
NVP                                                                             
         3        60
->       5      12       1       1                                 <-   
NCALS                                                                           
         1
->       5      12       1      61                                 <-   
DEBARB                                                                          
         2         3         4         1         0         0         0         0
         0         0         0         0         0         0         0         0
         0         0         0         0         0         0         0         0
         0         0         0         0         0         0         0         0
         0         0         0         0         0         0         0         0
         0         0         0         0         0         0         0         0
         0         0         0         0         0         0         0         0
         0         0         0         0         0
->       5      12       1      60                                 <-   
ARBVAL                                                                          
         0         1         1         0         0         0         0         0
         0         0         0         0         0         0         0         0
         0         0         0         0         0         0         0         0
         0         0         0         0         0         0         0         0
         0         0         0         0         0         0         0         0
         0         0         0         0         0         0         0         0
         0         0         0         0         0         0         0         0
         0         0         0         0
->       5      12       1      10                                 <-   
ORIGIN                                                                          
         0         0         0         0         0         0         0         0
         0         0
->      -5       0       0       0                                 <-   
->       4      12      10      10                                 <-   
CALCULATIONS                                                                    
->       5       0       0      -1                                 <-   00000001
->       6      12      10       1                                 <-   
ISOTOPESLIST                                                                    
->       7       0       0      -1                                 <-   00000001
->       8      12       3       3                                 <-   
ALIAS                                                                           
         4         4         4
*MAC*RES0001
->       8      12       2       1                                 <-   
AWR                                                                             
  6.46526575E-01
->       8      12       2       2                                 <-   
NWT0                                                                            
  7.99714518E+00  2.85642204E+01
->       8      12       2       2                                 <-   
NTOT0                                                                           
  3.34417611E-01  4.62974638E-01
->       8      12       2       2                                 <-   
NG                                                                              
  7.82084612E-07  4.38779534E-05
->       8      12       2       2                                 <-   
N2N                                                                             
  4.03923514E-05  0.00000000E+00
->       8      12       2       2                                 <-   
NA                                                                              
  4.50215339E-05  0.00000000E+00
->       8      12       2       2                                 <-   
NP                                                                              
  9.18468572E-08  0.00000000E+00
->       8      12       2       2                                 <-   
ND                                                                              
  1.80158022E-08  0.00000000E+00
->       8      12       2       2                                 <-   
TRANC                                                                           
  0.00000000E+00  0.00000000E+00
->       8      12       2       2                                 <-   
H-FACTOR                                                                        
  6.08997457E-19  3.30611352E-17
->       8      12       2       2                                 <-   
OVERV                                                                           
  5.49403474E-08  3.45899321E-06
->       8      12       2       2                                 <-   
STRD                                                                            
  2.53618151E-01  3.79161149E-01
->       8      12       2       2                                 <-   
SIGS00                                                                          
  3.34414929E-01  4.62930769E-01
->       8      12       1       2                                 <-   
NJJS00                                                                          
         2         2
->       8      12       1       2                                 <-   
IJJS00                                                                          
         2         2
->       8      12       2       4                                 <-   
SCAT00                                                                          
  1.21648384E-06  3.21231216E-01  4.62929577E-01  1.31836953E-02
->       8      12       2       2                                 <-   
SIGS01                                                                          
  6.99062496E-02  5.63943014E-02
->       8      12       1       2                                 <-   
NJJS01                                                                          
         2         2
->       8      12       1       2                                 <-   
IJJS01                                                                          
         2         2
->       8      12       2       4                                 <-   
SCAT01                                                                          
  1.02995318E-06  7.09908456E-02  5.63932732E-02 -1.08459208E-03
->       8      12       1       2                                 <-   
SCAT-SAVED                                                                      
         1         1
->       8      12       2       6                                 <-   
LAMBDA-D                                                                        
  1.27200000E-02  3.17399986E-02  1.15999997E-01  3.10999990E-01  1.39999998E+00
  3.86999989E+00
->      -8       0       0       0                                 <-   
->       6      12       1      40                                 <-   
STATE-VECTOR                                                                    
         1         1         2         2         2         0         1         0
         0         0        38         0        12         1         0         0
         0         0         6        17         0         1         0         0
         0         0         0         0         0         0         0         0
         0         0         0         0         0         0         0         0
->       6      12       3       3                                 <-   
ISOTOPESUSED                                                                    
         4         4         4
*MAC*RES0001
->       6      12       3       3                                 <-   
ISOTOPERNAME                                                                    
         4         4         4
    *MAC*RES
->       6      12       2       1                                 <-   
ISOTOPESDENS                                                                    
  1.00000000E+00
->       6      12       1       1                                 <-   
ISOTOPESTYPE                                                                    
         1
->       6      12       1       1                                 <-   
ISOTOPESTODO                                                                    
         1
->       6      12       2       1                                 <-   
ISOTOPESVOL                                                                     
  6.80200012E+02
->       6      12       2       1                                 <-   
ISOTOPESTEMP                                                                    
  3.45660004E+02
->       6      12       3      24                                 <-   
ADDXSNAME-P0                                                                    
         4         4         4         4         4         4         4         4
         4         4         4         4         4         4         4         4
         4         4         4         4         4         4         4         4
NFTOT   NG      N2N     N3N     N4N     NA      NP      N2A     NNP     ND      
NT      TRANC   
->       6      12       2       3                                 <-   
ENERGY                                                                          
  1.96403000E+07  4.00000000E+00  1.10002700E-04
->       6      12       2       2                                 <-   
DELTAU                                                                          
  1.54067993E+01  1.05012999E+01
->      -6       0       0       0                                 <-   
->       5       0      99       0                                 <-   00000002
->       5       0      99       0                                 <-   00000003
->       5       0      99       0                                 <-   00000004
->       5       0      99       0                                 <-   00000005
->       5       0      99       0                                 <-   00000006
->       5       0      99       0                                 <-   00000007
->       5       0      99       0                                 <-   00000008
->       5       0      99       0                                 <-   00000009
->       5       0      99       0                                 <-   00000010
->      -4       0       0       0                                 <-   
->       2      12       3      20                                 <-   
COMMENT                                                                         
         4         4         4         4         4         4         4         4
         4         4         4         4         4         4         4         4
         4         4         4         4
Multi-parameter reactor database for fuel                                       
->      -2       0       0       0                                 <-   
->       1      12       0      -1                                 <-   
DEPL-CHAIN                                                                      
->       2      12       2     950                                 <-   
PRODUCE-RATE                                                                    
  1.00000000E+00  1.00000000E+00  1.00000000E+00  1.00000000E+00  1.00000000E+00
  0.00000000E+00  0.00000000E+00  0.00000000E+00  0.00000000E+00  0.00000000E+00
  0.00000000E+00  0.00000000E+00  0.00000000E+00  0.00000000E+00  0.00000000E+00
  0.00000000E+00  0.00000000E+00  0.00000000E+00  0.00000000E+00  0.00000000E+00
  0.00000000E+00  0.00000000E+00  0.00000000E+00  0.00000000E+00  0.00000000E+00
  1.00000000E+00  1.00000000E+00  9.39000010E-01  9.39000010E-01  9.39000010E-01
  9.39000010E-01  0.00000000E+00  0.00000000E+00  0.00000000E+00  0.00000000E+00
  0.00000000E+00  0.00000000E+00  0.00000000E+00  0.00000000E+00  0.00000000E+00
  0.00000000E+00  0.00000000E+00  0.00000000E+00  0.00000000E+00  0.00000000E+00
  0.00000000E+00  0.00000000E+00  0.00000000E+00  0.00000000E+00  0.00000000E+00
  1.00000000E+00  1.00000000E+00  1.00000000E+00  1.00000000E+00  0.00000000E+00
  0.00000000E+00  0.00000000E+00  0.00000000E+00  0.00000000E+00  0.00000000E+00
  0.00000000E+00  0.00000000E+00  0.00000000E+00  0.00000000E+00  0.00000000E+00
  0.00000000E+00  0.00000000E+00  0.00000000E+00  0.00000000E+00  0.00000000E+00
  0.00000000E+00  0.00000000E+00  0.00000000E+00  0.00000000E+00  0.00000000E+00
  1.00000000E+00  1.00000000E+00  1.00000000E+00  1.00000000E+00  1.00000000E+00
  1.00000000E+00  1.00000000E+00  0.00000000E+00  0.00000000E+00  0.00000000E+00
  0.00000000E+00  0.00000000E+00  0.00000000E+00  0.00000000E+00  0.00000000E+00
  0.00000000E+00  0.00000000E+00  0.00000000E+00  0.00000000E+00  0.00000000E+00
  0.00000000E+00  0.00000000E+00  0.00000000E+00  0.00000000E+00  0.00000000E+00
  1.00000000E+00  1.00000000E+00  0.00000000E+00  0.00000000E+00  0.00000000E+00
  0.00000000E+00  0.00000000E+00  0.00000000E+00  0.00000000E+00  0.00000000E+00
  0.00000000E+00  0.00000000E+00  0.00000000E+00  0.00000000E+00  0.00000000E+00
  0.00000000E+00  0.00000000E+00  0.00000000E+00  0.00000000E+00  0.00000000E+00
  0.00000000E+00  0.00000000E+00  0.00000000E+00  0.00000000E+00  0.00000000E+00
  1.00000000E+00  1.00000000E+00  1.00000000E+00  1.00000000E+00  1.00000000E+00
  0.00000000E+00  0.00000000E+00  0.00000000E+00  0.00000000E+00  0.00000000E+00
  0.00000000E+00  0.00000000E+00  0.00000000E+00  0.00000000E+00  0.00000000E+00
  0.00000000E+00  0.00000000E+00  0.00000000E+00  0.00000000E+00  0.00000000E+00
  0.00000000E+00  0.00000000E+00  0.00000000E+00  0.00000000E+00  0.00000000E+00
  1.00000000E+00  1.00000000E+00  1.00000000E+00  1.00000000E+00  1.00000000E+00
  0.00000000E+00  0.00000000E+00  0.00000000E+00  0.00000000E+00  0.00000000E+00
  0.00000000E+00  0.00000000E+00  0.00000000E+00  0.00000000E+00  0.00000000E+00
  0.00000000E+00  0.00000000E+00  0.00000000E+00  0.00000000E+00  0.00000000E+00
  0.00000000E+00  0.00000000E+00  0.00000000E+00  0.00000000E+00  0.00000000E+00
  1.00000000E+00  1.00000000E+00  1.00000000E+00  1.00000000E+00  0.00000000E+00
  0.00000000E+00  0.00000000E+00  0.00000000E+00  0.00000000E+00  0.00000000E+00
  0.00000000E+00  0.00000000E+00  0.00000000E+00  0.00000000E+00  0.00000000E+00
  0.00000000E+00  0.00000000E+00  0.00000000E+00  0.00000000E+00  0.00000000E+00
  0.00000000E+00  0.00000000E+00  0.00000000E+00  0.00000000E+00  0.00000000E+00
  1.00000000E+00  1.00000000E+00  9.99931812E-01  0.00000000E+00  0.00000000E+00
  0.00000000E+00  0.00000000E+00  0.00000000E+00  0.00000000E+00  0.00000000E+00
  0.00000000E+00  0.00000000E+00  0.00000000E+00  0.00000000E+00  0.00000000E+00
  0.00000000E+00  0.00000000E+00  0.00000000E+00  0.00000000E+00  0.00000000E+00
  0.00000000E+00  0.00000000E+00  0.00000000E+00  0.00000000E+00  0.00000000E+00
  1.00000000E+00  1.00000000E+00  0.00000000E+00  0.00000000E+00  0.00000000E+00
  0.00000000E+00  0.00000000E+00  0.00000000E+00  0.00000000E+00  0.00000000E+00
  0.00000000E+00  0.00000000E+00  0.00000000E+00  0.00000000E+00  0.00000000E+00
  0.00000000E+00  0.00000000E+00  0.00000000E+00  0.00000000E+00  0.00000000E+00
  0.00000000E+00  0.00000000E+00  0.00000000E+00  0.00000000E+00  0.00000000E+00
  1.00000000E+00  1.00000000E+00  1.00000000E+00  0.00000000E+00  0.00000000E+00
  0.00000000E+00  0.00000000E+00  0.00000000E+00  0.00000000E+00  0.00000000E+00
  0.00000000E+00  0.00000000E+00  0.00000000E+00  0.00000000E+00  0.00000000E+00
  0.00000000E+00  0.00000000E+00  0.00000000E+00  0.00000000E+00  0.00000000E+00
  0.00000000E+00  0.00000000E+00  0.00000000E+00  0.00000000E+00  0.00000000E+00
  1.00000000E+00  1.00000000E+00  0.00000000E+00  0.00000000E+00  0.00000000E+00
  0.00000000E+00  0.00000000E+00  0.00000000E+00  0.00000000E+00  0.00000000E+00
  0.00000000E+00  0.00000000E+00  0.00000000E+00  0.00000000E+00  0.00000000E+00
  0.00000000E+00  0.00000000E+00  0.00000000E+00  0.00000000E+00  0.00000000E+00
  0.00000000E+00  0.00000000E+00  0.00000000E+00  0.00000000E+00  0.00000000E+00
  1.00000000E+00  0.00000000E+00  0.00000000E+00  0.00000000E+00  0.00000000E+00
  0.00000000E+00  0.00000000E+00  0.00000000E+00  0.00000000E+00  0.00000000E+00
  0.00000000E+00  0.00000000E+00  0.00000000E+00  0.00000000E+00  0.00000000E+00
  0.00000000E+00  0.00000000E+00  0.00000000E+00  0.00000000E+00  0.00000000E+00
  0.00000000E+00  0.00000000E+00  0.00000000E+00  0.00000000E+00  0.00000000E+00
  1.00000000E+00  1.00000000E+00  1.00000000E+00  1.00000000E+00  1.00000000E+00
  0.00000000E+00  0.00000000E+00  0.00000000E+00  0.00000000E+00  0.00000000E+00
  0.00000000E+00  0.00000000E+00  0.00000000E+00  0.00000000E+00  0.00000000E+00
  0.00000000E+00  0.00000000E+00  0.00000000E+00  0.00000000E+00  0.00000000E+00
  0.00000000E+00  0.00000000E+00  0.00000000E+00  0.00000000E+00  0.00000000E+00
  1.00000000E+00  1.00000000E+00  1.00000000E+00  1.00000000E+00  1.00000000E+00
  0.00000000E+00  0.00000000E+00  0.00000000E+00  0.00000000E+00  0.00000000E+00
  0.00000000E+00  0.00000000E+00  0.00000000E+00  0.00000000E+00  0.00000000E+00
  0.00000000E+00  0.00000000E+00  0.00000000E+00  0.00000000E+00  0.00000000E+00
  0.00000000E+00  0.00000000E+00  0.00000000E+00  0.00000000E+00  0.00000000E+00
  1.00000000E+00  1.00000000E+00  1.00000000E+00  1.00000000E+00  0.00000000E+00
  0.00000000E+00  0.00000000E+00  0.00000000E+00  0.00000000E+00  0.00000000E+00
  0.00000000E+00  0.00000000E+00  0.00000000E+00  0.00000000E+00  0.00000000E+00
  0.00000000E+00  0.00000000E+00  0.00000000E+00  0.00000000E+00  0.00000000E+00
  0.00000000E+00  0.00000000E+00  0.00000000E+00  0.00000000E+00  0.00000000E+00
  1.00000000E+00  1.00000000E+00  1.00000000E+00  0.00000000E+00  0.00000000E+00
  0.00000000E+00  0.00000000E+00  0.00000000E+00  0.00000000E+00  0.00000000E+00
  0.00000000E+00  0.00000000E+00  0.00000000E+00  0.00000000E+00  0.00000000E+00
  0.00000000E+00  0.00000000E+00  0.00000000E+00  0.00000000E+00  0.00000000E+00
  0.00000000E+00  0.00000000E+00  0.00000000E+00  0.00000000E+00  0.00000000E+00
  1.00000000E+00  1.00000000E+00  0.00000000E+00  0.00000000E+00  0.00000000E+00
  0.00000000E+00  0.00000000E+00  0.00000000E+00  0.00000000E+00  0.00000000E+00
  0.00000000E+00  0.00000000E+00  0.00000000E+00  0.00000000E+00  0.00000000E+00
  0.00000000E+00  0.00000000E+00  0.00000000E+00  0.00000000E+00  0.00000000E+00
  0.00000000E+00  0.00000000E+00  0.00000000E+00  0.00000000E+00  0.00000000E+00
  1.00000000E+00  1.00000000E+00  1.00000000E+00  9.99998987E-01  0.00000000E+00
  0.00000000E+00  0.00000000E+00  0.00000000E+00  0.00000000E+00  0.00000000E+00
  0.00000000E+00  0.00000000E+00  0.00000000E+00  0.00000000E+00  0.00000000E+00
  0.00000000E+00  0.00000000E+00  0.00000000E+00  0.00000000E+00  0.00000000E+00
  0.00000000E+00  0.00000000E+00  0.00000000E+00  0.00000000E+00  0.00000000E+00
  1.00000000E+00  1.00000000E+00  1.00000000E+00  1.00000000E+00  9.99985993E-01
  9.99986005E-05  0.00000000E+00  0.00000000E+00  0.00000000E+00  0.00000000E+00
  0.00000000E+00  0.00000000E+00  0.00000000E+00  0.00000000E+00  0.00000000E+00
  0.00000000E+00  0.00000000E+00  0.00000000E+00  0.00000000E+00  0.00000000E+00
  0.00000000E+00  0.00000000E+00  0.00000000E+00  0.00000000E+00  0.00000000E+00
  1.00000000E+00  1.00000000E+00  1.00000000E+00  1.00000000E+00  5.75690031E-01
  8.80352020E-01  1.67266876E-06  1.67266876E-06  0.00000000E+00  0.00000000E+00
  0.00000000E+00  0.00000000E+00  0.00000000E+00  0.00000000E+00  0.00000000E+00
  0.00000000E+00  0.00000000E+00  0.00000000E+00  0.00000000E+00  0.00000000E+00
  0.00000000E+00  0.00000000E+00  0.00000000E+00  0.00000000E+00  0.00000000E+00
  2.44999992E-05  1.00000000E+00  1.00000000E+00  0.00000000E+00  0.00000000E+00
  0.00000000E+00  0.00000000E+00  0.00000000E+00  0.00000000E+00  0.00000000E+00
  0.00000000E+00  0.00000000E+00  0.00000000E+00  0.00000000E+00  0.00000000E+00
  0.00000000E+00  0.00000000E+00  0.00000000E+00  0.00000000E+00  0.00000000E+00
  0.00000000E+00  0.00000000E+00  0.00000000E+00  0.00000000E+00  0.00000000E+00
  9.99994993E-01  1.00000000E+00  0.00000000E+00  0.00000000E+00  0.00000000E+00
  0.00000000E+00  0.00000000E+00  0.00000000E+00  0.00000000E+00  0.00000000E+00
  0.00000000E+00  0.00000000E+00  0.00000000E+00  0.00000000E+00  0.00000000E+00
  0.00000000E+00  0.00000000E+00  0.00000000E+00  0.00000000E+00  0.00000000E+00
  0.00000000E+00  0.00000000E+00  0.00000000E+00  0.00000000E+00  0.00000000E+00
  1.00000000E+00  1.00000000E+00  1.00000000E+00  1.00000000E+00  1.00000000E+00
  9.99957975E-03  0.00000000E+00  0.00000000E+00  0.00000000E+00  0.00000000E+00
  0.00000000E+00  0.00000000E+00  0.00000000E+00  0.00000000E+00  0.00000000E+00
  0.00000000E+00  0.00000000E+00  0.00000000E+00  0.00000000E+00  0.00000000E+00
  0.00000000E+00  0.00000000E+00  0.00000000E+00  0.00000000E+00  0.00000000E+00
  4.49999981E-03  1.00000000E+00  1.00000000E+00  1.00000000E+00  0.00000000E+00
  0.00000000E+00  0.00000000E+00  0.00000000E+00  0.00000000E+00  0.00000000E+00
  0.00000000E+00  0.00000000E+00  0.00000000E+00  0.00000000E+00  0.00000000E+00
  0.00000000E+00  0.00000000E+00  0.00000000E+00  0.00000000E+00  0.00000000E+00
  0.00000000E+00  0.00000000E+00  0.00000000E+00  0.00000000E+00  0.00000000E+00
  1.00000000E+00  1.00000000E+00  1.00000000E+00  0.00000000E+00  0.00000000E+00
  0.00000000E+00  0.00000000E+00  0.00000000E+00  0.00000000E+00  0.00000000E+00
  0.00000000E+00  0.00000000E+00  0.00000000E+00  0.00000000E+00  0.00000000E+00
  0.00000000E+00  0.00000000E+00  0.00000000E+00  0.00000000E+00  0.00000000E+00
  0.00000000E+00  0.00000000E+00  0.00000000E+00  0.00000000E+00  0.00000000E+00
  1.00000000E+00  1.00000000E+00  1.00000000E+00  1.00000000E+00  1.00000000E+00
  0.00000000E+00  0.00000000E+00  0.00000000E+00  0.00000000E+00  0.00000000E+00
  0.00000000E+00  0.00000000E+00  0.00000000E+00  0.00000000E+00  0.00000000E+00
  0.00000000E+00  0.00000000E+00  0.00000000E+00  0.00000000E+00  0.00000000E+00
  0.00000000E+00  0.00000000E+00  0.00000000E+00  0.00000000E+00  0.00000000E+00
  1.00000000E+00  9.97600019E-01  1.00000000E+00  1.00000000E+00  1.00000000E+00
  1.00000000E+00  9.99899983E-01  0.00000000E+00  0.00000000E+00  0.00000000E+00
  0.00000000E+00  0.00000000E+00  0.00000000E+00  0.00000000E+00  0.00000000E+00
  0.00000000E+00  0.00000000E+00  0.00000000E+00  0.00000000E+00  0.00000000E+00
  0.00000000E+00  0.00000000E+00  0.00000000E+00  0.00000000E+00  0.00000000E+00
  9.99998987E-01  1.00000000E+00  1.00000000E+00  1.00000000E+00  9.99997973E-01
  9.99997973E-01  1.00000000E+00  0.00000000E+00  0.00000000E+00  0.00000000E+00
  0.00000000E+00  0.00000000E+00  0.00000000E+00  0.00000000E+00  0.00000000E+00
  0.00000000E+00  0.00000000E+00  0.00000000E+00  0.00000000E+00  0.00000000E+00
  0.00000000E+00  0.00000000E+00  0.00000000E+00  0.00000000E+00  0.00000000E+00
  1.00000000E+00  1.00000000E+00  1.00000000E+00  0.00000000E+00  0.00000000E+00
  0.00000000E+00  0.00000000E+00  0.00000000E+00  0.00000000E+00  0.00000000E+00
  0.00000000E+00  0.00000000E+00  0.00000000E+00  0.00000000E+00  0.00000000E+00
  0.00000000E+00  0.00000000E+00  0.00000000E+00  0.00000000E+00  0.00000000E+00
  0.00000000E+00  0.00000000E+00  0.00000000E+00  0.00000000E+00  0.00000000E+00
  1.00000000E+00  1.72221497E-01  1.53623998E-01  1.72999993E-01  9.99738991E-01
  0.00000000E+00  0.00000000E+00  0.00000000E+00  0.00000000E+00  0.00000000E+00
  0.00000000E+00  0.00000000E+00  0.00000000E+00  0.00000000E+00  0.00000000E+00
  0.00000000E+00  0.00000000E+00  0.00000000E+00  0.00000000E+00  0.00000000E+00
  0.00000000E+00  0.00000000E+00  0.00000000E+00  0.00000000E+00  0.00000000E+00
  9.99975026E-01  9.90000010E-01  1.00000000E+00  1.00000000E+00  0.00000000E+00
  0.00000000E+00  0.00000000E+00  0.00000000E+00  0.00000000E+00  0.00000000E+00
  0.00000000E+00  0.00000000E+00  0.00000000E+00  0.00000000E+00  0.00000000E+00
  0.00000000E+00  0.00000000E+00  0.00000000E+00  0.00000000E+00  0.00000000E+00
  0.00000000E+00  0.00000000E+00  0.00000000E+00  0.00000000E+00  0.00000000E+00
  1.12000003E-01  0.00000000E+00  0.00000000E+00  0.00000000E+00  0.00000000E+00
  0.00000000E+00  0.00000000E+00  0.00000000E+00  0.00000000E+00  0.00000000E+00
  0.00000000E+00  0.00000000E+00  0.00000000E+00  0.00000000E+00  0.00000000E+00
  0.00000000E+00  0.00000000E+00  0.00000000E+00  0.00000000E+00  0.00000000E+00
  0.00000000E+00  0.00000000E+00  0.00000000E+00  0.00000000E+00  0.00000000E+00
  2.40000011E-03  1.00000000E+00  1.00000000E+00  0.00000000E+00  0.00000000E+00
  0.00000000E+00  0.00000000E+00  0.00000000E+00  0.00000000E+00  0.00000000E+00
  0.00000000E+00  0.00000000E+00  0.00000000E+00  0.00000000E+00  0.00000000E+00
  0.00000000E+00  0.00000000E+00  0.00000000E+00  0.00000000E+00  0.00000000E+00
  0.00000000E+00  0.00000000E+00  0.00000000E+00  0.00000000E+00  0.00000000E+00
  8.23278546E-01  1.00000000E+00  1.00000000E+00  7.34376013E-01  8.27000022E-01
  0.00000000E+00  0.00000000E+00  0.00000000E+00  0.00000000E+00  0.00000000E+00
  0.00000000E+00  0.00000000E+00  0.00000000E+00  0.00000000E+00  0.00000000E+00
  0.00000000E+00  0.00000000E+00  0.00000000E+00  0.00000000E+00  0.00000000E+00
  0.00000000E+00  0.00000000E+00  0.00000000E+00  0.00000000E+00  0.00000000E+00
  1.00000000E+00  1.00000000E+00  0.00000000E+00  0.00000000E+00  0.00000000E+00
  0.00000000E+00  0.00000000E+00  0.00000000E+00  0.00000000E+00  0.00000000E+00
  0.00000000E+00  0.00000000E+00  0.00000000E+00  0.00000000E+00  0.00000000E+00
  0.00000000E+00  0.00000000E+00  0.00000000E+00  0.00000000E+00  0.00000000E+00
  0.00000000E+00  0.00000000E+00  0.00000000E+00  0.00000000E+00  0.00000000E+00
  1.00000000E+00  1.00000000E+00  1.00000000E+00  0.00000000E+00  0.00000000E+00
  0.00000000E+00  0.00000000E+00  0.00000000E+00  0.00000000E+00  0.00000000E+00
  0.00000000E+00  0.00000000E+00  0.00000000E+00  0.00000000E+00  0.00000000E+00
  0.00000000E+00  0.00000000E+00  0.00000000E+00  0.00000000E+00  0.00000000E+00
  0.00000000E+00  0.00000000E+00  0.00000000E+00  0.00000000E+00  0.00000000E+00
  1.00000000E+00  0.00000000E+00  0.00000000E+00  0.00000000E+00  0.00000000E+00
  0.00000000E+00  0.00000000E+00  0.00000000E+00  0.00000000E+00  0.00000000E+00
  0.00000000E+00  0.00000000E+00  0.00000000E+00  0.00000000E+00  0.00000000E+00
  0.00000000E+00  0.00000000E+00  0.00000000E+00  0.00000000E+00  0.00000000E+00
  0.00000000E+00  0.00000000E+00  0.00000000E+00  0.00000000E+00  0.00000000E+00
->       2      12       3      24                                 <-   
DEPLETE-IDEN                                                                    
         4         4         4         4         4         4         4         4
         4         4         4         4         4         4         4         4
         4         4         4         4         4         4         4         4
DECAY   NFTOT   NG      N2N     N3N     N4N     NA      NP      N2A     NNP     
ND      NT      
->       2      12       2     306                                 <-   
FISSIONYIELD                                                                    
  7.27850664E-03  7.82337133E-03  9.70007107E-03  6.23032264E-03  1.00405337E-02
  1.39581868E-02  1.95575543E-02  1.40322316E-02  1.61200520E-02  1.37454718E-02
  9.67361778E-03  1.32916095E-02  1.50081981E-02  1.39482664E-02  1.23960022E-02
  7.77712790E-03  1.08334888E-02  0.00000000E+00  0.00000000E+00  0.00000000E+00
  0.00000000E+00  0.00000000E+00  0.00000000E+00  0.00000000E+00  0.00000000E+00
  0.00000000E+00  0.00000000E+00  0.00000000E+00  0.00000000E+00  0.00000000E+00
  1.46863226E-06  0.00000000E+00  0.00000000E+00  0.00000000E+00  0.00000000E+00
  0.00000000E+00  0.00000000E+00  0.00000000E+00  0.00000000E+00  0.00000000E+00
  7.31730010E-10  0.00000000E+00  0.00000000E+00  0.00000000E+00  0.00000000E+00
  1.50939997E-10  0.00000000E+00  2.40709994E-08  6.20859975E-10  2.17629997E-10
  0.00000000E+00  4.85065448E-06  0.00000000E+00  0.00000000E+00  0.00000000E+00
  3.19171704E-06  0.00000000E+00  5.50033437E-05  1.12596281E-05  3.90555579E-06
  0.00000000E+00  0.00000000E+00  2.31120212E-05  1.65027757E-06  3.59273195E-04
  4.50602456E-05  3.44843429E-05  3.34970855E-06  2.96892282E-02  2.88710296E-02
  3.08556147E-02  3.30443829E-02  3.79007645E-02  3.89688089E-02  5.25060147E-02
  3.86733972E-02  3.58241536E-02  3.06675918E-02  3.09357885E-02  3.42336483E-02
  3.68449502E-02  3.68052311E-02  3.31241526E-02  3.10158581E-02  3.07278223E-02
  5.44428639E-02  4.27312143E-02  4.10048664E-02  5.06850295E-02  4.32512872E-02
  4.91516702E-02  7.58775920E-02  5.26272506E-02  4.66267802E-02  4.07801904E-02
  4.47397903E-02  4.24776748E-02  4.69610803E-02  5.86240962E-02  4.49825414E-02
  4.33954038E-02  5.04139438E-02  7.46107996E-02  6.61490858E-02  6.88049048E-02
  6.72526509E-02  6.52933493E-02  5.40670007E-02  7.75744095E-02  6.90340698E-02
  6.99848384E-02  6.54397756E-02  6.80265352E-02  5.35600372E-02  5.49413599E-02
  5.74692935E-02  5.31269759E-02  5.91364913E-02  5.40107451E-02  8.07023942E-02
  7.74865821E-02  7.73200244E-02  7.54496679E-02  6.56252578E-02  5.81729747E-02
  7.93509632E-02  7.56187141E-02  7.18889609E-02  7.59928599E-02  7.27229342E-02
  6.10840321E-02  6.11086041E-02  6.99865967E-02  6.16415180E-02  6.99214488E-02
  5.86817041E-02  7.58214891E-02  6.57923892E-02  6.20069280E-02  6.56801090E-02
  7.78124630E-02  7.71510676E-02  7.67963231E-02  7.22910687E-02  7.56762698E-02
  7.27690756E-02  6.92257807E-02  8.63212943E-02  7.23303258E-02  8.51293802E-02
  6.08681217E-02  7.50739276E-02  6.50869533E-02  6.73043653E-02  6.27035722E-02
  6.49412721E-02  6.54963180E-02  7.24890083E-02  8.20890740E-02  6.72724918E-02
  6.94018155E-02  6.58047572E-02  6.71409965E-02  6.88981861E-02  7.19365329E-02
  7.40259215E-02  7.58715793E-02  7.30572119E-02  7.40217194E-02  5.87746240E-02
  1.95557345E-02  2.26647463E-02  2.04816349E-02  2.66323052E-02  2.53841281E-02
  2.27503572E-02  1.54105863E-02  2.05247533E-02  2.16759164E-02  2.28673723E-02
  2.38408763E-02  1.97882727E-02  2.45560929E-02  1.06406370E-02  1.94067769E-02
  1.57889538E-02  2.53345985E-02  5.96248313E-08  2.34904984E-09  8.17259982E-10
  0.00000000E+00  1.67637992E-08  2.97176017E-09  4.96920052E-07  9.09248428E-08
  4.18977564E-08  1.93205008E-09  4.91120034E-10  6.41722181E-07  1.53419730E-08
  6.48711648E-06  2.88410502E-06  5.52087329E-07  1.75802029E-07  8.87803175E-03
  1.04779964E-02  1.52965263E-02  1.66465435E-02  1.64651424E-02  1.32919336E-02
  9.17465426E-03  1.25307366E-02  1.34033235E-02  1.46095790E-02  1.59339216E-02
  1.26598598E-02  1.72748603E-02  5.27541805E-03  1.30118923E-02  1.57530345E-02
  1.93449091E-02  7.67803067E-06  7.56038105E-07  4.21339990E-07  1.07689999E-08
  4.59549437E-06  1.14478280E-06  1.73565113E-05  1.63864861E-05  9.55177075E-06
  9.48448815E-07  3.81890004E-07  6.64345134E-05  5.83971132E-06  2.57880834E-04
  1.73972396E-04  6.97030264E-05  3.31015508E-05  3.37798055E-03  4.15944029E-03
  7.34498678E-03  8.09136685E-03  7.95086659E-03  6.68862369E-03  2.33559823E-03
  7.61965290E-03  8.42511281E-03  8.55015591E-03  9.96453129E-03  8.00710730E-03
  1.13714961E-02  5.54241613E-03  1.19195869E-02  6.95754075E-03  1.16469460E-02
  2.01539020E-03  2.58599664E-03  5.35885524E-03  5.49848750E-03  5.31981047E-03
  4.48525138E-03  1.99936610E-03  5.85848000E-03  6.39015669E-03  8.05609487E-03
  7.70231243E-03  6.68981718E-03  7.43820844E-03  5.05367853E-03  6.10398361E-03
  6.03241660E-03  5.01955347E-03  1.12823141E-03  1.50799111E-03  2.62171822E-03
  3.40326084E-03  3.88706662E-03  2.90833577E-03  1.56841823E-03  3.94668989E-03
  5.11100143E-03  5.16475784E-03  5.72688784E-03  5.70209231E-03  5.22204954E-03
  4.18141391E-03  4.54998761E-03  5.23197604E-03  9.24692024E-03  5.43039641E-04
  7.27923529E-04  1.44407013E-03  2.36915820E-03  2.72202259E-03  1.81817391E-03
  1.11911178E-03  2.79115606E-03  3.03210411E-03  4.07363893E-03  4.29472048E-03
  4.04326105E-03  3.82307475E-03  3.21007473E-03  2.98412051E-03  3.96785280E-03
  6.80875545E-03
->       2      12       1     456                                 <-   
DEPLETE-REAC                                                                    
         1       105         1         1         1         0         1         1
         0         1         0         0         0       205         1         1
         1         0         1         1         0         0         1         1
         0       305         1         1         1         0         1         1
         0         0         1         1         0       405         1         1
         1         0         1         1         0         0         1         1
         0       505         1         1         1         0         1         1
         0         0         1         1         0       605         1         1
         1         0         1         1         0         0         1         1
         1       705         1         0         0         0         1         1
         0         0         1         1         0       805         1         1
         1         0         1         1         0         0         1         1
         1       905         1         0         0         0         0         0
         0         0         0         0         0      1005         1         1
         1         0         1         1         0         0         1         1
         1      1105         1         1         0         0         1         1
         0         0         1         1         1      1205         1         0
         0         0         1         1         0         0         1         1
         1      1305         1         1         0         0         1         1
         0         0         1         1         0      1405         1         0
         0         0         1         1         0         0         1         1
         1      1505         1         1         0         0         1         1
         0         0         1         1         0      1605         1         1
         0         0         1         1         0         0         1         1
         1      1705         1         0         0         0         1         1
         0         0         1         1         0      1805         1         0
         0         0         1         1         0         0         1         1
         1       104         1         1         1         0         0         0
         0         0         0         0         1       204         1         1
         1         1         0         0         0         0         0         0
         1       304         1         1         1         0         0         0
         0         0         0         0         1         3         1         1
         1         0         0         0         0         0         0         0
         1       404         1         1         1         0         0         0
         0         0         0         0         1       504         1         1
         1         0         0         0         0         0         0         0
         1       604         1         1         1         0         0         0
         0         0         0         0         1         3         1         1
         1         0         0         0         0         0         0         0
         1       704         1         1         1         0         0         0
         0         0         0         0         1       804         1         1
         1         1         0         0         0         0         1         1
         1       904         1         1         1         1         0         0
         0         0         0         0         1      1004         1         1
         1         1         0         0         0         0         0         0
         1      1104         1         1         1         1         0         0
         0         0         0         0         1      1204         1         1
         1         0         0         0         0         0         0         0
         1         3         1         1         1         0         0         0
         0         0         0         0         1      1304         1         1
         1         0         0         0         0         0         0         0
         1      1404         1         1         0         0         0         0
         0         0         0         0         1      1504         1         1
         0         0         0         0         0         0         0         0
         1      1604         1         1         1         0         0         0
         0         0         0         0         1      1704         1         1
         0         0         0         0         0         0         0         0
->       2      12       2     456                                 <-   
DEPLETE-ENER                                                                    
  7.81600028E-02  0.00000000E+00  8.88912773E+00 -8.01282787E+00 -1.56689997E+01
  0.00000000E+00  3.54220009E+00 -1.12580605E-01  0.00000000E+00 -6.80280018E+00
  0.00000000E+00  0.00000000E+00  0.00000000E+00  0.00000000E+00  6.90570021E+00
 -9.30315113E+00 -1.68390007E+01  0.00000000E+00  4.81400013E+00 -5.11627495E-01
  0.00000000E+00  0.00000000E+00 -5.94320011E+00 -8.21570969E+00  0.00000000E+00
  0.00000000E+00  9.25489998E+00 -6.90500021E+00 -1.62091503E+01  0.00000000E+00
  7.01800013E+00  5.91499984E-01  0.00000000E+00  0.00000000E+00 -5.19262743E+00
 -6.59100008E+00  0.00000000E+00  0.00000000E+00  6.60559988E+00 -9.25800037E+00
 -1.61630001E+01  0.00000000E+00  4.28298950E+00  2.16727972E-01  0.00000000E+00
  0.00000000E+00 -6.44140005E+00 -8.19292736E+00  0.00000000E+00  0.00000000E+00
  8.93630028E+00 -6.60559988E+00 -1.58640003E+01  0.00000000E+00  6.22100019E+00
  3.86309832E-01  0.00000000E+00  0.00000000E+00 -4.16397190E+00 -6.78900003E+00
  0.00000000E+00  0.00000000E+00  6.45349979E+00 -8.93610001E+00 -1.55419998E+01
  0.00000000E+00  3.97580934E+00 -2.58170068E-02  0.00000000E+00  0.00000000E+00
 -6.32508993E+00 -6.84257221E+00  1.81104004E-01  0.00000000E+00  8.38000011E+00
  0.00000000E+00  0.00000000E+00  0.00000000E+00  5.33069992E+00  4.63382415E-02
  0.00000000E+00  0.00000000E+00 -4.24611712E+00 -6.51188993E+00  0.00000000E+00
  0.00000000E+00  6.45179987E+00 -8.53499985E+00 -1.49879999E+01  0.00000000E+00
  4.42796564E+00 -1.34600013E-01  0.00000000E+00  0.00000000E+00 -6.30204153E+00
 -6.53131723E+00  5.65129995E-01  0.00000000E+00  7.88000011E+00  0.00000000E+00
  0.00000000E+00  0.00000000E+00  0.00000000E+00  0.00000000E+00  0.00000000E+00
  0.00000000E+00  0.00000000E+00  0.00000000E+00  0.00000000E+00  0.00000000E+00
  5.60629988E+00 -7.99200010E+00 -1.44429998E+01  0.00000000E+00  5.07135820E+00
 -1.86660004E+00  0.00000000E+00  0.00000000E+00 -5.67173290E+00 -6.09999990E+00
  2.29550004E+00  0.00000000E+00  8.14099979E+00 -3.80019999E+00  0.00000000E+00
  0.00000000E+00  1.01300001E+01  6.19404376E-01  0.00000000E+00  0.00000000E+00
 -3.01022339E+00 -4.15468264E+00  1.98619998E+00  0.00000000E+00  5.88000011E+00
  0.00000000E+00  0.00000000E+00  0.00000000E+00  7.73890018E+00 -3.81800056E-01
  0.00000000E+00  0.00000000E+00 -5.29539537E+00 -4.98592329E+00  1.84000003E+00
  0.00000000E+00  7.98500013E+00 -5.83360004E+00  0.00000000E+00  0.00000000E+00
  9.43400002E+00  1.56808302E-01  0.00000000E+00  0.00000000E+00 -4.22869968E+00
 -4.90169525E+00  0.00000000E+00  0.00000000E+00  5.59600019E+00  0.00000000E+00
  0.00000000E+00  0.00000000E+00  7.21146965E+00 -4.77070004E-01  0.00000000E+00
  0.00000000E+00 -5.68126154E+00 -5.75459957E+00  2.54462007E-02  0.00000000E+00
  8.22319984E+00 -5.60960007E+00  0.00000000E+00  0.00000000E+00  8.47659969E+00
  2.23810017E-01  0.00000000E+00  0.00000000E+00 -3.84776998E+00 -5.02036142E+00
  0.00000000E+00  0.00000000E+00  5.86700010E+00 -8.20349979E+00  0.00000000E+00
  0.00000000E+00  6.50683832E+00 -2.81866002E+00  0.00000000E+00  0.00000000E+00
 -5.88759995E+00 -5.72067022E+00  3.31306010E-01  0.00000000E+00  7.86999989E+00
  0.00000000E+00  0.00000000E+00  0.00000000E+00  6.76919985E+00 -2.75653690E-01
  0.00000000E+00  0.00000000E+00 -4.77996016E+00 -5.41789961E+00  0.00000000E+00
  0.00000000E+00  6.51423979E+00  0.00000000E+00  0.00000000E+00  0.00000000E+00
  6.24910021E+00 -5.43263018E-01  0.00000000E+00  0.00000000E+00 -6.01755381E+00
 -6.49026012E+00  4.85757399E+00  1.89408066E+02  5.29699993E+00 -6.77099991E+00
 -1.26700001E+01  0.00000000E+00  0.00000000E+00  0.00000000E+00  0.00000000E+00
  0.00000000E+00  0.00000000E+00  0.00000000E+00  4.86908245E+00  1.93028152E+02
  6.54519987E+00 -5.29780006E+00 -1.21420002E+01 -1.78859997E+01  0.00000000E+00
  0.00000000E+00  0.00000000E+00  0.00000000E+00  0.00000000E+00  0.00000000E+00
  4.57506990E+00  1.92231339E+02  5.12440014E+00 -6.91039991E+00 -1.16400003E+01
  0.00000000E+00  0.00000000E+00  0.00000000E+00  0.00000000E+00  0.00000000E+00
  0.00000000E+00  0.00000000E+00  3.43062013E-01  1.80000000E+02  6.13999987E+00
 -5.11999989E+00 -1.16700001E+01  0.00000000E+00  0.00000000E+00  0.00000000E+00
  0.00000000E+00  0.00000000E+00  0.00000000E+00  0.00000000E+00  5.18027878E+00
  1.97338104E+02  5.26767683E+00 -6.15339994E+00 -1.12779999E+01  0.00000000E+00
  0.00000000E+00  0.00000000E+00  0.00000000E+00  0.00000000E+00  0.00000000E+00
  0.00000000E+00  4.96611357E+00  1.94841293E+02  5.48199987E+00 -6.45881224E+00
 -1.23528776E+01  0.00000000E+00  0.00000000E+00  0.00000000E+00  0.00000000E+00
  0.00000000E+00  0.00000000E+00  0.00000000E+00  8.76775026E-01  1.92024765E+02
  6.22700024E+00 -5.48799992E+00 -1.17135334E+01  0.00000000E+00  0.00000000E+00
  0.00000000E+00  0.00000000E+00  0.00000000E+00  0.00000000E+00  0.00000000E+00
  4.45028991E-01  1.80000000E+02  6.88170481E+00 -6.22700024E+00 -1.17060003E+01
  0.00000000E+00  0.00000000E+00  0.00000000E+00  0.00000000E+00  0.00000000E+00
  0.00000000E+00  0.00000000E+00  5.59253788E+00  1.95193741E+02  5.64699984E+00
 -6.89771128E+00 -1.28559999E+01  0.00000000E+00  0.00000000E+00  0.00000000E+00
  0.00000000E+00  0.00000000E+00  0.00000000E+00  0.00000000E+00  5.24502563E+00
  1.99188370E+02  6.53359985E+00 -5.62629986E+00 -1.23741112E+01 -1.84220009E+01
  0.00000000E+00  0.00000000E+00  0.00000000E+00  0.00000000E+00 -3.94000006E+00
 -3.17000008E+00  5.25550938E+00  1.97016754E+02  5.24149990E+00 -6.53399992E+00
 -1.21809998E+01 -1.91061115E+01  0.00000000E+00  0.00000000E+00  0.00000000E+00
  0.00000000E+00  0.00000000E+00  0.00000000E+00  5.35961566E-03  2.01175720E+02
  6.30970001E+00 -5.23999977E+00 -1.17700005E+01 -1.74300003E+01  0.00000000E+00
  0.00000000E+00  0.00000000E+00  0.00000000E+00  0.00000000E+00  0.00000000E+00
  4.98400211E+00  1.99173294E+02  5.23292971E+00 -6.30970001E+00 -1.15509996E+01
 -1.80849991E+01  0.00000000E+00  0.00000000E+00  0.00000000E+00  0.00000000E+00
  0.00000000E+00  0.00000000E+00  5.63917685E+00  1.99441269E+02  5.71682692E+00
 -5.55186939E+00 -1.22036734E+01  0.00000000E+00  0.00000000E+00  0.00000000E+00
  0.00000000E+00  0.00000000E+00  0.00000000E+00  0.00000000E+00  2.69450188E-01
  1.87589996E+02  6.36399984E+00 -5.45629978E+00 -1.10747690E+01  0.00000000E+00
  0.00000000E+00  0.00000000E+00  0.00000000E+00  0.00000000E+00  0.00000000E+00
  0.00000000E+00  5.43988895E+00  2.01125671E+02  6.51450396E+00 -6.16599655E+00
 -1.19049997E+01  0.00000000E+00  0.00000000E+00  0.00000000E+00  0.00000000E+00
  0.00000000E+00  0.00000000E+00  0.00000000E+00  6.21186352E+00  1.97988785E+02
  5.70100021E+00 -6.27038336E+00  0.00000000E+00  0.00000000E+00  0.00000000E+00
  0.00000000E+00  0.00000000E+00  0.00000000E+00  0.00000000E+00  0.00000000E+00
  6.21283484E+00  1.97671814E+02  6.79899979E+00 -5.70100021E+00  0.00000000E+00
  0.00000000E+00  0.00000000E+00  0.00000000E+00  0.00000000E+00  0.00000000E+00
  0.00000000E+00  0.00000000E+00  5.90203428E+00  1.98986084E+02  5.51999998E+00
 -6.67240000E+00 -1.23490000E+01  0.00000000E+00  0.00000000E+00  0.00000000E+00
  0.00000000E+00  0.00000000E+00  0.00000000E+00  0.00000000E+00  5.62343216E+00
  1.99446564E+02  1.19867430E+01 -5.51900005E+00  0.00000000E+00  0.00000000E+00
  0.00000000E+00  0.00000000E+00  0.00000000E+00  0.00000000E+00  0.00000000E+00
  0.00000000E+00
->       2      12       3     114                                 <-   
ISOTOPESDEPL                                                                    
         4         4         4         4         4         4         4         4
         4         4         4         4         4         4         4         4
         4         4         4         4         4         4         4         4
         4         4         4         4         4         4         4         4
         4         4         4         4         4         4         4         4
         4         4         4         4         4         4         4         4
         4         4         4         4         4         4         4         4
         4         4         4         4         4         4         4         4
         4         4         4         4         4         4         4         4
         4         4         4         4         4         4         4         4
         4         4         4         4         4         4         4         4
         4         4         4         4         4         4         4         4
         4         4         4         4         4         4         4         4
         4         4         4         4         4         4         4         4
         4         4
I129        Xe128       Xe129       Xe130       Xe131       Xe132       Xe133   
    Xe134       Xe135       Xe136       Sm147       Sm148       Sm149       Sm15
0       Sm151       Sm152       Sm153       Sm154       U234        U235        
U236        U237        U238        Np237       Np238       Np239       Pu238   
    Pu239       Pu240       Pu241       Pu242       Am241       Am242m      Am24
3       Cm242       Cm243       Cm244       Cm245       
->       2      12       1      38                                 <-   
CHARGEWEIGHT                                                                    
    531290    541280    541290    541300    541310    541320    541330    541340
    541350    541360    621470    621480    621490    621500    621510    621520
    621530    621540    922340    922350    922360    922370    922380    932370
    932380    932390    942380    942390    942400    942410    942420    952410
    952421    952430    962420    962430    962440    962450
->       2      12       2      38                                 <-   
DEPLETE-DECA                                                                    
  1.39998633E-07  0.00000000E+00  0.00000000E+00  0.00000000E+00  0.00000000E+00
  0.00000000E+00  1.52955231E+02  0.00000000E+00  2.11816162E+03  0.00000000E+00
  2.07355279E-11  3.15066901E-16  1.09821157E-15  0.00000000E+00  2.47552563E-02
  0.00000000E+00  4.12293121E+02  0.00000000E+00  8.93956712E-06  3.12085069E-09
  9.38012548E-08  1.18852402E+02  4.91597263E-10  1.02637841E-06  3.78957397E+02
  3.40659760E+02  2.50450652E-02  9.10899544E-05  3.34671029E-04  1.52531490E-01
  5.88070725E-06  5.07614203E-03  1.55776720E-02  2.98235565E-04  4.92361975E+00
  7.32150450E-02  1.21350788E-01  2.58405606E-04
->       2      12       1      40                                 <-   
STATE-VECTOR                                                                    
        38        17        18         0        38         0         0        12
        25         0         0         0         0         0         0         0
         0         0         0         0         0         0         0         0
         0         0         0         0         0         0         0         0
         0         0         0         0         0         0         0         0
->       2      12       1     950                                 <-   
PRODUCE-REAC                                                                    
       308       411       512       108       607         0         0         0
         0         0         0         0         0         0         0         0
         0         0         0         0         0         0         0         0
         0       304       405       104       208       311       412         0
         0         0         0         0         0         0         0         0
         0         0         0         0         0         0         0         0
         0         0       101       203       404       505         0         0
         0         0         0         0         0         0         0         0
         0         0         0         0         0         0         0         0
         0         0         0       303       504       605       103       408
       511       612         0         0         0         0         0         0
         0         0         0         0         0         0         0         0
         0         0         0         0       403       604         0         0
         0         0         0         0         0         0         0         0
         0         0         0         0         0         0         0         0
         0         0         0         0         0       503       805       608
       711       812         0         0         0         0         0         0
         0         0         0         0         0         0         0         0
         0         0         0         0         0         0       603       804
       708       811      1007         0         0         0         0         0
         0         0         0         0         0         0         0         0
         0         0         0         0         0         0         0       703
      1005       808      1012         0         0         0         0         0
         0         0         0         0         0         0         0         0
         0         0         0         0         0         0         0         0
       803      1004      1011         0         0         0         0         0
         0         0         0         0         0         0         0         0
         0         0         0         0         0         0         0         0
         0       903      1008         0         0         0         0         0
         0         0         0         0         0         0         0         0
         0         0         0         0         0         0         0         0
         0         0      1108      1211      1312         0         0         0
         0         0         0         0         0         0         0         0
         0         0         0         0         0         0         0         0
         0         0         0      1103      1304         0         0         0
         0         0         0         0         0         0         0         0
         0         0         0         0         0         0         0         0
         0         0         0         0      1203         0         0         0
         0         0         0         0         0         0         0         0
         0         0         0         0         0         0         0         0
         0         0         0         0         0      1303      1504      1408
      1511      1612         0         0         0         0         0         0
         0         0         0         0         0         0         0         0
         0         0         0         0         0         0      1403      1604
      1508      1611      1712         0         0         0         0         0
         0         0         0         0         0         0         0         0
         0         0         0         0         0         0         0      1503
      1608      1711      1812         0         0         0         0         0
         0         0         0         0         0         0         0         0
         0         0         0         0         0         0         0         0
      1603      1708      1811         0         0         0         0         0
         0         0         0         0         0         0         0         0
         0         0         0         0         0         0         0         0
         0      1703      1808         0         0         0         0         0
         0         0         0         0         0         0         0         0
         0         0         0         0         0         0         0         0
         0         0      2701      2004      2105      2301         0         0
         0         0         0         0         0         0         0         0
         0         0         0         0         0         0         0         0
         0         0         0      2801      1903      2104      2205      2405
      3205         0         0         0         0         0         0         0
         0         0         0         0         0         0         0         0
         0         0         0         0      2901      2003      2204      2305
      2404      2505      3204      3305         0         0         0         0
         0         0         0         0         0         0         0         0
         0         0         0         0         0      3001      2103      2304
         0         0         0         0         0         0         0         0
         0         0         0         0         0         0         0         0
         0         0         0         0         0         0      3101      2203
         0         0         0         0         0         0         0         0
         0         0         0         0         0         0         0         0
         0         0         0         0         0         0         0      2201
      3201      2504      2605      2812      3504         0         0         0
         0         0         0         0         0         0         0         0
         0         0         0         0         0         0         0         0
      3301      2403      2604      2811         0         0         0         0
         0         0         0         0         0         0         0         0
         0         0         0         0         0         0         0         0
         0      3401      2503      2303         0         0         0         0
         0         0         0         0         0         0         0         0
         0         0         0         0         0         0         0         0
         0         0      2501      3501      2804      2905      3006         0
         0         0         0         0         0         0         0         0
         0         0         0         0         0         0         0         0
         0         0         0      2601      3601      2703      2904      3005
      3106      3205         0         0         0         0         0         0
         0         0         0         0         0         0         0         0
         0         0         0         0      3701      2803      3004      3105
      3204      3305      2603         0         0         0         0         0
         0         0         0         0         0         0         0         0
         0         0         0         0         0      3801      2903      3104
         0         0         0         0         0         0         0         0
         0         0         0         0         0         0         0         0
         0         0         0         0         0         0      3003      3301
      3203      3404      3803         0         0         0         0         0
         0         0         0         0         0         0         0         0
         0         0         0         0         0         0         0      3001
      3504      3304      3405         0         0         0         0         0
         0         0         0         0         0         0         0         0
         0         0         0         0         0         0         0         0
      3203         0         0         0         0         0         0         0
         0         0         0         0         0         0         0         0
         0         0         0         0         0         0         0         0
         0      3601      3303      3103         0         0         0         0
         0         0         0         0         0         0         0         0
         0         0         0         0         0         0         0         0
         0         0      3301      3604      3705      3203      3404         0
         0         0         0         0         0         0         0         0
         0         0         0         0         0         0         0         0
         0         0         0      3503      3704         0         0         0
         0         0         0         0         0         0         0         0
         0         0         0         0         0         0         0         0
         0         0         0         0      3603      3804      3403         0
         0         0         0         0         0         0         0         0
         0         0         0         0         0         0         0         0
         0         0         0         0         0      3703         0         0
         0         0         0         0         0         0         0         0
         0         0         0         0         0         0         0         0
         0         0         0         0         0         0
->      -2       0       0       0                                 <-   
->       1      12       3       3                                 <-   
SIGNATURE                                                                       
         4         4         4
L_MULTICOMPO
->      -1       0       0       0                                 <-   
