 2017 Evaluated Electron Data Library (EEDL) by D.E. Cullen       2017 0  0    0
 1.000000+3 9.992414-1          0          1         -1          1 100 1451    1
 0.000000+0 0.000000+0          2          2          9          0 100 1451    2
 1.0862-153 1.00000+12 1.000000+3 208008.413 4.326750+7 1.000000+3 100 1451    3
 208008.413 4.326750+7 0.000000+0                                  100 1451    4
                                                                   100 0  0    0
 1.000000+3 9.992414-1          1          1          0          3 10053507    1
 0.000000+0 0.000000+0          2          1          2          1 10053507    2
 1.000000+0 565.958544                                             10053507    3
 0.000000+0 0.000000+0          2          1          2          2 10053507    4
 1.000000+0 9.63457059                                             10053507    5
 0.000000+0 0.000000+0          2          1          2          3 10053507    6
 1.000000+0 8.46342452                                             10053507    7
                                                                   10053  099999
 1.000000+3 9.992414-1          1          1          0          3 10053508    1
 0.000000+0 0.000000+0          2          1          2          1 10053508    2
 1.000000+0 3.593977-3                                             10053508    3
 0.000000+0 0.000000+0          2          1          2          2 10053508    4
 1.000000+0 4.187265-3                                             10053508    5
 0.000000+0 0.000000+0          2          1          2          3 10053508    6
 1.000000+0 0.82351098                                             10053508    7
                                                                   10053  099999
 1.000000+3 9.992414-1          2          1          0          2 10056522    1
 0.000000+0 0.000000+0          3          1          6          2 10056522    2
 4.305949+7 4.305949+7 643.331403 26.5816349 0.000000+0 0.000000+0 10056522    3
                                                                   10056  099999
 1.000000+3 9.992414-1          2          1          0          2 10056525    1
 0.000000+0 0.000000+0          2          1          4          1 10056525    2
 207008.413 207008.413 1142.55482 0.000000+0                       10056525    3
 0.000000+0 0.000000+0          2          2          4          2 10056525    4
 4.305949+7 4.305949+7 0.14036152 0.000000+0                       10056525    5
                                                                   10056  099999
 1.000000+3 9.992414-1          2          1          0          2 10056527    1
 0.000000+0 0.000000+0          2          2          4          2 10056527    2
 4.305949+7 4.305949+7 0.000000+0 0.000000+0                       10056527    3
                                                                   10056  099999
 1.000000+3 9.992414-1          2          1          0          2 10066527    1
 0.000000+0 0.000000+0          2          1          4          1 10066527    2
 207008.413 207008.413 1.862578-6 6.261130-7                       10066527    3
 0.000000+0 0.000000+0          3          1          6          2 10066527    4
 4.305949+7 4.305949+7 4.736745-9 4.658733-9 2.726745-9 2.715048-9 10066527    5
                                                                   10066  099999
 1.000000+3 9.992414-1          1          1          0          2 10056534    1
 0.000000+0 0.000000+0          2          2          2          2 10056534    2
 4.305949+7 0.000000+0                                             10056534    3
                                                                   10056  099999
 1.000000+3 9.992414-1          1          1          0          2 10066534    1
 0.000000+0 0.000000+0          2          2          2          2 10066534    2
 4.305949+7 0.000000+0                                             10066534    3
                                                                   10066  099999
 1.000000+3 9.992414-1          1          1          0          2 10056535    1
 0.000000+0 0.000000+0          2          2          2          2 10056535    2
 4.305949+7 0.000000+0                                             10056535    3
                                                                   10056  099999
 1.000000+3 9.992414-1          1          1          0          2 10066535    1
 0.000000+0 0.000000+0          2          2          2          2 10066535    2
 4.305949+7 0.000000+0                                             10066535    3
                                                                   10066  099999
 1.000000+3 9.992414-1          1          1          0          2 10056536    1
 0.000000+0 0.000000+0          2          2          2          2 10056536    2
 4.305949+7 0.000000+0                                             10056536    3
                                                                   10056  099999
 1.000000+3 9.992414-1          1          1          0          2 10066536    1
 0.000000+0 0.000000+0          2          2          2          2 10066536    2
 4.305949+7 0.000000+0                                             10066536    3
                                                                   10066  099999
 1.000000+3 9.992414-1          1          1          0          2 10056537    1
 0.000000+0 0.000000+0          2          2          2          2 10056537    2
 4.305949+7 0.000000+0                                             10056537    3
                                                                   10056  099999
 1.000000+3 9.992414-1          1          1          0          2 10066537    1
 0.000000+0 0.000000+0          2          2          2          2 10066537    2
 4.305949+7 0.000000+0                                             10066537    3
                                                                   10066  099999
 1.000000+3 9.992414-1          1          1          0          2 10056538    1
 0.000000+0 0.000000+0          2          2          2          2 10056538    2
 4.305949+7 0.000000+0                                             10056538    3
                                                                   10056  099999
 1.000000+3 9.992414-1          1          1          0          2 10066538    1
 0.000000+0 0.000000+0          2          2          2          2 10066538    2
 4.305949+7 0.000000+0                                             10066538    3
                                                                   10066  099999
 1.000000+3 9.992414-1          1          1          0          2 10053501    1
 0.000000+0 0.000000+0          2          1          2          1 10053501    2
 207008.413 1142.55482                                             10053501    3
 0.000000+0 0.000000+0          2          1          2          2 10053501    4
 4.305949+7 0.14036152                                             10053501    5
                                                                   10053  099999
 1.000000+3 9.992414-1          1          1          0          2 10053530    1
 0.000000+0 0.000000+0          2          1          2          2 10053530    2
 4.305949+7-2.660137+0                                             10053530    3
                                                                   10053  099999
 1.000000+3 9.992414-1          1          1          0          2 10053531    1
 0.000000+0 0.000000+0          2          1          2          1 10053531    2
 207008.413-5.560871-3                                             10053531    3
 0.000000+0 0.000000+0          2          1          2          2 10053531    4
 4.305949+7-6.436866+2                                             10053531    5
                                                                   10053  099999
                                                                     0 0  0    0
 8.000000+3 15.8619530          0          1         -1          1 800 1451    1
 0.000000+0 0.000000+0          2          2          9          0 800 1451    2
 1.0862-153 1.00000+12 1.000000+3 208008.413 4.326750+7 1.000000+3 800 1451    3
 208008.413 4.326750+7 0.000000+0                                  800 1451    4
                                                                   800 0  0    0
 8.000000+3 15.8619530          1          1          0          3 80053507    1
 0.000000+0 0.000000+0          2          1          2          1 80053507    2
 1.000000+0 3063.66927                                             80053507    3
 0.000000+0 0.000000+0          2          1          2          2 80053507    4
 1.000000+0 64.2136003                                             80053507    5
 0.000000+0 0.000000+0          2          1          2          3 80053507    6
 1.000000+0 61.3391734                                             80053507    7
                                                                   80053  099999
 8.000000+3 15.8619530          1          1          0          3 80053508    1
 0.000000+0 0.000000+0          2          1          2          1 80053508    2
 1.000000+0 0.15665681                                             80053508    3
 0.000000+0 0.000000+0          2          1          2          2 80053508    4
 1.000000+0 0.15508326                                             80053508    5
 0.000000+0 0.000000+0          2          1          2          3 80053508    6
 1.000000+0 27.1755563                                             80053508    7
                                                                   80053  099999
 8.000000+3 15.8619530          2          1          0          2 80056522    1
 0.000000+0 0.000000+0          3          1          6          2 80056522    2
 4.305949+7 4.305949+7 5146.65123 212.653079 0.000000+0 0.000000+0 80056522    3
                                                                   80056  099999
 8.000000+3 15.8619530          2          1          0          2 80056525    1
 0.000000+0 0.000000+0          2          1          4          1 80056525    2
 207008.413 207008.413 57004.8690 0.000000+0                       80056525    3
 0.000000+0 0.000000+0          2          2          4          2 80056525    4
 4.305949+7 4.305949+7 8.11479369 0.000000+0                       80056525    5
                                                                   80056  099999
 8.000000+3 15.8619530          2          1          0          2 80056527    1
 0.000000+0 0.000000+0          2          2          4          2 80056527    2
 4.305949+7 4.305949+7 0.000000+0 0.000000+0                       80056527    3
                                                                   80056  099999
 8.000000+3 15.8619530          2          1          0          2 80066527    1
 0.000000+0 0.000000+0          2          1          4          1 80066527    2
 207008.413 207008.413 6.828365-5 2.251315-5                       80066527    3
 0.000000+0 0.000000+0          3          1          6          2 80066527    4
 4.305949+7 4.305949+7 1.486824-7 1.461059-7 8.770567-8 8.731447-8 80066527    5
                                                                   80066  099999
 8.000000+3 15.8619530          1          1          0          2 80056534    1
 0.000000+0 0.000000+0          2          2          2          2 80056534    2
 4.305949+7 0.000000+0                                             80056534    3
                                                                   80056  099999
 8.000000+3 15.8619530          1          1          0          2 80066534    1
 0.000000+0 0.000000+0          2          2          2          2 80066534    2
 4.305949+7 0.000000+0                                             80066534    3
                                                                   80066  099999
 8.000000+3 15.8619530          1          1          0          2 80056535    1
 0.000000+0 0.000000+0          2          2          2          2 80056535    2
 4.305949+7 0.000000+0                                             80056535    3
                                                                   80056  099999
 8.000000+3 15.8619530          1          1          0          2 80066535    1
 0.000000+0 0.000000+0          2          2          2          2 80066535    2
 4.305949+7 0.000000+0                                             80066535    3
                                                                   80066  099999
 8.000000+3 15.8619530          1          1          0          2 80056536    1
 0.000000+0 0.000000+0          2          2          2          2 80056536    2
 4.305949+7 0.000000+0                                             80056536    3
                                                                   80056  099999
 8.000000+3 15.8619530          1          1          0          2 80066536    1
 0.000000+0 0.000000+0          2          2          2          2 80066536    2
 4.305949+7 0.000000+0                                             80066536    3
                                                                   80066  099999
 8.000000+3 15.8619530          1          1          0          2 80056537    1
 0.000000+0 0.000000+0          2          2          2          2 80056537    2
 4.305949+7 0.000000+0                                             80056537    3
                                                                   80056  099999
 8.000000+3 15.8619530          1          1          0          2 80066537    1
 0.000000+0 0.000000+0          2          2          2          2 80066537    2
 4.305949+7 0.000000+0                                             80066537    3
                                                                   80066  099999
 8.000000+3 15.8619530          1          1          0          2 80056538    1
 0.000000+0 0.000000+0          2          2          2          2 80056538    2
 4.305949+7 0.000000+0                                             80056538    3
                                                                   80056  099999
 8.000000+3 15.8619530          1          1          0          2 80066538    1
 0.000000+0 0.000000+0          2          2          2          2 80066538    2
 4.305949+7 0.000000+0                                             80066538    3
                                                                   80066  099999
 8.000000+3 15.8619530          1          1          0          2 80053501    1
 0.000000+0 0.000000+0          2          1          2          1 80053501    2
 207008.413 57004.8690                                             80053501    3
 0.000000+0 0.000000+0          2          1          2          2 80053501    4
 4.305949+7 8.11479369                                             80053501    5
                                                                   80053  099999
 8.000000+3 15.8619530          1          1          0          2 80053530    1
 0.000000+0 0.000000+0          2          1          2          2 80053530    2
 4.305949+7-2.683571+1                                             80053530    3
                                                                   80053  099999
 8.000000+3 15.8619530          1          1          0          2 80053531    1
 0.000000+0 0.000000+0          2          1          2          1 80053531    2
 207008.413-2.038662-1                                             80053531    3
 0.000000+0 0.000000+0          2          1          2          2 80053531    4
 4.305949+7-5.158073+3                                             80053531    5
                                                                   80053  099999
                                                                     0 0  0    0
                                                                    -1 0  0    0
