 2017 Evaluated Electron Data Library (EEDL) by D.E. Cullen       2017 0  0    0
 1.000000+3 9.992414-1          0          1         -1          1 100 1451    1
 0.000000+0 0.000000+0          2          0          7          0 100 1451    2
 1.0862-153 1.00000+12 1.000000+3 54772.2558 3.000000+6 0.000000+0 100 1451    3
 0.000000+0                                                        100 1451    4
                                                                   100 0  0    0
 1.000000+3 9.992414-1          1          1          0          3 10053507    1
 0.000000+0 0.000000+0          2          1          2          1 10053507    2
 1.000000+0 565.958544                                             10053507    3
 0.000000+0 0.000000+0          2          1          2          2 10053507    4
 1.000000+0 22.3503709                                             10053507    5
 0.000000+0 0.000000+0          2          1          2          3 10053507    6
 1.000000+0 6.58272331                                             10053507    7
                                                                   10053  099999
 1.000000+3 9.992414-1          1          1          0          3 10053508    1
 0.000000+0 0.000000+0          2          1          2          1 10053508    2
 1.000000+0 3.593977-3                                             10053508    3
 0.000000+0 0.000000+0          2          1          2          2 10053508    4
 1.000000+0 3.404700-3                                             10053508    5
 0.000000+0 0.000000+0          2          1          2          3 10053508    6
 1.000000+0 3.556847-2                                             10053508    7
                                                                   10053  099999
 1.000000+3 9.992414-1          2          1          0          2 10056522    1
 0.000000+0 0.000000+0          3          1          6          2 10056522    2
 2945227.74 2945227.74 348.249828 29.0446593 0.000000+0 0.000000+0 10056522    3
                                                                   10056  099999
 1.000000+3 9.992414-1          2          1          0          2 10056525    1
 0.000000+0 0.000000+0          2          1          4          1 10056525    2
 53772.2558 53772.2558 3897.07667 0.000000+0                       10056525    3
 0.000000+0 0.000000+0          2          2          4          2 10056525    4
 2945227.74 2945227.74 3.26276796 0.000000+0                       10056525    5
                                                                   10056  099999
 1.000000+3 9.992414-1          2          1          0          2 10056527    1
 0.000000+0 0.000000+0          2          2          4          2 10056527    2
 2945227.74 2945227.74 0.000000+0 0.000000+0                       10056527    3
                                                                   10056  099999
 1.000000+3 9.992414-1          1          1          0          2 10056534    1
 0.000000+0 0.000000+0          2          2          2          2 10056534    2
 2945227.74 0.000000+0                                             10056534    3
                                                                   10056  099999
 1.000000+3 9.992414-1          1          1          0          2 10056535    1
 0.000000+0 0.000000+0          2          2          2          2 10056535    2
 2945227.74 0.000000+0                                             10056535    3
                                                                   10056  099999
 1.000000+3 9.992414-1          1          1          0          2 10056536    1
 0.000000+0 0.000000+0          2          2          2          2 10056536    2
 2945227.74 0.000000+0                                             10056536    3
                                                                   10056  099999
 1.000000+3 9.992414-1          1          1          0          2 10056537    1
 0.000000+0 0.000000+0          2          2          2          2 10056537    2
 2945227.74 0.000000+0                                             10056537    3
                                                                   10056  099999
 1.000000+3 9.992414-1          1          1          0          2 10056538    1
 0.000000+0 0.000000+0          2          2          2          2 10056538    2
 2945227.74 0.000000+0                                             10056538    3
                                                                   10056  099999
 1.000000+3 9.992414-1          1          1          0          2 10053501    1
 0.000000+0 0.000000+0          2          1          2          1 10053501    2
 53772.2558 3897.07667                                             10053501    3
 0.000000+0 0.000000+0          2          1          2          2 10053501    4
 2945227.74 3.26276796                                             10053501    5
                                                                   10053  099999
 1.000000+3 9.992414-1          1          1          0          2 10053530    1
 0.000000+0 0.000000+0          2          1          2          2 10053530    2
 2945227.74 4.85986273                                             10053530    3
                                                                   10053  099999
 1.000000+3 9.992414-1          1          1          0          2 10053531    1
 0.000000+0 0.000000+0          2          1          2          2 10053531    2
 2945227.74-3.482498+2                                             10053531    3
                                                                   10053  099999
                                                                     0 0  0    0
 8.000000+3 15.8619530          0          1         -1          1 800 1451    1
 0.000000+0 0.000000+0          2          0          7          0 800 1451    2
 1.0862-153 1.00000+12 1.000000+3 54772.2558 3.000000+6 0.000000+0 800 1451    3
 0.000000+0                                                        800 1451    4
                                                                   800 0  0    0
 8.000000+3 15.8619530          1          1          0          3 80053507    1
 0.000000+0 0.000000+0          2          1          2          1 80053507    2
 1.000000+0 3063.66927                                             80053507    3
 0.000000+0 0.000000+0          2          1          2          2 80053507    4
 1.000000+0 144.246769                                             80053507    5
 0.000000+0 0.000000+0          2          1          2          3 80053507    6
 1.000000+0 46.1571184                                             80053507    7
                                                                   80053  099999
 8.000000+3 15.8619530          1          1          0          3 80053508    1
 0.000000+0 0.000000+0          2          1          2          1 80053508    2
 1.000000+0 0.15665681                                             80053508    3
 0.000000+0 0.000000+0          2          1          2          2 80053508    4
 1.000000+0 1.342414-1                                             80053508    5
 0.000000+0 0.000000+0          2          1          2          3 80053508    6
 1.000000+0 1.23381723                                             80053508    7
                                                                   80053  099999
 8.000000+3 15.8619530          2          1          0          2 80056522    1
 0.000000+0 0.000000+0          3          1          6          2 80056522    2
 2945227.74 2945227.74 2785.99863 232.357274 0.000000+0 0.000000+0 80056522    3
                                                                   80056  099999
 8.000000+3 15.8619530          2          1          0          2 80056525    1
 0.000000+0 0.000000+0          2          1          4          1 80056525    2
 53772.2558 53772.2558 188717.515 0.000000+0                       80056525    3
 0.000000+0 0.000000+0          2          2          4          2 80056525    4
 2945227.74 2945227.74 182.366213 0.000000+0                       80056525    5
                                                                   80056  099999
 8.000000+3 15.8619530          2          1          0          2 80056527    1
 0.000000+0 0.000000+0          2          2          4          2 80056527    2
 2945227.74 2945227.74 0.000000+0 0.000000+0                       80056527    3
                                                                   80056  099999
 8.000000+3 15.8619530          1          1          0          2 80056534    1
 0.000000+0 0.000000+0          2          2          2          2 80056534    2
 2945227.74 0.000000+0                                             80056534    3
                                                                   80056  099999
 8.000000+3 15.8619530          1          1          0          2 80056535    1
 0.000000+0 0.000000+0          2          2          2          2 80056535    2
 2945227.74 0.000000+0                                             80056535    3
                                                                   80056  099999
 8.000000+3 15.8619530          1          1          0          2 80056536    1
 0.000000+0 0.000000+0          2          2          2          2 80056536    2
 2945227.74 0.000000+0                                             80056536    3
                                                                   80056  099999
 8.000000+3 15.8619530          1          1          0          2 80056537    1
 0.000000+0 0.000000+0          2          2          2          2 80056537    2
 2945227.74 0.000000+0                                             80056537    3
                                                                   80056  099999
 8.000000+3 15.8619530          1          1          0          2 80056538    1
 0.000000+0 0.000000+0          2          2          2          2 80056538    2
 2945227.74 0.000000+0                                             80056538    3
                                                                   80056  099999
 8.000000+3 15.8619530          1          1          0          2 80053501    1
 0.000000+0 0.000000+0          2          1          2          1 80053501    2
 53772.2558 188717.515                                             80053501    3
 0.000000+0 0.000000+0          2          1          2          2 80053501    4
 2945227.74 182.366213                                             80053501    5
                                                                   80053  099999
 8.000000+3 15.8619530          1          1          0          2 80053530    1
 0.000000+0 0.000000+0          2          1          2          2 80053530    2
 2945227.74 29.7941879                                             80053530    3
                                                                   80053  099999
 8.000000+3 15.8619530          1          1          0          2 80053531    1
 0.000000+0 0.000000+0          2          1          2          2 80053531    2
 2945227.74-2.785999+3                                             80053531    3
                                                                   80053  099999
                                                                     0 0  0    0
                                                                    -1 0  0    0
