 0v   matxs *cepxsr-njoy     *     1
 1d        2     2     9     2  5000    25
 2d 
water-electron-library-P1-2Ne-2Ng                                       
 3d     b       g       bscat   bgamma  h       o       
     2     2     1     1     1     2     2     2     0     9
 4d          3.00000E+06 5.47723E+03 1.00000E+03
 4d          3.00000E+06 5.47723E+04 1.00000E+03
 5d h        9.99241E-01
 0.00000E+00 1.00000E+12     1     6     2     0
 0.00000E+00 1.00000E+12     2     0     1     6
 6d     bstc    bstr    bwt0    btot0   bheat   bchar   
     1     1     1     1     1     1     3     3     2     2     1     2
 7d          6.58272E+00 2.23504E+01 5.65959E+02 3.55685E-02 3.40470E-03
 3.59398E-03 2.94523E+06 5.37723E+04 3.26277E+00 3.89708E+03 4.85986E+00
-3.48273E+02-4.38432E-03
 8d     binch   
     2     0     1     1     1     1
 9d          0.00000E+00 0.00000E+00 3.48250E+02 2.90447E+01
 8d     belas   
     2     0     1     1     1     2
 9d          3.26277E+00 0.00000E+00 3.89708E+03 0.00000E+00
 8d     bbrem   
     2     0     1     2     1     2
 9d          1.82813E-08 1.61606E-08 1.10170E-05 4.97756E-08 2.10482E-06
 4.03490E-08
 5d o        1.58620E+01
 0.00000E+00 1.00000E+12     1     6     2     0
 0.00000E+00 1.00000E+12     2     0     1     6
 6d     bstc    bstr    bwt0    btot0   bheat   bchar   
     1     1     1     1     1     1     3     3     2     2     1     2
 7d          4.61571E+01 1.44247E+02 3.06367E+03 1.23382E+00 1.34241E-01
 1.56657E-01 2.94523E+06 5.37723E+04 1.82366E+02 1.88718E+05 2.97942E+01
-2.78678E+03-1.70902E-01
 8d     binch   
     2     0     1     1     1     1
 9d          0.00000E+00 0.00000E+00 2.78600E+03 2.32357E+02
 8d     belas   
     2     0     1     1     1     2
 9d          1.82366E+02 0.00000E+00 1.88718E+05 0.00000E+00
 8d     bbrem   
     2     0     1     2     1     2
 9d          6.28310E-07 5.53751E-07 4.29447E-04 1.62113E-06 8.04575E-05
 1.30424E-06
