 0v   matxs *cepxsr-njoy     *     1
 1d        1     1     9     2  5000    20
 2d 
water-electron-library-P1-2Ne-0Ng                                       
 3d     b       bscat   h       o       
     2     1     1     1     1     0     7
 4d          3.00000E+06 5.47723E+03 1.00000E+03
 5d h        9.99241E-01
 0.00000E+00 1.00000E+12     1     6     2     0
 6d     bstc    bstr    bwt0    btot0   bheat   bchar   
     1     1     1     1     1     1     3     3     2     2     1     1
 7d          6.58272E+00 2.23504E+01 5.65959E+02 3.55685E-02 3.40470E-03
 3.59398E-03 2.94523E+06 5.37723E+04 3.26277E+00 3.89708E+03 4.85986E+00
-3.48250E+02
 8d     binch   
     2     0     1     1     1     1
 9d          0.00000E+00 0.00000E+00 3.48250E+02 2.90447E+01
 8d     belas   
     2     0     1     1     1     2
 9d          3.26277E+00 0.00000E+00 3.89708E+03 0.00000E+00
 5d o        1.58620E+01
 0.00000E+00 1.00000E+12     1     6     2     0
 6d     bstc    bstr    bwt0    btot0   bheat   bchar   
     1     1     1     1     1     1     3     3     2     2     1     1
 7d          4.61571E+01 1.44247E+02 3.06367E+03 1.23382E+00 1.34241E-01
 1.56657E-01 2.94523E+06 5.37723E+04 1.82366E+02 1.88718E+05 2.97942E+01
-2.78600E+03
 8d     binch   
     2     0     1     1     1     1
 9d          0.00000E+00 0.00000E+00 2.78600E+03 2.32357E+02
 8d     belas   
     2     0     1     1     1     2
 9d          1.82366E+02 0.00000E+00 1.88718E+05 0.00000E+00
